522
   0    0     -1.569     -0.451      0.000 4
   1    1     -1.564      0.455      0.000 4
   2    2     -1.564      0.865      0.000 4
   3    4     -1.551     -0.984      0.000 4
   4    6     -1.543      0.376      0.000 4
  -1   -2     -1.535      1.171      0.000 4
   5   10     -1.526      0.054      0.000 4
   6   11     -1.516     -0.509      0.000 4
  18   -2     -1.505     -0.979      0.000 4
  10   16     -1.491      0.008      0.000 4
  12   14     -1.489      0.904      0.000 4
  11   15     -1.488     -0.041      0.000 4
  13   17     -1.484      0.204      0.000 4
  15   18     -1.479      0.819      0.000 4
  16   19     -1.476     -0.546      0.000 4
  17   20     -1.471      0.779      0.000 4
  -1   21     -1.469     -1.128      0.000 4
  19   22     -1.464     -0.807      0.000 4
  20   23     -1.462      0.953      0.000 4
  21   -2     -1.437      0.496      0.000 4
  22   29     -1.428     -0.050      0.000 4
  -1   25     -1.423      0.696      0.000 4
  23   24     -1.423     -1.169      0.000 4
   9   -2     -1.418     -0.706      0.000 4
  26   27     -1.416      0.864      0.000 4
  28   30     -1.411     -0.464      0.000 4
  30   33     -1.386     -0.186      0.000 4
  24   39     -1.362     -0.963      0.000 4
  33   40     -1.333      1.096      0.000 4
  35   -2     -1.331     -1.042      0.000 4
  34   41     -1.329      0.482      0.000 4
  -1   38     -1.325      0.045      0.000 4
  37   42     -1.316     -0.668      0.000 4
  38   -2     -1.303     -1.077      0.000 4
  39   46     -1.300     -0.148      0.000 4
  40   45     -1.298     -0.779      0.000 4
  41   47     -1.296      0.747      0.000 4
  -1   50     -1.295     -0.967      0.000 4
  -1   66     -1.291     -1.173      0.000 4
  -1   -2     -1.286     -0.725      0.000 4
  43   49     -1.280     -0.442      0.000 4
  44   51     -1.275      0.849      0.000 4
  -1   44     -1.275     -1.131      0.000 4
  46   -2     -1.275     -0.988      0.000 4
  45   52     -1.273      0.464      0.000 4
  -1   -2     -1.269      1.074      0.000 4
  53   53     -1.263      0.966      0.000 4
  51   56     -1.242      0.752      0.000 4
  50   58     -1.241     -0.351      0.000 4
  52   59     -1.240      0.549      0.000 4
  57   -2     -1.238     -1.170      0.000 4
  56   60     -1.237     -0.780      0.000 4
  59   61     -1.235      1.141      0.000 4
  54   62     -1.235     -0.203      0.000 4
  55   64     -1.234      0.446      0.000 4
  58   63     -1.233     -0.457      0.000 4
  60   69     -1.208      0.383      0.000 4
  63   67     -1.206     -0.988      0.000 4
  -1   71     -1.205     -0.222      0.000 4
  61   70     -1.203      0.787      0.000 4
  -1   -2     -1.203      0.757      0.000 4
  64   72     -1.200     -0.265      0.000 4
  -1   54     -1.193      1.053      0.000 4
  -1   73     -1.191     -1.154      0.000 4
  65   76     -1.188      0.651      0.000 4
  67   74     -1.188     -0.572      0.000 4
  70   78     -1.156      1.118      0.000 4
  69   79     -1.155      0.335      0.000 4
  73   80     -1.147      1.159      0.000 4
  71   82     -1.145      0.892      0.000 4
  76   83     -1.136     -1.006      0.000 4
  74   84     -1.135     -0.105      0.000 4
  75   85     -1.134     -0.498      0.000 4
  79   87     -1.105     -1.177      0.000 4
  77   86     -1.101      1.145      0.000 4
  78   88     -1.099      0.614      0.000 4
  80   89     -1.078     -0.148      0.000 4
  81   93     -1.073     -0.015      0.000 4
  86   98     -1.071      0.349      0.000 4
  83   91     -1.071     -0.824      0.000 4
  82   90     -1.068     -0.054      0.000 4
  66   -2     -1.066     -1.138      0.000 4
  87   96     -1.054     -0.232      0.000 4
  90   97     -1.047      0.979      0.000 4
  92   -2     -1.037      0.433      0.000 4
  -1  100     -1.033     -0.027      0.000 4
  88   -2     -1.032      0.324      0.000 4
  93  101     -1.024      0.407      0.000 4
  94   -2     -1.019      0.721      0.000 4
  96  104     -1.008     -0.057      0.000 4
  89  118     -1.007     -0.960      0.000 4
  99  106     -1.001      0.038      0.000 4
 100  105     -1.001      1.094      0.000 4
 101  107     -0.997     -0.469      0.000 4
 102   -2     -0.993      0.389      0.000 4
 111   92     -0.989     -1.167      0.000 4
 103  108     -0.974      0.141      0.000 4
 104   -2     -0.963     -0.510      0.000 4
 105  111     -0.960      0.749      0.000 4
 106   -2     -0.956     -0.831      0.000 4
 107  113     -0.955     -0.647      0.000 4
  -1  112     -0.952     -0.977      0.000 4
 110  114     -0.950     -1.020      0.000 4
 109  115     -0.947     -0.146      0.000 4
 108  116     -0.943      0.619      0.000 4
  -1  117     -0.932     -1.084      0.000 4
 113  119     -0.923     -0.099      0.000 4
 114  120     -0.918     -0.729      0.000 4
 116  121     -0.916     -0.784      0.000 4
 115  122     -0.915     -0.451      0.000 4
  -1  124     -0.914      0.067      0.000 4
  -1  129     -0.913      0.805      0.000 4
 118  123     -0.911     -1.016      0.000 4
  -1  125     -0.908     -0.299      0.000 4
 119  126     -0.903      1.122      0.000 4
 120   -2     -0.899     -1.085      0.000 4
 123  110     -0.889     -1.172      0.000 4
  -1   -2     -0.877     -1.120      0.000 4
 122  130     -0.863      0.879      0.000 4
  -1   -2     -0.849     -0.477      0.000 4
  -1  131     -0.841      1.053      0.000 4
 124  132     -0.839     -0.768      0.000 4
 125  133     -0.835      0.987      0.000 4
 131   -2     -0.835      0.711      0.000 4
  -1  127     -0.834     -1.170      0.000 4
 126  134     -0.830     -0.285      0.000 4
  -1  141     -0.825      0.830      0.000 4
 129  135     -0.823      1.095      0.000 4
 130  136     -0.819     -0.540      0.000 4
 127  137     -0.819      0.049      0.000 4
  -1  156     -0.817      0.511      0.000 4
 132  140     -0.807     -0.937      0.000 4
 133  139     -0.802     -0.253      0.000 4
 134  144     -0.791      0.321      0.000 4
 137   -2     -0.788      0.839      0.000 4
  -1   -2     -0.788     -0.737      0.000 4
  -1  143     -0.780      0.952      0.000 4
 140  146     -0.775     -0.397      0.000 4
 141  145     -0.772     -0.670      0.000 4
 142  147     -0.755     -0.941      0.000 4
 145   -2     -0.752     -1.157      0.000 4
 143  148     -0.751     -0.510      0.000 4
  -1   -2     -0.746      0.580      0.000 4
 144  149     -0.745     -0.204      0.000 4
 147  150     -0.742     -0.472      0.000 4
 146  151     -0.742      0.434      0.000 4
 149  155     -0.730      0.079      0.000 4
 136  168     -0.730     -0.967      0.000 4
 150   -2     -0.727      0.489      0.000 4
 148  154     -0.725     -1.082      0.000 4
 152  157     -0.724      0.174      0.000 4
 153  158     -0.712      1.015      0.000 4
 154  159     -0.709     -1.013      0.000 4
  -1  160     -0.704      0.801      0.000 4
 155  161     -0.703     -0.253      0.000 4
 156  162     -0.700      0.836      0.000 4
 157  163     -0.698     -0.030      0.000 4
 158  164     -0.693     -0.727      0.000 4
 159  165     -0.691     -0.460      0.000 4
 160  167     -0.687      0.605      0.000 4
  -1   -2     -0.685     -1.056      0.000 4
 167  166     -0.681     -1.175      0.000 4
 163  169     -0.672     -0.099      0.000 4
  -1   -2     -0.668      0.117      0.000 4
 164  170     -0.653     -0.719      0.000 4
 165  172     -0.644      1.076      0.000 4
 166  174     -0.640     -0.235      0.000 4
 168  175     -0.628      0.390      0.000 4
 169  176     -0.621     -0.965      0.000 4
  -1  177     -0.610      1.169      0.000 4
 162   -2     -0.608     -1.041      0.000 4
 171  179     -0.601      0.279      0.000 4
 172  180     -0.600      0.960      0.000 4
  -1  181     -0.593     -0.050      0.000 4
 173  183     -0.582     -0.137      0.000 4
 174  184     -0.580     -0.594      0.000 4
 175  185     -0.574      0.436      0.000 4
  -1  189     -0.573     -0.283      0.000 4
 178  187     -0.557      0.855      0.000 4
 177   -2     -0.556     -0.225      0.000 4
 181  188     -0.554     -1.171      0.000 4
 179  191     -0.546     -0.193      0.000 4
 191  178     -0.537     -1.089      0.000 4
 180  194     -0.537      0.638      0.000 4
 183  195     -0.533      1.070      0.000 4
 182  196     -0.531      0.774      0.000 4
 184  197     -0.527     -0.673      0.000 4
 185  198     -0.517     -0.503      0.000 4
 186  200     -0.506      0.609      0.000 4
  -1  192     -0.500      0.558      0.000 4
 188  201     -0.486     -0.724      0.000 4
 189  203     -0.485      0.257      0.000 4
 190  202     -0.482     -0.553      0.000 4
 192  204     -0.467     -0.834      0.000 4
 193  205     -0.461      0.435      0.000 4
 194   -2     -0.456     -0.615      0.000 4
 197  207     -0.440      0.723      0.000 4
 196  208     -0.440     -0.455      0.000 4
 198  210     -0.439     -0.133      0.000 4
  -1   -2     -0.429      0.399      0.000 4
 199  212     -0.428      1.057      0.000 4
 200  213     -0.423      0.827      0.000 4
 201   -2     -0.418      0.334      0.000 4
 202  215     -0.414      0.896      0.000 4
 187   -2     -0.412     -0.361      0.000 4
 205  216     -0.408     -0.820      0.000 4
 204  217     -0.408      0.647      0.000 4
 207  219     -0.386     -0.295      0.000 4
 214   -2     -0.379      0.412      0.000 4
  -1  214     -0.377      0.272      0.000 4
 208  206     -0.374     -0.600      0.000 4
 209  221     -0.358      0.625      0.000 4
 203   -2     -0.353     -1.167      0.000 4
 211  222     -0.350      0.591      0.000 4
 213  226     -0.345     -0.764      0.000 4
 216  228     -0.334     -0.522      0.000 4
 217  227     -0.332      1.066      0.000 4
 218  229     -0.318     -0.808      0.000 4
 219  231     -0.316      0.075      0.000 4
 220  232     -0.312      0.554      0.000 4
  -1   -2     -0.293     -0.687      0.000 4
 225  220     -0.287     -1.169      0.000 4
 223  235     -0.271     -0.882      0.000 4
 221   -2     -0.263     -0.115      0.000 4
 226  244     -0.252     -0.608      0.000 4
  -1   -2     -0.251      0.845      0.000 4
 227  238     -0.246     -0.996      0.000 4
 229  239     -0.241      0.299      0.000 4
 231  241     -0.233     -0.039      0.000 4
 232  242     -0.231      0.372      0.000 4
 228  249     -0.223     -1.096      0.000 4
  -1  236     -0.215     -1.172      0.000 4
 222   -2     -0.214     -0.480      0.000 4
 235   -2     -0.213     -0.577      0.000 4
 236  246     -0.213     -0.210      0.000 4
 237  247     -0.212      0.254      0.000 4
 238   -2     -0.212     -1.063      0.000 4
 239  248     -0.203      0.469      0.000 4
 240  250     -0.189      0.183      0.000 4
 233   -2     -0.185     -1.067      0.000 4
 241  251     -0.183     -0.093      0.000 4
 243  252     -0.179      1.035      0.000 4
 244  253     -0.178     -0.981      0.000 4
 245  256     -0.156     -0.211      0.000 4
 246  257     -0.154      0.268      0.000 4
 248  258     -0.152     -0.793      0.000 4
 247   -2     -0.151     -0.611      0.000 4
  -1   -2     -0.144      0.519      0.000 4
 250  259     -0.139     -0.444      0.000 4
 251   -2     -0.136     -0.197      0.000 4
 252  254     -0.131      0.015      0.000 4
  -1  260     -0.127     -1.128      0.000 4
 253  262     -0.124      0.438      0.000 4
  -1  263     -0.122      0.849      0.000 4
 254  264     -0.122      1.036      0.000 4
 255  266     -0.105     -0.276      0.000 4
 256  267     -0.096      0.878      0.000 4
 260  269     -0.080     -1.108      0.000 4
 258  271     -0.079     -0.071      0.000 4
 261  270     -0.077     -0.316      0.000 4
 263  272     -0.071      0.984      0.000 4
 264  274     -0.063      0.237      0.000 4
 265  275     -0.054      0.419      0.000 4
 284   -2     -0.053      1.098      0.000 4
  -1  288     -0.049     -1.003      0.000 4
 266  276     -0.045      0.053      0.000 4
 267  278     -0.042      0.277      0.000 4
 273  279     -0.030      0.920      0.000 4
 274  281     -0.009      0.423      0.000 4
 275  282     -0.008      0.254      0.000 4
  -1  284     -0.006     -0.009      0.000 4
 277  285     -0.005      0.726      0.000 4
 278  287     -0.001     -0.031      0.000 4
 279  286      0.002      0.114      0.000 4
  -1   -2      0.004     -1.026      0.000 4
 280   -2      0.008     -0.967      0.000 4
 262   -2      0.012     -1.168      0.000 4
  -1  294      0.029     -0.656      0.000 4
 282  289      0.035      0.475      0.000 4
 292   -2      0.048     -1.008      0.000 4
 286  291      0.049      0.663      0.000 4
  -1  293      0.053      0.127      0.000 4
 287  295      0.057     -0.814      0.000 4
 288   -2      0.058     -0.665      0.000 4
 289  302      0.061      0.888      0.000 4
  -1   -2      0.062      0.580      0.000 4
 301  280      0.065      1.002      0.000 4
 293  297      0.067     -0.016      0.000 4
 291  298      0.068      0.097      0.000 4
 295  300      0.081      0.331      0.000 4
 297  303      0.097     -0.165      0.000 4
 298   -2      0.101      0.300      0.000 4
 299  305      0.104     -1.045      0.000 4
 300  308      0.129     -0.314      0.000 4
 302  307      0.131     -0.399      0.000 4
 303   -2      0.134     -1.125      0.000 4
 305  309      0.141      0.618      0.000 4
 306  310      0.143     -0.461      0.000 4
 317  304      0.145     -1.168      0.000 4
 307  311      0.147     -0.963      0.000 4
 309  314      0.169      0.776      0.000 4
 310  315      0.175      0.273      0.000 4
  -1  316      0.181     -0.478      0.000 4
 319  313      0.194     -0.298      0.000 4
  -1   -2      0.197     -1.172      0.000 4
 313   -2      0.203     -1.149      0.000 4
 314  320      0.213     -0.757      0.000 4
 322  317      0.216     -0.961      0.000 4
 315  321      0.217      0.974      0.000 4
 318  322      0.223      0.040      0.000 4
 321  323      0.228     -0.640      0.000 4
 324  325      0.235      0.408      0.000 4
 325   -2      0.248      0.960      0.000 4
 327  326      0.250     -0.084      0.000 4
 328  329      0.272     -1.121      0.000 4
 312  340      0.278     -0.239      0.000 4
 335  327      0.282     -1.170      0.000 4
 323  347      0.291      0.717      0.000 4
 332  332      0.294     -0.617      0.000 4
 333  333      0.300      0.909      0.000 4
 336  335      0.309      0.841      0.000 4
 339  337      0.315      0.189      0.000 4
 343  342      0.358     -0.956      0.000 4
 344  343      0.361     -0.123      0.000 4
 345  344      0.364      1.042      0.000 4
 346  345      0.367      0.058      0.000 4
 347  346      0.374     -1.020      0.000 4
 349   -2      0.394     -1.176      0.000 4
 350  349      0.399     -0.609      0.000 4
  -1  348      0.400      0.149      0.000 4
  -1  354      0.401     -0.765      0.000 4
 351  350      0.403      0.812      0.000 4
 352  351      0.404     -0.283      0.000 4
 353  352      0.417     -0.907      0.000 4
 354   -2      0.425      0.867      0.000 4
 355  353      0.435     -1.163      0.000 4
 356   -2      0.440     -0.694      0.000 4
 357  355      0.448     -0.297      0.000 4
  -1   -2      0.462      0.180      0.000 4
 359  356      0.468     -0.508      0.000 4
 361  357      0.474      0.223      0.000 4
 360  358      0.474      1.143      0.000 4
 362  359      0.477      0.967      0.000 4
 364   -2      0.479     -1.124      0.000 4
 363  360      0.479     -0.926      0.000 4
 365  361      0.485      0.131      0.000 4
 366  362      0.489      0.667      0.000 4
 372   -2      0.496     -0.458      0.000 4
 367  369      0.505     -1.161      0.000 4
 358   -2      0.521      0.007      0.000 4
  -1   -2      0.523      0.765      0.000 4
 371  367      0.527     -0.634      0.000 4
  -1  368      0.528     -0.321      0.000 4
 379   -2      0.537     -1.110      0.000 4
 373  380      0.544      1.067      0.000 4
 375  370      0.556     -0.492      0.000 4
 369  388      0.563     -0.760      0.000 4
 377  372      0.566      0.562      0.000 4
  -1  374      0.571      0.462      0.000 4
 384   -2      0.572      0.415      0.000 4
 381  377      0.574      0.238      0.000 4
  -1  378      0.577     -0.811      0.000 4
 382  376      0.578     -0.269      0.000 4
  -1  381      0.587      0.690      0.000 4
 386  382      0.592     -0.019      0.000 4
 389  384      0.612      0.581      0.000 4
 390  385      0.617     -0.463      0.000 4
 391  387      0.618     -0.861      0.000 4
 393  391      0.619     -1.010      0.000 4
 401  379      0.619      0.237      0.000 4
  -1   -2      0.623     -0.766      0.000 4
  -1   -2      0.623     -1.065      0.000 4
 394  390      0.628      1.069      0.000 4
 392  393      0.630     -1.170      0.000 4
  -1   -2      0.635      0.368      0.000 4
 396  395      0.652     -0.631      0.000 4
 397  394      0.652      0.825      0.000 4
 399  397      0.665     -0.729      0.000 4
 400  398      0.668      0.709      0.000 4
 402  399      0.684     -0.931      0.000 4
  -1  401      0.696      0.971      0.000 4
 404  400      0.697     -0.034      0.000 4
 405  402      0.706     -1.169      0.000 4
  -1  404      0.706     -1.048      0.000 4
  -1  403      0.707     -0.210      0.000 4
 406  406      0.718      0.636      0.000 4
  -1  407      0.725      0.384      0.000 4
  -1  408      0.725     -0.917      0.000 4
 407  410      0.729     -1.000      0.000 4
 408  409      0.730      0.415      0.000 4
 409   -2      0.732     -0.774      0.000 4
 411  413      0.747      0.991      0.000 4
 412  414      0.747     -0.409      0.000 4
  -1  416      0.755     -1.052      0.000 4
 413  415      0.761      0.755      0.000 4
  -1  411      0.762     -0.819      0.000 4
 416  405      0.769     -0.580      0.000 4
 415  417      0.769      0.680      0.000 4
 414  424      0.770     -1.007      0.000 4
  -1  438      0.775      0.252      0.000 4
 418  420      0.782     -0.232      0.000 4
 419   -2      0.790     -0.976      0.000 4
  -1   -2      0.790      1.069      0.000 4
 420  422      0.790      0.900      0.000 4
 421  425      0.793      0.379      0.000 4
  -1  423      0.807      1.154      0.000 4
 423   -2      0.821     -1.101      0.000 4
 424   -2      0.824     -0.775      0.000 4
 426  428      0.826     -0.339      0.000 4
 425  429      0.826     -0.596      0.000 4
 427  431      0.838     -1.043      0.000 4
 428   -2      0.842     -1.080      0.000 4
 431  427      0.852     -0.848      0.000 4
 432  430      0.868     -1.127      0.000 4
  -1   -2      0.876     -1.163      0.000 4
 434  436      0.877      1.082      0.000 4
 435  437      0.882     -0.776      0.000 4
 436   -2      0.896      0.196      0.000 4
  -1   -2      0.900     -0.046      0.000 4
  -1  455      0.900     -0.448      0.000 4
 439  442      0.924     -0.876      0.000 4
 440  443      0.931     -0.605      0.000 4
 441  444      0.941      0.526      0.000 4
 442  447      0.948     -0.814      0.000 4
 445  446      0.949      0.768      0.000 4
 443  448      0.949      1.055      0.000 4
 444  450      0.952      0.942      0.000 4
 446  449      0.953      0.311      0.000 4
 447  451      0.954      0.268      0.000 4
 448  453      0.957      0.985      0.000 4
 449  452      0.962     -0.887      0.000 4
  -1  435      0.977     -1.171      0.000 4
 450  454      0.988     -0.065      0.000 4
 451   -2      0.993     -0.472      0.000 4
 452  457      1.001     -0.564      0.000 4
 453  458      1.008     -0.283      0.000 4
 454  459      1.020      0.053      0.000 4
 458  470      1.031     -0.181      0.000 4
 457  461      1.040      0.669      0.000 4
 460  462      1.052      0.616      0.000 4
 459  465      1.056     -0.353      0.000 4
 461  464      1.059      0.568      0.000 4
 462  466      1.060      0.115      0.000 4
 463   -2      1.071     -0.121      0.000 4
 478   -2      1.072      0.721      0.000 4
 464  469      1.073      0.182      0.000 4
  -1  468      1.075      0.442      0.000 4
 465  471      1.080     -0.649      0.000 4
 467  472      1.086      0.360      0.000 4
 468  473      1.090     -0.296      0.000 4
 469  474      1.103     -1.064      0.000 4
  -1  475      1.111     -1.107      0.000 4
 470  476      1.114     -0.199      0.000 4
 472  477      1.123      0.185      0.000 4
 471  478      1.124     -1.173      0.000 4
 473  479      1.131     -0.019      0.000 4
 474  481      1.140     -0.735      0.000 4
 475  480      1.141     -0.296      0.000 4
  -1  482      1.145      1.001      0.000 4
  -1  483      1.147     -0.395      0.000 4
 476  484      1.149      0.471      0.000 4
  -1  485      1.156      0.929      0.000 4
  -1   -2      1.160      0.715      0.000 4
 477  486      1.160     -0.972      0.000 4
 479  488      1.165     -0.883      0.000 4
 480  487      1.166      0.405      0.000 4
  -1  496      1.173     -0.662      0.000 4
 481  490      1.175     -0.086      0.000 4
  -1   -2      1.182     -0.046      0.000 4
 482  491      1.184      1.010      0.000 4
 483  492      1.187      0.803      0.000 4
 484  493      1.193      0.632      0.000 4
 486   -2      1.214     -0.657      0.000 4
 488  497      1.219     -0.061      0.000 4
 489   -2      1.227     -1.053      0.000 4
 494  498      1.259      0.223      0.000 4
 493  499      1.267      0.050      0.000 4
 492  507      1.268     -1.001      0.000 4
 496  502      1.281     -0.624      0.000 4
 497  501      1.283      0.883      0.000 4
 491  510      1.285     -1.173      0.000 4
  -1  503      1.286     -0.702      0.000 4
  -1   -2      1.287      0.994      0.000 4
  -1  495      1.290      0.725      0.000 4
 501   -2      1.296     -0.298      0.000 4
 500  504      1.297     -0.485      0.000 4
 499  505      1.302     -1.120      0.000 4
 502  506      1.309      1.034      0.000 4
 506   -2      1.318     -0.964      0.000 4
 507  508      1.325     -0.650      0.000 4
 511  511      1.356      0.247      0.000 4
 508  512      1.356     -0.633      0.000 4
 503  513      1.360     -0.726      0.000 4
 512  514      1.370     -1.107      0.000 4
 513  515      1.375     -0.892      0.000 4
 514   -2      1.380     -1.169      0.000 4
  -1  517      1.380      0.584      0.000 4
  -1   -2      1.390      0.414      0.000 4
  -1  520      1.392      1.163      0.000 4
 515  518      1.392      0.272      0.000 4
 517  521      1.413     -1.127      0.000 4
 519   -2      1.424     -0.321      0.000 4
 518  522      1.425      0.412      0.000 4
  -1  524      1.450     -1.174      0.000 4
 520   -2      1.456     -0.641      0.000 4
 521  526      1.461     -0.498      0.000 4
 522  527      1.467     -0.568      0.000 4
 524  528      1.472     -0.382      0.000 4
 527  530      1.496     -0.955      0.000 4
 530  532      1.498      0.156      0.000 4
 531  533      1.510     -0.312      0.000 4
  -1  525      1.517     -0.642      0.000 4
 532   -2      1.529      0.681      0.000 4
 533  535      1.537      0.242      0.000 4
 534  536      1.541     -1.175      0.000 4
 536   -2      1.545     -0.668      0.000 4
 537  537      1.551      0.606      0.000 4
  -1   -2      1.558     -0.417      0.000 4
  -1  539      1.561     -1.132      0.000 4
 538  538      1.562     -0.339      0.000 4
 541  540      1.568      0.961      0.000 4
 543  541      1.574     -0.142      0.000 4
