523
   1    0     -1.570     -0.458      0.000 4
   2    1     -1.567      0.459      0.000 4
   3    2     -1.565      0.873      0.000 4
  -1   -2     -1.560      0.659      0.000 4
  -1   -2     -1.556      0.765      0.000 4
   5    3     -1.550     -0.991      0.000 4
   7    4     -1.547      0.379      0.000 4
  -1   -2     -1.532     -0.455      0.000 4
   8    5     -1.529      0.055      0.000 4
   9    6     -1.516     -0.516      0.000 4
  10   -2     -1.510     -0.334      0.000 4
  -1    8     -1.502     -0.984      0.000 4
  13   10     -1.497      0.005      0.000 4
  14   11     -1.491     -0.043      0.000 4
  16   13     -1.489      0.206      0.000 4
  17   14     -1.482     -0.742      0.000 4
  18   15     -1.482      0.827      0.000 4
  19   16     -1.478     -0.553      0.000 4
  20   17     -1.473      0.786      0.000 4
  -1   18     -1.465     -0.959      0.000 4
  22   19     -1.463     -0.814      0.000 4
  21   20     -1.463      0.962      0.000 4
  -1   -2     -1.445      0.030      0.000 4
  23   21     -1.444      0.506      0.000 4
  -1    7     -1.440     -0.329      0.000 4
  26   29     -1.424      0.703      0.000 4
  -1   22     -1.418     -0.044      0.000 4
  29   28     -1.414     -0.474      0.000 4
  30   27     -1.412     -0.712      0.000 4
  -1   -2     -1.407     -0.916      0.000 4
  31   30     -1.388     -0.187      0.000 4
  -1   -2     -1.355     -0.765      0.000 4
  35   35     -1.336     -1.051      0.000 4
  33   34     -1.335      0.487      0.000 4
  34   33     -1.333      1.102      0.000 4
  25   66     -1.321     -1.166      0.000 4
  38   37     -1.316     -0.674      0.000 4
  40   47     -1.311      1.017      0.000 4
  41   -2     -1.305     -0.150      0.000 4
  43   38     -1.300     -1.086      0.000 4
  44   40     -1.298     -0.786      0.000 4
  45   41     -1.296      0.749      0.000 4
  47   43     -1.283     -0.446      0.000 4
  42   39     -1.278     -0.115      0.000 4
  48   45     -1.278      0.468      0.000 4
  49   44     -1.277      0.855      0.000 4
  51   46     -1.272     -0.994      0.000 4
  52   -2     -1.265      0.969      0.000 4
  53   -2     -1.252      0.309      0.000 4
  55   50     -1.248     -0.355      0.000 4
  -1   49     -1.247     -1.019      0.000 4
  54   52     -1.246      0.554      0.000 4
  57   51     -1.245      0.756      0.000 4
  59   53     -1.243      0.993      0.000 4
  58   54     -1.241     -0.205      0.000 4
  60   55     -1.240      0.448      0.000 4
  62   56     -1.237     -0.784      0.000 4
  61   58     -1.236     -0.462      0.000 4
  63   59     -1.232      1.147      0.000 4
  64   60     -1.214      0.384      0.000 4
  65   64     -1.205     -0.267      0.000 4
  -1   61     -1.205      0.779      0.000 4
  67   63     -1.204     -0.993      0.000 4
  -1   -2     -1.203     -0.928      0.000 4
  69   65     -1.192      0.654      0.000 4
  70   67     -1.190     -0.578      0.000 4
  -1   -2     -1.176      0.605      0.000 4
  -1   68     -1.169      0.537      0.000 4
  71   69     -1.161      0.337      0.000 4
  73   71     -1.147      0.896      0.000 4
  72   -2     -1.143      1.162      0.000 4
  75   72     -1.143     -0.972      0.000 4
  76   75     -1.137     -0.501      0.000 4
  77   76     -1.133     -1.011      0.000 4
  78   78     -1.102      0.615      0.000 4
  79   77     -1.100      1.153      0.000 4
  80   80     -1.086     -0.150      0.000 4
  83   81     -1.076     -0.012      0.000 4
  86   82     -1.073     -0.042      0.000 4
  85   83     -1.071     -0.829      0.000 4
  -1   85     -1.063      0.499      0.000 4
  89   84     -1.063     -1.141      0.000 4
  87   87     -1.062     -0.234      0.000 4
  88   88     -1.056      0.269      0.000 4
  92   86     -1.051      0.333      0.000 4
  91   90     -1.046      0.982      0.000 4
  93   91     -1.043     -1.066      0.000 4
  94   92     -1.043      0.436      0.000 4
  97   96     -1.016     -0.058      0.000 4
  99   95     -1.011     -1.166      0.000 4
  98   99     -1.010      0.038      0.000 4
 100   98     -1.005     -0.964      0.000 4
 101  101     -1.001     -0.471      0.000 4
 106  100     -1.000      1.095      0.000 4
 102  102     -0.998      0.390      0.000 4
 104  103     -0.982      0.140      0.000 4
  -1  104     -0.969     -0.510      0.000 4
 105  105     -0.964      0.751      0.000 4
 109  112     -0.958     -1.021      0.000 4
  90   -2     -0.957     -0.650      0.000 4
 107  109     -0.955     -0.147      0.000 4
 111  111     -0.940     -1.165      0.000 4
 112  113     -0.932     -0.099      0.000 4
 113  115     -0.920     -0.451      0.000 4
 115  114     -0.919     -0.732      0.000 4
 114   -2     -0.919      0.066      0.000 4
 116  116     -0.917     -0.787      0.000 4
 118  118     -0.908     -1.019      0.000 4
 119   -2     -0.905      0.819      0.000 4
 120  119     -0.901      1.124      0.000 4
 121  120     -0.898     -1.090      0.000 4
  -1  121     -0.885     -0.989      0.000 4
 122  122     -0.866      0.880      0.000 4
 123  123     -0.855     -1.171      0.000 4
 128  128     -0.848      0.763      0.000 4
 131  124     -0.840     -0.770      0.000 4
 127  126     -0.836     -0.286      0.000 4
 129  125     -0.836      0.987      0.000 4
 130  127     -0.828      0.049      0.000 4
 132  130     -0.822     -0.541      0.000 4
 133  131     -0.822      0.694      0.000 4
 126  129     -0.822      1.095      0.000 4
  -1   -2     -0.820      0.381      0.000 4
 135  133     -0.808     -0.253      0.000 4
 137  135     -0.805     -0.943      0.000 4
  -1  134     -0.800      0.321      0.000 4
 140  138     -0.785      0.247      0.000 4
  -1   -2     -0.782     -0.624      0.000 4
 142   -2     -0.781      0.951      0.000 4
 141  140     -0.778     -0.397      0.000 4
 143  141     -0.775     -0.670      0.000 4
 144  144     -0.756     -0.202      0.000 4
 145  143     -0.755     -0.512      0.000 4
 147  142     -0.755     -0.941      0.000 4
 148  145     -0.751     -1.156      0.000 4
 146  146     -0.751      0.433      0.000 4
 149  147     -0.748     -0.471      0.000 4
 138  162     -0.743     -1.046      0.000 4
 150  149     -0.738      0.079      0.000 4
 152  150     -0.735      0.489      0.000 4
 153  152     -0.733      0.173      0.000 4
 154  139     -0.733      0.961      0.000 4
 155  151     -0.730     -0.966      0.000 4
 157  153     -0.712      1.014      0.000 4
 158  155     -0.708     -0.252      0.000 4
 161  154     -0.708     -1.013      0.000 4
 159  157     -0.707     -0.030      0.000 4
 139   -2     -0.705      0.824      0.000 4
 162  159     -0.697     -0.459      0.000 4
 163  158     -0.695     -0.725      0.000 4
 164  160     -0.694      0.602      0.000 4
 167   -2     -0.684     -1.056      0.000 4
 166  161     -0.684     -1.175      0.000 4
 165  163     -0.680     -0.098      0.000 4
  -1   -2     -0.674     -0.873      0.000 4
 169  164     -0.655     -0.718      0.000 4
 171   -2     -0.651      1.178      0.000 4
 170  166     -0.647     -0.235      0.000 4
  -1  165     -0.645      1.074      0.000 4
  -1   -2     -0.638     -1.161      0.000 4
 173  168     -0.636      0.389      0.000 4
 174   -2     -0.633     -0.972      0.000 4
  -1  169     -0.613     -0.956      0.000 4
 175  171     -0.608      0.277      0.000 4
 176   -2     -0.606     -1.039      0.000 4
  -1  170     -0.603     -1.085      0.000 4
 177  172     -0.602      0.957      0.000 4
 178  173     -0.595     -0.140      0.000 4
  -1  167     -0.588     -1.152      0.000 4
 179  174     -0.583     -0.592      0.000 4
 180  176     -0.573     -0.932      0.000 4
  -1  177     -0.562     -0.224      0.000 4
 181  178     -0.560      0.852      0.000 4
 182  179     -0.555     -0.191      0.000 4
 184  180     -0.543      0.633      0.000 4
 186  183     -0.534      1.065      0.000 4
 187  184     -0.530     -0.670      0.000 4
  -1   -2     -0.525      0.430      0.000 4
 190  181     -0.523     -1.173      0.000 4
 188  185     -0.520     -0.500      0.000 4
 189  186     -0.511      0.605      0.000 4
 191   -2     -0.505      0.555      0.000 4
 192  189     -0.491      0.255      0.000 4
 193  188     -0.488     -0.721      0.000 4
 194  190     -0.485     -0.550      0.000 4
 195  192     -0.468     -0.830      0.000 4
 196  191     -0.466     -1.109      0.000 4
 198   -2     -0.449     -0.542      0.000 4
  -1  198     -0.447     -0.131      0.000 4
  -1   -2     -0.447      0.752      0.000 4
 199  196     -0.445     -0.452      0.000 4
  -1  195     -0.445      0.904      0.000 4
 200  197     -0.445      0.718      0.000 4
 202  199     -0.428      1.052      0.000 4
 203   -2     -0.424      0.823      0.000 4
 215   -2     -0.424      0.332      0.000 4
  -1  203     -0.419     -1.163      0.000 4
 204   -2     -0.417     -0.357      0.000 4
 205  202     -0.414      0.890      0.000 4
 206  204     -0.411      0.642      0.000 4
 207  205     -0.410     -0.815      0.000 4
 208  206     -0.403      0.113      0.000 4
 209  200     -0.396      0.799      0.000 4
 210  207     -0.391     -0.291      0.000 4
 201   -2     -0.385      0.259      0.000 4
  -1  208     -0.377     -0.595      0.000 4
 212  209     -0.363      0.618      0.000 4
 213  211     -0.353      0.590      0.000 4
  -1  212     -0.352     -1.161      0.000 4
 217  213     -0.346     -0.759      0.000 4
 214  215     -0.342     -1.059      0.000 4
 218  216     -0.339     -0.518      0.000 4
 219  217     -0.332      1.058      0.000 4
  -1  219     -0.323      0.074      0.000 4
 220  218     -0.320     -0.801      0.000 4
  -1  210     -0.320     -0.012      0.000 4
 221  220     -0.316      0.548      0.000 4
 223  221     -0.307     -0.191      0.000 4
 225  222     -0.282     -0.366      0.000 4
 226  223     -0.272     -0.876      0.000 4
 216  233     -0.269     -1.149      0.000 4
 224  235     -0.259     -0.609      0.000 4
 230  225     -0.255     -1.171      0.000 4
 232  227     -0.247     -0.988      0.000 4
 231  229     -0.246      0.292      0.000 4
 233  232     -0.240      0.367      0.000 4
 222  230     -0.238      1.148      0.000 4
 234  231     -0.237     -0.038      0.000 4
 235   -2     -0.219     -1.094      0.000 4
 242  234     -0.217     -0.477      0.000 4
 237   -2     -0.217     -0.574      0.000 4
 239  238     -0.210     -1.055      0.000 4
 240  239     -0.209      0.464      0.000 4
 241  240     -0.194      0.181      0.000 4
  -1  241     -0.188     -0.091      0.000 4
 244  242     -0.184     -1.065      0.000 4
 229   -2     -0.178      1.027      0.000 4
 246  244     -0.177     -0.972      0.000 4
 248  246     -0.158      0.266      0.000 4
 238  251     -0.158     -0.209      0.000 4
  -1  247     -0.154     -0.603      0.000 4
 249  248     -0.152     -0.785      0.000 4
  -1  249     -0.148      0.646      0.000 4
 250  250     -0.142     -0.437      0.000 4
 253   -2     -0.141     -1.119      0.000 4
  -1   -2     -0.137     -0.390      0.000 4
 251  252     -0.135      0.016      0.000 4
  -1   -2     -0.135      0.942      0.000 4
 252  253     -0.129      0.433      0.000 4
 254  254     -0.121      1.026      0.000 4
  -1  262     -0.121     -1.174      0.000 4
  -1   -2     -0.121      0.847      0.000 4
  -1  255     -0.106     -0.273      0.000 4
 255   -2     -0.104     -0.612      0.000 4
 256  256     -0.097      0.868      0.000 4
 258  259     -0.082     -0.338      0.000 4
 267   -2     -0.082     -0.067      0.000 4
  -1  261     -0.079     -0.315      0.000 4
 259  260     -0.078     -1.095      0.000 4
 261  263     -0.071      0.974      0.000 4
 262  264     -0.068      0.235      0.000 4
  -1  265     -0.055      0.414      0.000 4
  -1   -2     -0.051      0.865      0.000 4
 265  266     -0.049      0.053      0.000 4
  -1  268     -0.045      0.535      0.000 4
  -1  267     -0.044      0.276      0.000 4
  -1  269     -0.035      0.930      0.000 4
 269  273     -0.018      0.901      0.000 4
 270  276     -0.014      0.624      0.000 4
  -1  283     -0.014     -1.148      0.000 4
  -1  274     -0.012      0.418      0.000 4
 268  275     -0.011      0.252      0.000 4
 271  277     -0.006      0.718      0.000 4
  -1   -2     -0.005     -1.167      0.000 4
 272  278     -0.000     -0.021      0.000 4
  -1  279      0.003      0.115      0.000 4
 274  282      0.035      0.470      0.000 4
 275  284      0.038      1.108      0.000 4
 276  286      0.050      0.655      0.000 4
  -1  291      0.051      0.126      0.000 4
 279  288      0.057     -0.656      0.000 4
 277  287      0.058     -0.806      0.000 4
 284   -2      0.066     -0.486      0.000 4
 282   -2      0.067      0.096      0.000 4
 283  293      0.067     -0.014      0.000 4
 286  294      0.079     -1.160      0.000 4
 285  295      0.079      0.328      0.000 4
  -1  296      0.092     -0.656      0.000 4
 288  297      0.096     -0.163      0.000 4
 287  298      0.099      0.297      0.000 4
 290  289      0.105      0.908      0.000 4
 281  312      0.127     -0.309      0.000 4
 293  302      0.128     -0.394      0.000 4
 296  303      0.134     -1.115      0.000 4
 298  305      0.141      0.610      0.000 4
 303  308      0.146     -1.175      0.000 4
 302  307      0.148     -0.955      0.000 4
 301   -2      0.148      0.489      0.000 4
 305  309      0.171      0.767      0.000 4
 306  310      0.174      0.268      0.000 4
 307  306      0.180     -0.473      0.000 4
 304   -2      0.195     -0.294      0.000 4
 310  313      0.202     -1.141      0.000 4
 311   -2      0.211     -0.954      0.000 4
 312  314      0.213     -0.746      0.000 4
  -1  318      0.223      0.041      0.000 4
  -1   -2      0.225     -0.374      0.000 4
 315  315      0.227      0.959      0.000 4
  -1  320      0.229      0.792      0.000 4
 316  321      0.229     -0.631      0.000 4
 317   -2      0.233     -1.158      0.000 4
  -1  316      0.234     -0.974      0.000 4
 319  324      0.237      0.403      0.000 4
 321  327      0.252     -0.081      0.000 4
 325   -2      0.262     -1.176      0.000 4
 322  328      0.272     -1.113      0.000 4
 323  329      0.278     -0.239      0.000 4
 324  330      0.284      1.120      0.000 4
 326  331      0.293      0.708      0.000 4
 327  332      0.296     -0.611      0.000 4
 328  333      0.302      0.899      0.000 4
  -1  334      0.306     -0.764      0.000 4
 330  336      0.310      0.832      0.000 4
  -1   -2      0.315      0.573      0.000 4
 331  339      0.317      0.187      0.000 4
 343  317      0.318     -1.171      0.000 4
 332  338      0.326      0.525      0.000 4
 335   -2      0.356     -0.216      0.000 4
 336  343      0.358     -0.946      0.000 4
 338  344      0.364     -0.120      0.000 4
  -1  345      0.368      1.031      0.000 4
 340  346      0.371      0.057      0.000 4
 342  347      0.374     -1.012      0.000 4
 341   -2      0.378      0.759      0.000 4
 344  348      0.396      0.255      0.000 4
 345  350      0.400     -0.602      0.000 4
 346  351      0.406      0.802      0.000 4
 347  352      0.407     -0.278      0.000 4
 348  353      0.419     -0.901      0.000 4
 349  354      0.427      0.858      0.000 4
 351  356      0.442     -0.688      0.000 4
 354  355      0.444     -1.164      0.000 4
 352  357      0.450     -0.287      0.000 4
 353   -2      0.456     -0.330      0.000 4
  -1  359      0.471     -0.500      0.000 4
 356  360      0.475      1.135      0.000 4
 357  361      0.476      0.220      0.000 4
 358  362      0.480      0.961      0.000 4
 370   -2      0.481     -1.118      0.000 4
 360   -2      0.485     -0.619      0.000 4
 361  365      0.489      0.130      0.000 4
 355   -2      0.489      0.780      0.000 4
 364  368      0.498     -0.454      0.000 4
 365   -2      0.510     -0.420      0.000 4
  -1  369      0.515     -0.777      0.000 4
 366  370      0.525      0.007      0.000 4
 367  371      0.530     -0.629      0.000 4
 369   -2      0.533     -0.318      0.000 4
 371  373      0.546      1.061      0.000 4
 372  372      0.546     -0.195      0.000 4
 375  375      0.561     -0.487      0.000 4
 374  376      0.567     -0.764      0.000 4
 376  377      0.569      0.555      0.000 4
 377   -2      0.574      0.457      0.000 4
 379  384      0.579      0.405      0.000 4
 380  381      0.581      0.237      0.000 4
  -1  380      0.582      1.176      0.000 4
  -1  385      0.584      0.161      0.000 4
  -1  382      0.586     -0.265      0.000 4
 381   -2      0.591      0.684      0.000 4
 382  386      0.597     -0.019      0.000 4
  -1  393      0.600     -0.984      0.000 4
 384  387      0.602      0.508      0.000 4
 390  392      0.608     -1.170      0.000 4
 386  389      0.619      0.575      0.000 4
 387  390      0.619     -0.460      0.000 4
 395  383      0.620     -0.859      0.000 4
 388   -2      0.627     -1.011      0.000 4
 394  394      0.627      1.063      0.000 4
 393  395      0.630      1.116      0.000 4
  -1   -2      0.644      0.365      0.000 4
 396  396      0.655     -0.628      0.000 4
 397  397      0.657      0.817      0.000 4
 398  398      0.659      0.537      0.000 4
 400  399      0.667     -0.726      0.000 4
 401  400      0.672      0.702      0.000 4
 402  402      0.685     -0.929      0.000 4
 403  403      0.691     -0.581      0.000 4
 405  404      0.702     -0.035      0.000 4
  -1  405      0.704     -1.170      0.000 4
  -1  414      0.715     -1.090      0.000 4
 407  406      0.724      0.628      0.000 4
 408  407      0.727     -0.997      0.000 4
 409  408      0.734      0.396      0.000 4
 410  409      0.737     -0.776      0.000 4
 412  410      0.742     -0.345      0.000 4
 417   -2      0.743      0.063      0.000 4
 404   -2      0.749      0.985      0.000 4
 414  412      0.752     -0.408      0.000 4
 415   -2      0.756     -1.050      0.000 4
 416  413      0.757      0.747      0.000 4
 418  415      0.775      0.673      0.000 4
 419  416      0.777     -0.629      0.000 4
  -1  411      0.777      0.977      0.000 4
 420  417      0.779     -0.141      0.000 4
 421  418      0.788     -0.232      0.000 4
 422  419      0.791     -0.975      0.000 4
  -1  422      0.791      1.067      0.000 4
 423  420      0.795      0.892      0.000 4
  -1   -2      0.799      0.995      0.000 4
 424  421      0.802      0.373      0.000 4
 425  423      0.820     -1.100      0.000 4
 426  424      0.828     -0.773      0.000 4
 428  425      0.829     -0.595      0.000 4
 429  426      0.833     -0.339      0.000 4
 430  427      0.838     -1.043      0.000 4
  -1  428      0.843     -1.083      0.000 4
  -1  430      0.853     -0.847      0.000 4
 427   -2      0.867     -1.126      0.000 4
 434  434      0.879      1.074      0.000 4
  -1  435      0.885     -0.776      0.000 4
 446  432      0.887     -1.164      0.000 4
  -1  429      0.896     -0.071      0.000 4
 437   -2      0.905      1.175      0.000 4
 440  436      0.906      0.195      0.000 4
 439   -2      0.907      1.078      0.000 4
  -1   -2      0.926      0.697      0.000 4
 442  440      0.933     -0.608      0.000 4
 443  437      0.941     -1.077      0.000 4
 445  441      0.948      0.523      0.000 4
 435  449      0.951     -0.815      0.000 4
 444  443      0.952      1.050      0.000 4
  -1  448      0.952      0.994      0.000 4
 447  445      0.956      0.765      0.000 4
 448  444      0.959      0.951      0.000 4
 450  446      0.962      0.309      0.000 4
 449   -2      0.963     -0.889      0.000 4
 451  447      0.963      0.265      0.000 4
 453  450      0.993     -0.064      0.000 4
 454  451      0.998     -0.472      0.000 4
 455  452      1.005     -0.566      0.000 4
  -1  453      1.015     -0.286      0.000 4
  -1  454      1.027      0.049      0.000 4
  -1  456      1.039     -0.181      0.000 4
  -1   -2      1.046     -1.176      0.000 4
 459  457      1.048      0.667      0.000 4
 456   -2      1.057     -0.354      0.000 4
 460   -2      1.057     -0.950      0.000 4
 462  460      1.061      0.615      0.000 4
 464  461      1.067      0.567      0.000 4
 465  462      1.069      0.115      0.000 4
  -1  463      1.076     -0.122      0.000 4
 466  465      1.083     -0.652      0.000 4
  -1  464      1.084      0.183      0.000 4
 470  467      1.095      0.359      0.000 4
 457   -2      1.104     -1.066      0.000 4
  -1  469      1.110     -1.109      0.000 4
 476   -2      1.122     -0.202      0.000 4
 472  471      1.129     -1.175      0.000 4
 474  472      1.132      0.183      0.000 4
 475  474      1.142     -0.738      0.000 4
 473  490      1.150     -0.397      0.000 4
 478  476      1.155      0.470      0.000 4
 480  482      1.159      0.929      0.000 4
 479  477      1.160     -0.976      0.000 4
 481  479      1.167     -0.887      0.000 4
 482  480      1.175      0.403      0.000 4
 483  481      1.182     -0.089      0.000 4
 484   -2      1.187      1.009      0.000 4
 486  483      1.193      0.803      0.000 4
 487  484      1.202      0.633      0.000 4
 488  486      1.216     -0.661      0.000 4
  -1  487      1.219      0.317      0.000 4
 490  478      1.220      0.689      0.000 4
 492  489      1.225     -1.058      0.000 4
 493  488      1.227     -0.064      0.000 4
 489   -2      1.233     -0.457      0.000 4
 494  491      1.253     -1.170      0.000 4
  -1  502      1.265      0.974      0.000 4
 495  494      1.268      0.225      0.000 4
 497  492      1.268     -1.007      0.000 4
 498  493      1.276      0.046      0.000 4
 501  496      1.284     -0.629      0.000 4
 502  497      1.287      0.899      0.000 4
  -1   -2      1.291     -0.308      0.000 4
 506  499      1.301     -1.127      0.000 4
 507  500      1.304     -0.492      0.000 4
 505   -2      1.312      1.035      0.000 4
 508  504      1.314     -1.175      0.000 4
  -1  505      1.318     -0.045      0.000 4
 510  507      1.326     -0.656      0.000 4
 511  508      1.359     -0.639      0.000 4
 512  510      1.362      0.989      0.000 4
 513  509      1.362     -0.732      0.000 4
  -1  511      1.367      0.251      0.000 4
 515  513      1.375     -0.900      0.000 4
 516  514      1.381     -1.172      0.000 4
 514  517      1.383     -1.120      0.000 4
 517  515      1.400      0.275      0.000 4
  -1   -2      1.412      0.604      0.000 4
 520   -2      1.423      0.189      0.000 4
 521  518      1.432      0.409      0.000 4
 524   -2      1.453     -1.174      0.000 4
 525  520      1.457     -0.647      0.000 4
 526  521      1.464     -0.506      0.000 4
 527  522      1.469     -0.576      0.000 4
 528  524      1.474     -0.387      0.000 4
  -1  523      1.476      0.002      0.000 4
 529  525      1.480      0.476      0.000 4
 532  527      1.498     -0.964      0.000 4
 533  530      1.504      0.155      0.000 4
 535  531      1.511     -0.316      0.000 4
 531  539      1.518     -1.139      0.000 4
  -1  532      1.538      0.724      0.000 4
  -1  534      1.541     -1.175      0.000 4
 537  533      1.543      0.243      0.000 4
 538   -2      1.544      1.152      0.000 4
 540  537      1.557      0.610      0.000 4
  -1   -2      1.560     -0.423      0.000 4
 541  538      1.565     -0.348      0.000 4
 539   -2      1.566     -1.140      0.000 4
 543  541      1.572      0.967      0.000 4
  -1   -2      1.575     -1.042      0.000 4
