539
  -1   -2     -1.575     -0.048      0.000 4
  -1    0     -1.574      0.271      0.000 4
  -1    6     -1.573     -1.149      0.000 4
   0    1     -1.571      0.889      0.000 4
   1   17     -1.571     -0.786      0.000 4
  -1   -2     -1.558     -0.455      0.000 4
  -1   -2     -1.545     -0.133      0.000 4
  -1    2     -1.541      0.978      0.000 4
  13   -2     -1.534      0.886      0.000 4
   4    7     -1.530      0.228      0.000 4
  -1   -2     -1.525     -1.088      0.000 4
  10   -2     -1.523      0.335      0.000 4
  -1   -2     -1.522     -0.945      0.000 4
  -1   -2     -1.517     -0.703      0.000 4
   7   11     -1.514      0.289      0.000 4
   8   12     -1.512      0.547      0.000 4
  11   14     -1.502      0.680      0.000 4
  -1   15     -1.498     -0.305      0.000 4
  14   -2     -1.487     -0.760      0.000 4
  15   18     -1.484      0.160      0.000 4
  16   -2     -1.474      0.593      0.000 4
   9   29     -1.469     -1.174      0.000 4
   6   19     -1.466      1.040      0.000 4
  22   22     -1.451     -0.629      0.000 4
  21   24     -1.451      0.355      0.000 4
  32   25     -1.450     -0.311      0.000 4
  -1   21     -1.450     -1.000      0.000 4
  12   30     -1.442     -0.360      0.000 4
  -1   -2     -1.432      0.143      0.000 4
  25   26     -1.429      0.730      0.000 4
  17   -2     -1.429     -1.113      0.000 4
  24   -2     -1.427      1.155      0.000 4
  20   34     -1.426      0.549      0.000 4
  27   27     -1.417      0.296      0.000 4
  29   -2     -1.406     -0.399      0.000 4
  30   31     -1.403      0.067      0.000 4
  -1   -2     -1.401      0.278      0.000 4
  31   32     -1.396      0.659      0.000 4
  -1   -2     -1.380      0.626      0.000 4
  -1   33     -1.379     -0.875      0.000 4
  33   -2     -1.378     -1.123      0.000 4
  35   35     -1.375     -0.546      0.000 4
  34   36     -1.363      1.133      0.000 4
  38   37     -1.352     -0.916      0.000 4
  18   -2     -1.350     -0.007      0.000 4
  39   39     -1.348      0.035      0.000 4
  40   41     -1.338      0.174      0.000 4
  41   40     -1.336     -1.059      0.000 4
  42   42     -1.326      0.944      0.000 4
  44   43     -1.312     -0.348      0.000 4
  43   60     -1.310     -1.161      0.000 4
  45   44     -1.306      0.567      0.000 4
  46   45     -1.300     -0.835      0.000 4
  47   48     -1.297      0.398      0.000 4
  -1   -2     -1.291     -0.110      0.000 4
  -1   -2     -1.290      1.053      0.000 4
  -1   49     -1.287     -0.860      0.000 4
  48   -2     -1.280     -0.443      0.000 4
  49   52     -1.268     -0.641      0.000 4
  51   53     -1.264     -1.007      0.000 4
  50   54     -1.262      0.522      0.000 4
  52   55     -1.257     -0.540      0.000 4
  -1   51     -1.253     -0.014      0.000 4
  53   56     -1.243      1.012      0.000 4
  55   58     -1.230     -0.852      0.000 4
  54   59     -1.228     -0.127      0.000 4
  -1   62     -1.225     -0.711      0.000 4
  56   61     -1.214      0.845      0.000 4
  59   -2     -1.204     -0.654      0.000 4
  60   -2     -1.189      0.736      0.000 4
  58   -2     -1.187     -1.145      0.000 4
  -1   65     -1.176      0.643      0.000 4
  62   66     -1.171     -1.104      0.000 4
  63   67     -1.165     -0.885      0.000 4
  64   69     -1.163     -0.846      0.000 4
  67   72     -1.157      0.408      0.000 4
  66   73     -1.156     -0.356      0.000 4
  -1   64     -1.150     -1.174      0.000 4
  68   74     -1.134     -1.018      0.000 4
  -1   76     -1.132     -1.114      0.000 4
  70   77     -1.126      0.660      0.000 4
  71   79     -1.119     -0.108      0.000 4
  65   78     -1.114      1.052      0.000 4
  73   80     -1.106     -0.379      0.000 4
  74   82     -1.095     -1.038      0.000 4
  69   -2     -1.094     -1.076      0.000 4
  75   85     -1.089      0.402      0.000 4
  76   84     -1.089     -0.288      0.000 4
  -1   83     -1.088     -0.491      0.000 4
  78   87     -1.073      0.810      0.000 4
  79   88     -1.067      0.483      0.000 4
  -1   -2     -1.051     -0.405      0.000 4
  -1   93     -1.050     -1.098      0.000 4
  81   90     -1.043     -0.738      0.000 4
  80   91     -1.041      0.392      0.000 4
  83   92     -1.038      0.583      0.000 4
  84   94     -1.025     -0.223      0.000 4
  -1   96     -1.020     -0.183      0.000 4
  85   -2     -1.020     -1.071      0.000 4
  -1   -2     -1.018     -0.397      0.000 4
  86   95     -1.017     -0.875      0.000 4
  -1  105     -1.009     -1.171      0.000 4
  87   97     -1.008     -0.438      0.000 4
  -1   98     -1.006     -0.785      0.000 4
  89  103     -1.004     -0.665      0.000 4
  88   99     -1.003      0.342      0.000 4
  90  100     -0.999      0.918      0.000 4
  91  101     -0.997      1.033      0.000 4
  92   -2     -0.984      0.437      0.000 4
  -1  106     -0.964      0.782      0.000 4
  95   -2     -0.959     -1.130      0.000 4
  96  107     -0.952     -0.977      0.000 4
 117   -2     -0.947     -1.017      0.000 4
  98  111     -0.938      0.308      0.000 4
 100  109     -0.938     -0.944      0.000 4
  99  112     -0.936      0.573      0.000 4
 102   -2     -0.924     -0.089      0.000 4
 103   -2     -0.918     -1.107      0.000 4
 105  113     -0.909      1.088      0.000 4
 106  114     -0.906      0.903      0.000 4
  97  143     -0.876     -1.169      0.000 4
 116   -2     -0.875     -0.033      0.000 4
 110  117     -0.869     -0.746      0.000 4
 109  119     -0.869     -0.135      0.000 4
 111  118     -0.867     -0.615      0.000 4
 113  120     -0.859     -0.443      0.000 4
 112  121     -0.858     -0.214      0.000 4
 115  122     -0.854     -0.695      0.000 4
 118  124     -0.844     -0.009      0.000 4
  -1  135     -0.836     -1.079      0.000 4
  -1   -2     -0.835     -0.489      0.000 4
 140   -2     -0.835      0.733      0.000 4
 120  125     -0.833     -0.943      0.000 4
 119  128     -0.830      0.419      0.000 4
 114  134     -0.829      0.321      0.000 4
  -1   -2     -0.822     -0.066      0.000 4
 122  131     -0.821      1.091      0.000 4
 121  132     -0.820      0.258      0.000 4
 124   -2     -0.812      0.392      0.000 4
 126  133     -0.809      0.817      0.000 4
 127   -2     -0.804      0.279      0.000 4
 128  136     -0.792      0.990      0.000 4
 129  137     -0.790     -0.798      0.000 4
 131  138     -0.786     -0.753      0.000 4
 130  140     -0.784     -0.056      0.000 4
 132  139     -0.784      0.884      0.000 4
 138   -2     -0.781     -1.031      0.000 4
 135  141     -0.773      0.035      0.000 4
  -1  142     -0.770     -0.445      0.000 4
  -1   -2     -0.758     -1.165      0.000 4
 141  146     -0.752     -0.930      0.000 4
 142  149     -0.740      0.139      0.000 4
  -1   -2     -0.737     -0.349      0.000 4
 144  148     -0.736     -0.963      0.000 4
 143  152     -0.734     -0.149      0.000 4
 145  151     -0.732      0.976      0.000 4
 146  150     -0.730     -1.009      0.000 4
  -1   -2     -0.719     -0.296      0.000 4
 148  156     -0.705     -0.102      0.000 4
 149  157     -0.698     -0.551      0.000 4
 147  161     -0.697      0.869      0.000 4
 155  153     -0.688     -1.127      0.000 4
  -1  160     -0.685      1.057      0.000 4
 152  163     -0.684      1.002      0.000 4
  -1   -2     -0.672      0.216      0.000 4
 139  186     -0.661     -1.173      0.000 4
  -1   -2     -0.659     -1.041      0.000 4
  -1   -2     -0.654     -1.111      0.000 4
 157  167     -0.645     -0.303      0.000 4
 158  168     -0.642      1.138      0.000 4
 159  169     -0.636     -1.071      0.000 4
 162  171     -0.626     -0.759      0.000 4
 163  172     -0.624     -0.999      0.000 4
  -1  166     -0.623     -1.112      0.000 4
 165  173     -0.617      1.067      0.000 4
 164  175     -0.616     -0.425      0.000 4
 166  174     -0.611      0.881      0.000 4
  -1  176     -0.607     -0.274      0.000 4
 167  177     -0.605     -0.504      0.000 4
 168  178     -0.593      0.045      0.000 4
 170  179     -0.586     -0.766      0.000 4
  -1  180     -0.581     -1.112      0.000 4
 161   -2     -0.558     -1.173      0.000 4
 173  181     -0.556      1.044      0.000 4
 177  182     -0.555     -0.970      0.000 4
 174  183     -0.553     -0.505      0.000 4
 175  185     -0.552      0.473      0.000 4
 172  184     -0.551     -0.229      0.000 4
 176  187     -0.538      0.665      0.000 4
  -1  188     -0.535     -1.085      0.000 4
 178  189     -0.533      1.170      0.000 4
 180  191     -0.511      0.079      0.000 4
 181  192     -0.507      0.185      0.000 4
  -1  193     -0.488      0.958      0.000 4
 182  194     -0.487     -0.047      0.000 4
 184  195     -0.482     -0.668      0.000 4
  -1  197     -0.475     -1.167      0.000 4
 186  198     -0.458     -0.280      0.000 4
  -1   -2     -0.451     -0.762      0.000 4
 187  200     -0.441      0.439      0.000 4
 188  201     -0.440     -0.936      0.000 4
 189  202     -0.429     -1.041      0.000 4
 190  203     -0.426     -0.825      0.000 4
  -1  204     -0.420     -1.119      0.000 4
  -1   -2     -0.419     -0.662      0.000 4
 191  205     -0.411      0.738      0.000 4
  -1  206     -0.409     -0.505      0.000 4
 192  207     -0.407      0.317      0.000 4
 194  209     -0.402     -0.182      0.000 4
 193  208     -0.400     -0.594      0.000 4
 197  210     -0.381     -0.654      0.000 4
 196  211     -0.380     -0.283      0.000 4
 198  212     -0.379      0.715      0.000 4
 199  213     -0.376     -0.945      0.000 4
 200  214     -0.371     -0.247      0.000 4
 201  215     -0.369      1.046      0.000 4
 202  228     -0.368     -0.730      0.000 4
 204  218     -0.362     -1.133      0.000 4
  -1  217     -0.359      0.892      0.000 4
 203  219     -0.359      0.973      0.000 4
 195  229     -0.351     -1.165      0.000 4
 205  222     -0.348      0.857      0.000 4
 207  223     -0.324     -0.562      0.000 4
 208  225     -0.309      0.300      0.000 4
 210  226     -0.304     -0.913      0.000 4
 209  227     -0.304      0.782      0.000 4
 211   -2     -0.296     -0.734      0.000 4
  -1   -2     -0.292     -1.133      0.000 4
 213   -2     -0.290     -0.966      0.000 4
 212  231     -0.289      0.274      0.000 4
 215  233     -0.280     -0.183      0.000 4
 224   -2     -0.269      0.953      0.000 4
 217  234     -0.263     -1.051      0.000 4
 216  235     -0.262      0.406      0.000 4
 218  236     -0.251     -0.389      0.000 4
 219  238     -0.244     -0.660      0.000 4
 220   -2     -0.243     -1.130      0.000 4
  -1  224     -0.239      0.504      0.000 4
 223  246     -0.235      0.120      0.000 4
  -1  240     -0.226     -1.091      0.000 4
  -1  230     -0.209     -0.975      0.000 4
 225  243     -0.207      0.692      0.000 4
 245   -2     -0.206     -1.169      0.000 4
  -1   -2     -0.191      1.163      0.000 4
 229  245     -0.177     -0.123      0.000 4
 226   -2     -0.174      0.073      0.000 4
 232  247     -0.166     -0.251      0.000 4
 233   -2     -0.149     -0.755      0.000 4
 255  237     -0.144     -1.112      0.000 4
 228  248     -0.139     -0.636      0.000 4
 236  251     -0.134     -0.181      0.000 4
 237  252     -0.131     -0.996      0.000 4
 238  253     -0.128      0.468      0.000 4
 239  254     -0.125      0.372      0.000 4
 240  256     -0.114     -0.078      0.000 4
 241  255     -0.112      0.603      0.000 4
 244  258     -0.101      0.318      0.000 4
  -1  259     -0.088     -0.633      0.000 4
 247  260     -0.083      1.113      0.000 4
 246  261     -0.081      0.218      0.000 4
 249  262     -0.078     -1.066      0.000 4
 250   -2     -0.076     -0.157      0.000 4
 248  264     -0.071     -0.609      0.000 4
  -1  263     -0.071     -0.192      0.000 4
 243  277     -0.069     -0.280      0.000 4
 253  265     -0.062     -0.318      0.000 4
 254  267     -0.059      0.338      0.000 4
 256  269     -0.051      0.569      0.000 4
 261   -2     -0.032      1.170      0.000 4
 260  274     -0.025      0.901      0.000 4
  -1  266     -0.023      0.480      0.000 4
 251   -2     -0.009     -0.457      0.000 4
  -1  271      0.001     -0.128      0.000 4
 263   -2      0.005      0.552      0.000 4
 264  272      0.007      0.304      0.000 4
 265  273      0.008     -1.170      0.000 4
 266   -2      0.013      0.949      0.000 4
 267  275      0.017      0.832      0.000 4
 262  282      0.024      0.042      0.000 4
 270   -2      0.024     -0.222      0.000 4
 269  279      0.024      0.357      0.000 4
  -1  270      0.029     -0.370      0.000 4
 271  280      0.038      0.554      0.000 4
 273  281      0.048      0.320      0.000 4
  -1   -2      0.053     -0.077      0.000 4
 274   -2      0.055     -0.049      0.000 4
 276  283      0.061      0.873      0.000 4
  -1   -2      0.061     -0.293      0.000 4
 279  284      0.064     -1.053      0.000 4
 275   -2      0.066      0.630      0.000 4
 281  286      0.077     -0.889      0.000 4
 298   -2      0.089     -0.656      0.000 4
 296   -2      0.092     -0.948      0.000 4
 282  288      0.095      0.144      0.000 4
 284   -2      0.102     -0.508      0.000 4
 285   -2      0.104     -0.162      0.000 4
  -1   -2      0.105      0.435      0.000 4
 287  291      0.106      0.101      0.000 4
  -1   -2      0.123     -0.138      0.000 4
 288  293      0.123      0.388      0.000 4
  -1  302      0.133      0.932      0.000 4
 290  295      0.137     -0.951      0.000 4
 289  294      0.138      0.817      0.000 4
 291  299      0.143     -0.568      0.000 4
 305  285      0.146      0.653      0.000 4
 292  296      0.147     -0.459      0.000 4
 294  292      0.151     -1.167      0.000 4
 293  297      0.155      1.012      0.000 4
  -1  290      0.164     -0.252      0.000 4
  -1   -2      0.169     -0.090      0.000 4
 297  298      0.174      0.349      0.000 4
  -1   -2      0.199     -0.438      0.000 4
  -1   -2      0.203      0.931      0.000 4
 302  303      0.214      0.538      0.000 4
 300  305      0.214     -0.981      0.000 4
  -1  304      0.215      0.026      0.000 4
 299   -2      0.218      1.013      0.000 4
 309  306      0.228     -0.851      0.000 4
 304  307      0.239     -0.147      0.000 4
 307  308      0.255      0.935      0.000 4
 308   -2      0.259      0.126      0.000 4
 317  301      0.261     -0.360      0.000 4
 311  313      0.272      1.154      0.000 4
 312  315      0.277      1.078      0.000 4
 313  316      0.278      0.234      0.000 4
 314   -2      0.284      0.156      0.000 4
 301  329      0.294      0.124      0.000 4
 316  319      0.301     -1.174      0.000 4
  -1  321      0.320      0.051      0.000 4
 306  341      0.322     -1.126      0.000 4
 318  322      0.323     -0.192      0.000 4
 322  323      0.328      0.987      0.000 4
  -1  325      0.354      1.036      0.000 4
  -1  327      0.354      0.697      0.000 4
 324  328      0.361     -0.393      0.000 4
 325  326      0.364     -1.160      0.000 4
 326   -2      0.376      0.233      0.000 4
 327  330      0.377     -0.781      0.000 4
 328  331      0.378      0.052      0.000 4
  -1   -2      0.384      1.094      0.000 4
 329  334      0.390     -0.954      0.000 4
 331  333      0.392      0.285      0.000 4
 332  335      0.395     -0.396      0.000 4
 334  336      0.403      0.160      0.000 4
  -1  337      0.413      0.524      0.000 4
 336  340      0.421     -0.863      0.000 4
 330  344      0.422     -1.092      0.000 4
  -1   -2      0.428      0.994      0.000 4
 337   -2      0.429     -0.649      0.000 4
 338  342      0.438     -0.002      0.000 4
 340  343      0.450     -0.585      0.000 4
 339   -2      0.452     -0.544      0.000 4
  -1   -2      0.454     -0.775      0.000 4
 342   -2      0.458     -1.172      0.000 4
 343  345      0.464     -0.417      0.000 4
 347  347      0.468      0.715      0.000 4
 344  346      0.469      0.539      0.000 4
  -1   -2      0.469      0.600      0.000 4
 345  348      0.479      0.307      0.000 4
 348  349      0.481     -1.091      0.000 4
 349  352      0.482     -1.142      0.000 4
 350  351      0.489     -0.030      0.000 4
 351  358      0.491      0.659      0.000 4
 352  353      0.493     -0.774      0.000 4
 355   -2      0.503      0.876      0.000 4
 353   -2      0.504     -0.610      0.000 4
 354  355      0.504     -0.351      0.000 4
 356  356      0.513      0.740      0.000 4
 341  361      0.514     -0.925      0.000 4
 357  360      0.531     -0.880      0.000 4
 358   -2      0.552     -0.907      0.000 4
 359  354      0.554     -0.559      0.000 4
  -1  362      0.555     -0.201      0.000 4
 361  364      0.562     -0.939      0.000 4
 363  367      0.574      0.882      0.000 4
 364  365      0.575     -0.040      0.000 4
 365  368      0.581      1.012      0.000 4
 366  369      0.589      0.488      0.000 4
 367  370      0.592      0.527      0.000 4
 368   -2      0.594      0.312      0.000 4
  -1  385      0.598     -0.251      0.000 4
 372  373      0.605      0.788      0.000 4
 370  371      0.606     -0.977      0.000 4
 371  372      0.607     -0.729      0.000 4
  -1  374      0.622     -0.620      0.000 4
 375   -2      0.625      0.322      0.000 4
  -1  375      0.626     -1.129      0.000 4
 378  377      0.631     -0.665      0.000 4
 377  376      0.632     -0.823      0.000 4
 362   -2      0.641     -0.396      0.000 4
 382  380      0.643      0.474      0.000 4
 376   -2      0.648     -1.165      0.000 4
 374  381      0.651     -1.114      0.000 4
 381  382      0.652      0.915      0.000 4
 384  383      0.658      0.832      0.000 4
 385  384      0.663     -0.473      0.000 4
 387   -2      0.681     -1.019      0.000 4
 389  386      0.704     -0.636      0.000 4
 388  387      0.705     -0.850      0.000 4
 390  388      0.707      1.159      0.000 4
 392  390      0.710     -0.443      0.000 4
 394  392      0.719     -0.369      0.000 4
 393   -2      0.719     -0.687      0.000 4
 395  393      0.723      1.050      0.000 4
 397  394      0.729      0.249      0.000 4
 396  396      0.730     -0.980      0.000 4
 391  398      0.732     -1.070      0.000 4
 399   -2      0.736      0.289      0.000 4
  -1  397      0.739     -0.875      0.000 4
 401  395      0.761      1.151      0.000 4
 402  400      0.762     -0.634      0.000 4
  -1  401      0.775      0.381      0.000 4
 404  402      0.777      0.330      0.000 4
 406   -2      0.781      0.626      0.000 4
 403   -2      0.786     -0.076      0.000 4
 413  391      0.789     -0.811      0.000 4
 408  405      0.794     -1.058      0.000 4
 409  406      0.798     -0.981      0.000 4
  -1  403      0.802      0.606      0.000 4
  -1   -2      0.805     -0.462      0.000 4
 400  428      0.820     -1.131      0.000 4
 414  408      0.830     -0.040      0.000 4
 416  409      0.840      0.881      0.000 4
 417  411      0.847     -0.790      0.000 4
 418  412      0.849     -1.062      0.000 4
 419   -2      0.862     -0.610      0.000 4
 422   -2      0.876     -1.075      0.000 4
 424  414      0.876      0.160      0.000 4
 438   -2      0.877     -0.262      0.000 4
 420   -2      0.881     -0.152      0.000 4
 415  424      0.887      1.052      0.000 4
 427   -2      0.891      0.109      0.000 4
 429  418      0.894      0.642      0.000 4
  -1  417      0.894      0.507      0.000 4
 430  420      0.896      0.749      0.000 4
 433  419      0.896      0.416      0.000 4
 432  421      0.896      0.694      0.000 4
 434  422      0.900     -0.454      0.000 4
  -1   -2      0.901     -1.006      0.000 4
 436   -2      0.904      1.108      0.000 4
  -1  413      0.906     -0.289      0.000 4
 437  423      0.907     -0.874      0.000 4
  -1   -2      0.908      0.469      0.000 4
 428   -2      0.911      1.085      0.000 4
 439   -2      0.919     -0.802      0.000 4
 440  425      0.919      1.158      0.000 4
 441  426      0.922     -0.542      0.000 4
  -1   -2      0.923      0.018      0.000 4
 442   -2      0.932     -1.078      0.000 4
 443  427      0.934      0.226      0.000 4
 444  431      0.960     -0.256      0.000 4
 445  432      0.965     -0.157      0.000 4
 446  433      0.965      0.517      0.000 4
  -1  435      0.977     -1.123      0.000 4
 448  434      0.980      0.446      0.000 4
 449   -2      0.991      1.156      0.000 4
 451  436      1.006     -0.038      0.000 4
 453  440      1.018     -0.596      0.000 4
  -1  439      1.018      0.754      0.000 4
 456  442      1.031     -0.335      0.000 4
 455  441      1.032      0.658      0.000 4
 454  447      1.052      1.110      0.000 4
 457  444      1.052     -0.010      0.000 4
  -1   -2      1.058      0.286      0.000 4
 459   -2      1.061      0.709      0.000 4
 460  445      1.066      0.830      0.000 4
 458  457      1.068     -1.171      0.000 4
 461  446      1.072      0.965      0.000 4
 462   -2      1.077      1.161      0.000 4
 463  448      1.077      0.252      0.000 4
 466  450      1.092      0.095      0.000 4
 465  451      1.093     -0.655      0.000 4
 467  453      1.112     -0.980      0.000 4
 468  454      1.115      1.028      0.000 4
 464  464      1.131      0.197      0.000 4
  -1   -2      1.141     -1.175      0.000 4
 469  456      1.145     -0.785      0.000 4
 470  458      1.151     -0.871      0.000 4
 471  461      1.152     -1.088      0.000 4
 472  460      1.154     -0.556      0.000 4
 473  463      1.177      0.879      0.000 4
 474   -2      1.183      0.960      0.000 4
  -1  465      1.189     -1.178      0.000 4
 477  466      1.201     -0.073      0.000 4
 479  470      1.214     -0.195      0.000 4
 481   -2      1.216      0.549      0.000 4
 480  468      1.216     -0.503      0.000 4
 482  469      1.224      0.277      0.000 4
 483  471      1.238     -0.574      0.000 4
 484  472      1.243      0.997      0.000 4
 486  473      1.255     -0.154      0.000 4
 487  474      1.259      0.392      0.000 4
  -1  475      1.265      0.443      0.000 4
 488   -2      1.268     -0.511      0.000 4
  -1  479      1.272     -0.998      0.000 4
 491  477      1.297     -0.488      0.000 4
 492   -2      1.311     -0.970      0.000 4
 493  478      1.312      0.432      0.000 4
 494  480      1.317     -0.569      0.000 4
  -1  467      1.332      0.736      0.000 4
 495  484      1.343     -1.079      0.000 4
 497  481      1.364     -1.171      0.000 4
 498  485      1.365      0.167      0.000 4
 499  486      1.369     -0.938      0.000 4
 500   -2      1.370      0.095      0.000 4
 502  488      1.382     -1.001      0.000 4
 501  487      1.383      1.099      0.000 4
 504  489      1.392     -0.237      0.000 4
 505  490      1.393     -0.341      0.000 4
 506  493      1.406     -0.466      0.000 4
  -1  494      1.409     -0.402      0.000 4
 508  491      1.410      0.236      0.000 4
 509  492      1.410      0.517      0.000 4
 507  495      1.410     -0.946      0.000 4
 512  497      1.445      0.589      0.000 4
 513  499      1.453     -1.059      0.000 4
 514  503      1.471      0.825      0.000 4
 515  502      1.472      0.272      0.000 4
 516  505      1.478     -0.750      0.000 4
 517  507      1.482     -0.715      0.000 4
 519  508      1.494     -0.053      0.000 4
 521  509      1.497     -0.200      0.000 4
  -1   -2      1.501      0.891      0.000 4
  -1  510      1.503     -0.259      0.000 4
  -1  512      1.507     -0.316      0.000 4
 522  511      1.512     -0.744      0.000 4
 523  513      1.513      0.430      0.000 4
 524  515      1.518      0.072      0.000 4
 525  518      1.537     -1.171      0.000 4
 527  516      1.537      1.093      0.000 4
 530   -2      1.545      0.712      0.000 4
 531  520      1.550      0.586      0.000 4
 532  522      1.552     -1.036      0.000 4
 533  521      1.552     -0.922      0.000 4
 536  524      1.562      0.380      0.000 4
 534  525      1.562     -0.816      0.000 4
 537  526      1.566      0.795      0.000 4
  -1   -2      1.570      0.444      0.000 4
 538  527      1.573      1.136      0.000 4
