528
   0    0     -1.573      0.333      0.000 4
  -1   -2     -1.572      0.763      0.000 4
   3    1     -1.563     -0.899      0.000 4
   4    3     -1.562      0.636      0.000 4
   6    4     -1.549      0.177      0.000 4
   9    6     -1.541     -0.381      0.000 4
   8    5     -1.541      0.784      0.000 4
  10    8     -1.521      0.409      0.000 4
  12   -2     -1.519      0.583      0.000 4
  18   -2     -1.510     -0.709      0.000 4
  14   10     -1.493      0.339      0.000 4
  15   11     -1.489     -0.439      0.000 4
  21   14     -1.488     -1.170      0.000 4
  17   12     -1.478      0.063      0.000 4
  -1   15     -1.468      0.827      0.000 4
  19   16     -1.463     -0.726      0.000 4
  20   17     -1.456      1.144      0.000 4
  22   18     -1.450     -0.476      0.000 4
  23   19     -1.449      0.748      0.000 4
  24   20     -1.446      0.878      0.000 4
  26   23     -1.434      0.024      0.000 4
  25   22     -1.433     -0.023      0.000 4
  -1   -2     -1.430      0.646      0.000 4
  27   24     -1.426      0.190      0.000 4
  29   25     -1.412     -1.099      0.000 4
  -1   26     -1.406     -0.822      0.000 4
  -1   28     -1.400     -1.165      0.000 4
  32   -2     -1.379      0.455      0.000 4
  33   30     -1.378      0.636      0.000 4
  35   32     -1.373     -0.037      0.000 4
  36   31     -1.371     -0.408      0.000 4
  37   33     -1.361     -0.770      0.000 4
  38   -2     -1.355     -0.970      0.000 4
  31   34     -1.353      0.747      0.000 4
  40   36     -1.335      1.031      0.000 4
  41   38     -1.330     -0.510      0.000 4
  43   37     -1.327     -1.007      0.000 4
  42   39     -1.323     -0.157      0.000 4
  -1   44     -1.318     -1.162      0.000 4
  44   40     -1.296     -0.609      0.000 4
  48   41     -1.289     -0.923      0.000 4
  46   42     -1.289     -0.716      0.000 4
  47   -2     -1.280     -1.159      0.000 4
  49   -2     -1.275     -1.105      0.000 4
  -1   45     -1.272     -0.947      0.000 4
  52   56     -1.261      0.043      0.000 4
  50   46     -1.259      0.447      0.000 4
  51   47     -1.247      0.699      0.000 4
  53   48     -1.247      0.912      0.000 4
  55   49     -1.242      1.087      0.000 4
  54   50     -1.242      0.797      0.000 4
  -1   -2     -1.240      0.480      0.000 4
  56   51     -1.230     -0.398      0.000 4
  64   -2     -1.227      0.936      0.000 4
  58   52     -1.226     -0.722      0.000 4
  57   54     -1.225     -0.125      0.000 4
  59   53     -1.224     -1.083      0.000 4
  60   55     -1.221     -0.925      0.000 4
  -1   59     -1.203     -0.476      0.000 4
  -1   -2     -1.201     -0.627      0.000 4
  62   60     -1.199      0.433      0.000 4
  63   61     -1.198      0.709      0.000 4
  65   63     -1.183     -0.416      0.000 4
  66   64     -1.179     -0.319      0.000 4
  67   65     -1.178     -0.991      0.000 4
  69   -2     -1.176      0.601      0.000 4
  68   66     -1.170     -1.164      0.000 4
  70   67     -1.168      0.517      0.000 4
  72   70     -1.161     -0.180      0.000 4
  -1   69     -1.156      1.114      0.000 4
  74   72     -1.155      0.418      0.000 4
  -1   71     -1.155     -0.913      0.000 4
  -1   74     -1.152     -0.531      0.000 4
  76   73     -1.150     -0.951      0.000 4
  -1   -2     -1.136     -1.122      0.000 4
  77   75     -1.128     -0.197      0.000 4
  78   77     -1.128      0.617      0.000 4
  79   76     -1.127     -0.240      0.000 4
  80   78     -1.122      0.362      0.000 4
  81   79     -1.115      0.855      0.000 4
  82   -2     -1.111      1.106      0.000 4
  83   80     -1.104     -1.175      0.000 4
  84   -2     -1.098     -1.090      0.000 4
  85   81     -1.081     -0.465      0.000 4
  87   83     -1.063      0.321      0.000 4
  88   82     -1.062     -0.784      0.000 4
  89   84     -1.057     -1.098      0.000 4
  90   86     -1.046     -0.094      0.000 4
  91   88     -1.032      0.591      0.000 4
  93   89     -1.030      0.951      0.000 4
  92   85     -1.029     -1.148      0.000 4
  95   90     -1.011     -0.917      0.000 4
  96   92     -1.001      1.068      0.000 4
  97   93     -0.989     -0.138      0.000 4
  99   94     -0.980     -1.123      0.000 4
  98   95     -0.976      0.339      0.000 4
 100   96     -0.972     -0.016      0.000 4
 101   97     -0.971     -0.219      0.000 4
 102   98     -0.963      0.704      0.000 4
  -1   99     -0.951      0.265      0.000 4
 105  101     -0.940      0.920      0.000 4
 103  102     -0.937      0.322      0.000 4
 108  103     -0.933     -0.986      0.000 4
  -1  109     -0.930      1.159      0.000 4
 104  113     -0.916     -0.628      0.000 4
 119   87     -0.913     -0.306      0.000 4
 114  106     -0.911     -1.168      0.000 4
 111  108     -0.911     -0.053      0.000 4
  -1   -2     -0.906      1.108      0.000 4
 107  112     -0.902      0.383      0.000 4
 115  110     -0.901      0.040      0.000 4
 117  111     -0.898     -0.764      0.000 4
 118   -2     -0.891     -0.711      0.000 4
  -1  114     -0.873     -1.141      0.000 4
 120  115     -0.871      0.141      0.000 4
 121  116     -0.858      0.813      0.000 4
 106  142     -0.852     -0.442      0.000 4
 122  124     -0.840     -0.115      0.000 4
 124  121     -0.838     -1.170      0.000 4
 125  120     -0.833      1.048      0.000 4
 127  122     -0.829      0.879      0.000 4
  -1  123     -0.822      1.095      0.000 4
 129   -2     -0.817      0.067      0.000 4
 131  125     -0.816      0.988      0.000 4
 130   -2     -0.816     -0.913      0.000 4
 132  126     -0.815     -0.755      0.000 4
  -1   -2     -0.811     -0.806      0.000 4
 133   -2     -0.792     -1.174      0.000 4
  -1  128     -0.780      0.653      0.000 4
 134  129     -0.765     -0.539      0.000 4
 135  130     -0.762      0.958      0.000 4
 136  132     -0.757     -1.134      0.000 4
 137   -2     -0.754     -0.933      0.000 4
  -1  133     -0.747      0.850      0.000 4
 139  134     -0.746     -0.287      0.000 4
 141  137     -0.733     -0.672      0.000 4
 146  131     -0.730     -0.964      0.000 4
 142  140     -0.730     -1.082      0.000 4
  -1  138     -0.729     -0.545      0.000 4
 143  139     -0.718      0.050      0.000 4
 145  141     -0.715     -0.256      0.000 4
  -1   -2     -0.715     -1.012      0.000 4
 147  145     -0.699      0.332      0.000 4
 149  143     -0.698     -1.172      0.000 4
 128   -2     -0.697      1.033      0.000 4
  -1  148     -0.685      0.293      0.000 4
 150  147     -0.681     -0.479      0.000 4
 153  149     -0.661     -0.736      0.000 4
 152  152     -0.660     -0.210      0.000 4
 155  150     -0.660      0.857      0.000 4
 154  151     -0.659      0.821      0.000 4
  -1   -2     -0.656      1.153      0.000 4
 157  154     -0.655     -0.882      0.000 4
 156  156     -0.654      0.448      0.000 4
  -1  155     -0.653     -0.268      0.000 4
  -1  157     -0.641      1.106      0.000 4
 159  158     -0.634      1.029      0.000 4
 161  159     -0.632      0.081      0.000 4
  -1  168     -0.631     -1.101      0.000 4
 163  161     -0.629      0.175      0.000 4
 164  160     -0.627     -0.473      0.000 4
 165  164     -0.619      0.628      0.000 4
 167  163     -0.617     -1.053      0.000 4
 168  162     -0.617     -0.976      0.000 4
 169  165     -0.603     -0.035      0.000 4
 176  146     -0.582     -1.172      0.000 4
  -1  170     -0.579     -0.105      0.000 4
 171  169     -0.577      0.994      0.000 4
  -1   -2     -0.566      0.127      0.000 4
 172  171     -0.557     -0.933      0.000 4
 174  172     -0.555     -0.249      0.000 4
  -1   -2     -0.552      1.160      0.000 4
 175  174     -0.545      0.412      0.000 4
 178  175     -0.543     -1.168      0.000 4
 170   -2     -0.536     -1.086      0.000 4
 177  177     -0.533     -0.618      0.000 4
 179  178     -0.526      1.114      0.000 4
 180  179     -0.524      0.897      0.000 4
 181  180     -0.512      0.295      0.000 4
 182  181     -0.503     -0.154      0.000 4
  -1  182     -0.496      0.463      0.000 4
  -1  183     -0.491      0.819      0.000 4
  -1  184     -0.488     -0.706      0.000 4
 184  188     -0.477      0.677      0.000 4
 185  189     -0.477     -0.243      0.000 4
  -1  187     -0.474      0.984      0.000 4
 187  190     -0.465     -0.210      0.000 4
 188  191     -0.461     -0.535      0.000 4
 189  192     -0.457     -1.107      0.000 4
 190  193     -0.455     -0.764      0.000 4
 191  194     -0.449     -0.874      0.000 4
 192  195     -0.445      0.649      0.000 4
 193  196     -0.432     -0.592      0.000 4
  -1  215     -0.427     -0.366      0.000 4
 211   -2     -0.421      1.118      0.000 4
  -1  199     -0.413      0.366      0.000 4
 195  198     -0.412     -0.659      0.000 4
 196  203     -0.396      0.268      0.000 4
  -1  200     -0.395     -1.057      0.000 4
 197  202     -0.393      0.776      0.000 4
 200  204     -0.389     -0.870      0.000 4
 199  207     -0.388      0.471      0.000 4
 202  205     -0.388      0.888      0.000 4
 198  206     -0.388      0.958      0.000 4
 201  208     -0.385     -0.495      0.000 4
 204  209     -0.363     -0.151      0.000 4
 205  212     -0.357      0.699      0.000 4
 207  214     -0.353     -1.124      0.000 4
 206   -2     -0.352     -0.398      0.000 4
  -1   -2     -0.351     -1.081      0.000 4
 209  216     -0.343      0.362      0.000 4
 210   -2     -0.335     -0.651      0.000 4
  -1  217     -0.329      1.141      0.000 4
 212   -2     -0.328     -0.738      0.000 4
 214  219     -0.321     -0.328      0.000 4
 215  218     -0.321     -0.823      0.000 4
 216  220     -0.309      0.680      0.000 4
 217  222     -0.299      0.649      0.000 4
 231   -2     -0.299     -0.458      0.000 4
 218  221     -0.299     -0.870      0.000 4
 219  223     -0.289     -0.574      0.000 4
 221  233     -0.279      0.023      0.000 4
  -1  235     -0.279      0.462      0.000 4
  -1  227     -0.266     -0.749      0.000 4
 223  228     -0.261     -0.952      0.000 4
 222  229     -0.261      0.607      0.000 4
 225  226     -0.259     -1.167      0.000 4
 226  231     -0.247      0.074      0.000 4
 227   -2     -0.242     -1.074      0.000 4
  -1  232     -0.234     -1.028      0.000 4
 224   -2     -0.230      0.926      0.000 4
 230  234     -0.225     -0.201      0.000 4
  -1   -2     -0.219      0.377      0.000 4
  -1   -2     -0.217     -0.864      0.000 4
 233   -2     -0.204     -0.139      0.000 4
 235  238     -0.186     -0.646      0.000 4
 236  240     -0.183      0.408      0.000 4
 238  239     -0.182     -0.536      0.000 4
 237  241     -0.181     -1.059      0.000 4
 239  242     -0.176      1.129      0.000 4
 240  243     -0.172     -0.053      0.000 4
 242  244     -0.158      0.522      0.000 4
 232   -2     -0.157      0.282      0.000 4
 248   -2     -0.143     -1.121      0.000 4
 245  248     -0.135     -0.876      0.000 4
 244  249     -0.135      0.198      0.000 4
  -1   -2     -0.133     -0.332      0.000 4
 262  236     -0.132     -0.116      0.000 4
  -1  252     -0.121      0.732      0.000 4
 250  251     -0.120      1.137      0.000 4
 241  254     -0.109     -0.251      0.000 4
 254  253     -0.107     -1.168      0.000 4
 252  256     -0.107      0.296      0.000 4
 255  255     -0.103     -0.506      0.000 4
  -1  257     -0.092     -0.993      0.000 4
 256  258     -0.087      0.489      0.000 4
 257  260     -0.085      0.977      0.000 4
  -1  261     -0.084      0.009      0.000 4
  -1  247     -0.081     -0.609      0.000 4
 258  262     -0.078     -0.938      0.000 4
 260  264     -0.067      1.088      0.000 4
 259   -2     -0.066     -0.322      0.000 4
  -1  266     -0.062      0.791      0.000 4
  -1  265     -0.042     -0.371      0.000 4
 275  263     -0.038     -1.120      0.000 4
 267  267     -0.035      1.035      0.000 4
 264  269     -0.024      0.473      0.000 4
  -1  270     -0.016      0.897      0.000 4
 276  259     -0.012      0.052      0.000 4
 268  273     -0.008      0.311      0.000 4
 271   -2      0.003      0.115      0.000 4
 277  272      0.005     -1.027      0.000 4
 272  276      0.008      0.818      0.000 4
 273  277      0.015      0.476      0.000 4
 274   -2      0.020      0.283      0.000 4
 278  281      0.052      0.539      0.000 4
 288  274      0.054     -1.166      0.000 4
 279  282      0.058      0.747      0.000 4
  -1  278      0.060      0.308      0.000 4
  -1   -2      0.061      0.995      0.000 4
 280  284      0.064     -0.912      0.000 4
 281  286      0.069     -0.756      0.000 4
 283  287      0.075      0.136      0.000 4
  -1   -2      0.082     -0.658      0.000 4
 284  288      0.084     -0.194      0.000 4
 285  298      0.084     -0.569      0.000 4
 266   -2      0.088      0.101      0.000 4
  -1  283      0.096      0.965      0.000 4
  -1  291      0.104      1.027      0.000 4
 289  293      0.136      0.803      0.000 4
 290  294      0.138     -0.952      0.000 4
 291  295      0.141     -0.369      0.000 4
 292  296      0.143      0.701      0.000 4
 293  299      0.152     -1.066      0.000 4
 294  297      0.154      0.560      0.000 4
 296  300      0.166      0.874      0.000 4
 297  301      0.177      0.304      0.000 4
 298  302      0.183     -0.552      0.000 4
 299  303      0.191     -1.032      0.000 4
 300   -2      0.193     -1.172      0.000 4
 301  304      0.200     -0.353      0.000 4
 302  306      0.214     -0.848      0.000 4
  -1  314      0.216     -1.145      0.000 4
 303  307      0.217      1.080      0.000 4
 305  305      0.218     -1.061      0.000 4
 304   -2      0.219      0.902      0.000 4
 306  308      0.221      0.037      0.000 4
 310  310      0.229      0.460      0.000 4
 309   -2      0.230     -0.725      0.000 4
 311  312      0.237     -1.013      0.000 4
 312  313      0.247     -0.106      0.000 4
 313  315      0.272     -0.286      0.000 4
 314  317      0.276      0.805      0.000 4
  -1  316      0.277      0.122      0.000 4
 315  318      0.288      1.012      0.000 4
 316  319      0.296      0.941      0.000 4
 317  321      0.300      0.209      0.000 4
  -1  322      0.308     -1.175      0.000 4
 321  323      0.339     -0.255      0.000 4
 322  325      0.349      0.057      0.000 4
 320  332      0.356     -1.172      0.000 4
 325  328      0.356      1.149      0.000 4
 324  329      0.358      0.860      0.000 4
 326  330      0.360     -1.042      0.000 4
 327   -2      0.366     -1.121      0.000 4
 328  331      0.367      0.289      0.000 4
 329  334      0.385     -0.324      0.000 4
 330  336      0.389     -1.098      0.000 4
 331  337      0.390     -0.678      0.000 4
 333  341      0.418     -0.985      0.000 4
 334  340      0.420      0.056      0.000 4
 335  342      0.425     -0.329      0.000 4
  -1  353      0.426     -1.155      0.000 4
 336  343      0.432     -0.762      0.000 4
 338  344      0.437      0.249      0.000 4
 339  345      0.449      0.145      0.000 4
 340  346      0.451     -0.560      0.000 4
 342  348      0.459      1.063      0.000 4
  -1  350      0.469     -0.683      0.000 4
 347   -2      0.476     -0.507      0.000 4
 349  354      0.486      0.007      0.000 4
 348   -2      0.492     -1.153      0.000 4
  -1   -2      0.497      0.588      0.000 4
  -1  355      0.500      0.428      0.000 4
 352  356      0.502     -0.357      0.000 4
  -1  357      0.509     -0.842      0.000 4
 354  358      0.513     -0.691      0.000 4
 355  360      0.523      0.621      0.000 4
 357  359      0.524      0.519      0.000 4
 358   -2      0.526      0.267      0.000 4
 359  362      0.533      1.161      0.000 4
 360  363      0.536     -0.537      0.000 4
 361  367      0.544     -0.799      0.000 4
 362  365      0.547     -0.020      0.000 4
 370   -2      0.554      0.572      0.000 4
  -1   -2      0.554      0.301      0.000 4
 372   -2      0.561     -0.828      0.000 4
 366  370      0.568     -0.864      0.000 4
 367  369      0.569      0.645      0.000 4
  -1  361      0.572      0.175      0.000 4
  -1  368      0.574      0.604      0.000 4
 345  396      0.588     -0.498      0.000 4
 368  379      0.606      1.152      0.000 4
 380   -2      0.606     -1.168      0.000 4
 363   -2      0.610      0.720      0.000 4
 373  377      0.611     -0.909      0.000 4
 375   -2      0.618     -1.061      0.000 4
 377  378      0.618      0.904      0.000 4
 378  380      0.624      0.780      0.000 4
 379  382      0.632     -0.670      0.000 4
  -1  383      0.643     -0.033      0.000 4
  -1  381      0.643     -1.057      0.000 4
 381  384      0.651     -0.763      0.000 4
 382  386      0.662     -0.613      0.000 4
 383  387      0.663      0.427      0.000 4
 385  389      0.667      0.698      0.000 4
 384  388      0.667      0.460      0.000 4
 387   -2      0.676      0.274      0.000 4
 388   -2      0.680     -1.082      0.000 4
  -1  392      0.683     -0.968      0.000 4
 392  385      0.706     -0.184      0.000 4
 389  394      0.706      0.820      0.000 4
 390  395      0.708     -0.420      0.000 4
 391   -2      0.709      0.282      0.000 4
 393  397      0.718      0.742      0.000 4
 394  398      0.720     -0.807      0.000 4
 404  391      0.726      1.059      0.000 4
 395  401      0.727     -1.122      0.000 4
 397  399      0.728      0.418      0.000 4
 398  402      0.732     -1.029      0.000 4
 399  403      0.737     -0.235      0.000 4
 400  404      0.748     -0.649      0.000 4
 402  407      0.758     -1.076      0.000 4
 403  408      0.760      0.966      0.000 4
  -1  409      0.764     -0.414      0.000 4
  -1   -2      0.771      0.650      0.000 4
  -1   -2      0.779     -1.141      0.000 4
 405  410      0.780     -0.012      0.000 4
 408  413      0.781     -0.987      0.000 4
 406  411      0.781     -0.347      0.000 4
 407  414      0.784     -1.036      0.000 4
 409  415      0.795      0.913      0.000 4
 410  416      0.800     -0.608      0.000 4
  -1  417      0.803     -0.993      0.000 4
 411  418      0.809     -0.788      0.000 4
 412  419      0.821      0.215      0.000 4
 415  420      0.832      0.255      0.000 4
 414  421      0.833     -1.113      0.000 4
 416   -2      0.839      0.667      0.000 4
  -1  423      0.841      0.611      0.000 4
 417  425      0.843     -0.855      0.000 4
  -1  422      0.846     -1.053      0.000 4
 429   -2      0.856      0.751      0.000 4
  -1  429      0.867      1.135      0.000 4
  -1  426      0.867     -0.203      0.000 4
 420  431      0.869     -0.779      0.000 4
 423  430      0.873      0.564      0.000 4
 425  433      0.876      0.340      0.000 4
 426  435      0.877      0.294      0.000 4
 424   -2      0.895      1.133      0.000 4
 427  447      0.895     -1.159      0.000 4
 428  436      0.900     -1.005      0.000 4
 431  441      0.920     -0.873      0.000 4
 433  437      0.920     -0.049      0.000 4
 432  438      0.923      0.991      0.000 4
  -1  439      0.925      1.044      0.000 4
 435  440      0.935      1.101      0.000 4
 436   -2      0.936     -0.806      0.000 4
 438  444      0.945      0.071      0.000 4
 439  445      0.953     -0.269      0.000 4
 440  446      0.955     -0.458      0.000 4
 434   -2      0.964     -1.133      0.000 4
 441  448      0.968     -0.549      0.000 4
 442  449      0.970     -0.164      0.000 4
 443  450      0.978      0.700      0.000 4
  -1  451      0.984      0.136      0.000 4
 445  452      0.985      0.644      0.000 4
 447   -2      0.987      0.081      0.000 4
 446  453      0.988      0.597      0.000 4
 449   -2      0.996      0.469      0.000 4
 450  456      1.004      0.381      0.000 4
 451   -2      1.015      0.748      0.000 4
 421   -2      1.027     -0.241      0.000 4
  -1  457      1.038     -0.270      0.000 4
 454  459      1.045      0.202      0.000 4
  -1   -2      1.051      0.699      0.000 4
 455  460      1.053     -0.175      0.000 4
 456  461      1.055     -0.621      0.000 4
 458  463      1.071      0.488      0.000 4
  -1   -2      1.073     -0.313      0.000 4
  -1  464      1.083     -0.732      0.000 4
 460  465      1.088      0.421      0.000 4
 459  466      1.088     -0.269      0.000 4
 461  481      1.099     -0.365      0.000 4
 463  467      1.107     -0.060      0.000 4
 462  468      1.110     -1.027      0.000 4
 465  470      1.117      0.939      0.000 4
 464  469      1.117      1.016      0.000 4
 466  471      1.123     -0.696      0.000 4
  -1  472      1.126      0.643      0.000 4
  -1   -2      1.126     -0.136      0.000 4
 467  473      1.136      0.810      0.000 4
 468  475      1.144     -1.141      0.000 4
 471  476      1.151     -0.035      0.000 4
 473  477      1.159      1.017      0.000 4
 474  479      1.165     -0.840      0.000 4
 469   -2      1.173      0.562      0.000 4
  -1  483      1.192      0.237      0.000 4
 470  484      1.192     -0.614      0.000 4
 478  485      1.197      0.071      0.000 4
 479   -2      1.201      0.144      0.000 4
 481  488      1.243      0.875      0.000 4
 482  490      1.253     -0.298      0.000 4
  -1  482      1.254     -0.011      0.000 4
 484  489      1.258     -0.567      0.000 4
 486   -2      1.264     -0.431      0.000 4
 487  494      1.269     -0.642      0.000 4
 493   -2      1.277     -1.094      0.000 4
 488  492      1.284      1.013      0.000 4
 489  491      1.286      0.251      0.000 4
 502   -2      1.287     -0.110      0.000 4
 485  497      1.290     -0.918      0.000 4
 492   -2      1.306     -0.586      0.000 4
  -1  496      1.311     -1.169      0.000 4
  -1   -2      1.318      0.562      0.000 4
 495  495      1.323      0.274      0.000 4
 496  498      1.336     -0.565      0.000 4
  -1  499      1.341      0.580      0.000 4
 497  500      1.345     -0.654      0.000 4
 498  502      1.362      0.401      0.000 4
 499   -2      1.373     -1.035      0.000 4
 494  515      1.383     -1.166      0.000 4
  -1  503      1.386     -1.092      0.000 4
  -1   -2      1.406      0.781      0.000 4
 503  506      1.407      1.145      0.000 4
 504   -2      1.409      0.453      0.000 4
 501  504      1.417     -1.049      0.000 4
 507  508      1.436     -0.560      0.000 4
 508  507      1.438     -0.425      0.000 4
 509  509      1.442     -0.318      0.000 4
 511  510      1.445      0.160      0.000 4
 510  511      1.446     -0.491      0.000 4
 500  533      1.453     -1.166      0.000 4
  -1  517      1.475     -0.460      0.000 4
 514  518      1.478      0.669      0.000 4
 516  519      1.489      0.238      0.000 4
 517  520      1.491     -0.865      0.000 4
  -1  522      1.494     -1.043      0.000 4
 518  521      1.494      0.563      0.000 4
  -1   -2      1.498     -0.554      0.000 4
  -1  524      1.500     -0.829      0.000 4
 519   -2      1.503      1.128      0.000 4
 520  525      1.525      0.648      0.000 4
  -1  523      1.526      1.097      0.000 4
 521  526      1.532      0.901      0.000 4
  -1  527      1.535      0.029      0.000 4
 523  529      1.536     -0.339      0.000 4
 522  528      1.536     -0.577      0.000 4
 524  530      1.540     -0.277      0.000 4
 525  531      1.543      0.286      0.000 4
 526  532      1.544     -0.098      0.000 4
 527   -2      1.549     -1.163      0.000 4
 528   -2      1.559     -0.734      0.000 4
 530  535      1.559     -1.045      0.000 4
 529  534      1.560     -0.307      0.000 4
 531  536      1.565      1.172      0.000 4
 532  537      1.570      0.044      0.000 4
 533  538      1.574     -0.941      0.000 4
