524
   1    2     -1.564      0.848      0.000 4
   0    3     -1.562     -0.017      0.000 4
   3    4     -1.556      0.258      0.000 4
   5    5     -1.542      0.802      0.000 4
   7   21     -1.524     -0.122      0.000 4
   8    6     -1.518     -1.029      0.000 4
   9    8     -1.507      0.219      0.000 4
  -1    9     -1.501      0.321      0.000 4
  11   22     -1.491      0.519      0.000 4
  10   10     -1.490      0.275      0.000 4
  12   24     -1.488     -0.729      0.000 4
  15   11     -1.484      0.854      0.000 4
  13   13     -1.483      0.646      0.000 4
  17   12     -1.481     -0.283      0.000 4
  16   14     -1.480      0.406      0.000 4
  14    7     -1.468     -1.168      0.000 4
  20   16     -1.465      1.000      0.000 4
  21   17     -1.459      0.155      0.000 4
  -1   -2     -1.452      0.564      0.000 4
  22   18     -1.447     -0.986      0.000 4
  23   19     -1.445     -0.593      0.000 4
  28   25     -1.425     -0.337      0.000 4
  26   23     -1.425     -0.290      0.000 4
  27   27     -1.415      0.333      0.000 4
  29   26     -1.415      0.698      0.000 4
  31   29     -1.387     -0.375      0.000 4
  32   30     -1.386      0.281      0.000 4
  33   -2     -1.379     -0.842      0.000 4
  34   32     -1.375      0.630      0.000 4
  35   35     -1.371      0.067      0.000 4
  36   36     -1.368      1.099      0.000 4
  38   37     -1.359     -0.884      0.000 4
  37   38     -1.357      0.600      0.000 4
  47   31     -1.353     -1.157      0.000 4
  39   39     -1.352     -1.026      0.000 4
  41   42     -1.330      1.018      0.000 4
  42   43     -1.325     -1.125      0.000 4
  44   -2     -1.323      1.070      0.000 4
  -1   52     -1.323      0.684      0.000 4
  45   45     -1.321      0.915      0.000 4
  46   46     -1.317     -0.003      0.000 4
  -1   -2     -1.305     -0.965      0.000 4
  49   47     -1.302     -0.805      0.000 4
  48   48     -1.302      0.167      0.000 4
  50   33     -1.300     -0.226      0.000 4
  -1   -2     -1.292     -1.166      0.000 4
  -1   49     -1.287     -0.831      0.000 4
  51   50     -1.286     -0.328      0.000 4
  52   53     -1.275      0.546      0.000 4
  -1   51     -1.273     -0.972      0.000 4
  -1   -2     -1.272      0.644      0.000 4
  54   -2     -1.261     -0.423      0.000 4
  55   54     -1.260     -0.616      0.000 4
  -1   55     -1.252      0.386      0.000 4
  58   56     -1.241      0.986      0.000 4
  57   57     -1.241     -0.518      0.000 4
  59   58     -1.234     -0.824      0.000 4
  61   -2     -1.230     -1.174      0.000 4
  60   -2     -1.229      0.503      0.000 4
  65   -2     -1.209     -0.766      0.000 4
  62   60     -1.204     -1.116      0.000 4
  63   61     -1.200      0.819      0.000 4
  64   -2     -1.193     -0.120      0.000 4
  66   62     -1.187     -1.078      0.000 4
  67   -2     -1.173     -1.174      0.000 4
  -1   64     -1.173      0.610      0.000 4
  69   65     -1.168     -0.860      0.000 4
  68   66     -1.167      0.717      0.000 4
  70   67     -1.165     -0.823      0.000 4
  71   68     -1.154      0.990      0.000 4
  73   73     -1.124     -0.343      0.000 4
  74   75     -1.117      0.398      0.000 4
  75   74     -1.115      1.032      0.000 4
  77   76     -1.109     -1.054      0.000 4
  76   77     -1.108     -1.015      0.000 4
  78   79     -1.097      0.643      0.000 4
  79   82     -1.078     -0.103      0.000 4
  80   81     -1.078     -0.369      0.000 4
  81   83     -1.069     -0.474      0.000 4
  82   85     -1.056     -0.280      0.000 4
  83   87     -1.052      0.798      0.000 4
  84   88     -1.049      0.393      0.000 4
  -1   86     -1.047     -0.307      0.000 4
  85   -2     -1.042      0.260      0.000 4
  86   89     -1.042     -1.171      0.000 4
  88   -2     -1.035     -1.055      0.000 4
  89   91     -1.029      0.475      0.000 4
  90   92     -1.018     -0.857      0.000 4
  91   93     -1.012     -0.160      0.000 4
  93   94     -1.005      0.574      0.000 4
  94   96     -1.000      0.387      0.000 4
  96   98     -0.994      0.186      0.000 4
  97   97     -0.994      1.020      0.000 4
  -1   -2     -0.993      0.266      0.000 4
  99   99     -0.989      0.907      0.000 4
 100  101     -0.984     -0.430      0.000 4
  92   -2     -0.983     -0.217      0.000 4
  -1  102     -0.980     -0.178      0.000 4
 102   90     -0.978     -1.109      0.000 4
  -1  103     -0.970      1.056      0.000 4
 104  104     -0.959      0.336      0.000 4
  -1   -2     -0.951      0.442      0.000 4
 106  106     -0.949      0.775      0.000 4
 108  109     -0.942      1.120      0.000 4
 105  107     -0.942     -0.935      0.000 4
  87  129     -0.912     -0.764      0.000 4
 103  120     -0.909      1.082      0.000 4
 111  110     -0.902      0.569      0.000 4
 112  111     -0.893      0.305      0.000 4
  -1  112     -0.890      0.900      0.000 4
 114  113     -0.881     -0.089      0.000 4
 117  114     -0.862     -0.740      0.000 4
 116  115     -0.859      0.690      0.000 4
 118  116     -0.848     -0.612      0.000 4
 113   -2     -0.844     -1.089      0.000 4
 119  117     -0.842     -0.692      0.000 4
 120   -2     -0.830     -0.443      0.000 4
 121  119     -0.827     -0.136      0.000 4
 124   -2     -0.822      1.089      0.000 4
 115  122     -0.822     -1.163      0.000 4
 123  123     -0.818     -0.215      0.000 4
 126  124     -0.811      0.736      0.000 4
 125   -2     -0.808      0.384      0.000 4
 127  125     -0.799     -0.011      0.000 4
  -1   -2     -0.796      0.614      0.000 4
  -1  131     -0.794      0.325      0.000 4
  -1  126     -0.789      0.422      0.000 4
 129  127     -0.786      0.993      0.000 4
  -1   -2     -0.785     -1.028      0.000 4
 122   -2     -0.784     -0.039      0.000 4
 130  128     -0.783      0.816      0.000 4
 133   -2     -0.781     -0.800      0.000 4
 131  132     -0.778      0.258      0.000 4
 134  133     -0.775     -0.753      0.000 4
 136  134     -0.770      0.887      0.000 4
 135  135     -0.770      0.396      0.000 4
 137   -2     -0.763      0.312      0.000 4
 139  136     -0.749     -0.925      0.000 4
 141  138     -0.740     -0.449      0.000 4
 140  140     -0.739     -0.059      0.000 4
 142  137     -0.739     -0.963      0.000 4
 132  139     -0.735     -1.009      0.000 4
 145  141     -0.733     -0.785      0.000 4
 147  143     -0.725      0.035      0.000 4
 148  142     -0.723      0.982      0.000 4
 150  147     -0.704      1.110      0.000 4
 151  145     -0.694      0.139      0.000 4
 152  146     -0.693     -0.154      0.000 4
  -1   -2     -0.685     -0.495      0.000 4
  -1  144     -0.683      0.772      0.000 4
 153   -2     -0.681      1.065      0.000 4
 155  148     -0.677      1.011      0.000 4
 154  149     -0.675     -0.559      0.000 4
  -1  152     -0.673     -0.690      0.000 4
 146  151     -0.668     -1.173      0.000 4
 156  153     -0.662     -0.107      0.000 4
 157   -2     -0.659     -0.655      0.000 4
 158  154     -0.655      0.731      0.000 4
  -1  155     -0.647     -1.078      0.000 4
 161  157     -0.644      1.148      0.000 4
 162   -2     -0.641     -0.571      0.000 4
 160  159     -0.638      0.065      0.000 4
 163  160     -0.629     -1.117      0.000 4
 164  161     -0.626     -1.006      0.000 4
 165  164     -0.616     -0.771      0.000 4
 167  165     -0.609     -0.312      0.000 4
 168  166     -0.598      0.894      0.000 4
 169  168     -0.587     -0.436      0.000 4
 171  169     -0.580     -0.517      0.000 4
 172  171     -0.575     -0.284      0.000 4
 173  170     -0.575     -0.778      0.000 4
 174  172     -0.562      0.412      0.000 4
 175   -2     -0.556     -0.987      0.000 4
 176  173     -0.553      1.061      0.000 4
  -1  167     -0.553     -1.092      0.000 4
 177  174     -0.550      0.042      0.000 4
 187  175     -0.540     -1.174      0.000 4
 179  176     -0.537      0.350      0.000 4
 180  177     -0.528     -0.521      0.000 4
 181  179     -0.518     -0.241      0.000 4
 182  180     -0.516      0.269      0.000 4
 184  182     -0.515      0.548      0.000 4
 186  181     -0.514      0.483      0.000 4
 185  183     -0.512      0.683      0.000 4
  -1   -2     -0.489     -1.175      0.000 4
  -1   -2     -0.485     -0.299      0.000 4
 188  184     -0.478      0.983      0.000 4
 189  185     -0.473      0.078      0.000 4
 190  187     -0.468      0.188      0.000 4
 191  186     -0.467     -0.687      0.000 4
 192  189     -0.449     -0.054      0.000 4
  -1  191     -0.446     -0.823      0.000 4
 193  190     -0.438     -0.959      0.000 4
  -1   -2     -0.437     -0.785      0.000 4
 194  193     -0.433     -0.136      0.000 4
 196  194     -0.427     -0.296      0.000 4
 198  195     -0.419     -0.851      0.000 4
 199  197     -0.409      0.452      0.000 4
 214  188     -0.405     -1.161      0.000 4
 201  199     -0.392      0.763      0.000 4
  -1  200     -0.388     -0.523      0.000 4
 203   -2     -0.381     -0.616      0.000 4
 205  201     -0.376     -0.973      0.000 4
  -1  202     -0.376      0.524      0.000 4
 204  203     -0.373      0.327      0.000 4
 207  204     -0.368      1.077      0.000 4
 208  205     -0.366     -0.683      0.000 4
 206   -2     -0.364     -0.191      0.000 4
 210  208     -0.359      0.740      0.000 4
  -1   -2     -0.356     -0.757      0.000 4
 195  224     -0.355     -1.080      0.000 4
 209  206     -0.351     -0.300      0.000 4
 213  211     -0.350      1.004      0.000 4
 212  212     -0.350      0.924      0.000 4
 215  214     -0.342     -0.264      0.000 4
 216  215     -0.336      0.889      0.000 4
  -1   -2     -0.328      0.526      0.000 4
 222   -2     -0.310     -0.805      0.000 4
 220  216     -0.306     -0.589      0.000 4
 221  217     -0.300     -0.947      0.000 4
 223  218     -0.290     -0.999      0.000 4
 224  219     -0.289      0.813      0.000 4
 225   -2     -0.285     -0.768      0.000 4
  -1  220     -0.284      0.548      0.000 4
 227   -2     -0.278     -1.170      0.000 4
 229  221     -0.274      0.303      0.000 4
 218  234     -0.266     -0.487      0.000 4
 235   -2     -0.264     -1.087      0.000 4
 230  225     -0.250     -0.203      0.000 4
 231  226     -0.239      0.421      0.000 4
  -1   -2     -0.235      0.881      0.000 4
 232  229     -0.232     -0.697      0.000 4
  -1   -2     -0.230      1.039      0.000 4
 233  230     -0.230     -0.415      0.000 4
 238   -2     -0.209      0.123      0.000 4
  -1   -2     -0.204      0.342      0.000 4
  -1  222     -0.197     -1.163      0.000 4
 240  231     -0.194      0.726      0.000 4
 241   -2     -0.183     -0.817      0.000 4
 242   -2     -0.182      1.109      0.000 4
 236   -2     -0.161     -0.592      0.000 4
 244  240     -0.156     -0.137      0.000 4
 246  232     -0.152     -0.897      0.000 4
 245  236     -0.149      0.068      0.000 4
  -1   -2     -0.145     -0.796      0.000 4
 248  237     -0.144     -0.276      0.000 4
 258   -2     -0.143     -1.119      0.000 4
 251  238     -0.135     -0.672      0.000 4
 250  239     -0.132     -1.042      0.000 4
 253   -2     -0.118     -0.197      0.000 4
 254  241     -0.111      0.494      0.000 4
 255  242     -0.105      0.391      0.000 4
  -1  245     -0.103     -0.698      0.000 4
 256  243     -0.102      1.120      0.000 4
 257  244     -0.101      0.634      0.000 4
 259  246     -0.091     -0.093      0.000 4
 260  247     -0.086      1.162      0.000 4
 261   -2     -0.084      0.332      0.000 4
 274   -2     -0.068     -1.153      0.000 4
 264  253     -0.063     -0.171      0.000 4
 265  252     -0.063     -0.649      0.000 4
 263  251     -0.062      0.227      0.000 4
  -1  248     -0.053     -1.123      0.000 4
 267  254     -0.047     -0.340      0.000 4
 268  255     -0.046      0.354      0.000 4
 262   -2     -0.041      0.597      0.000 4
  -1  273     -0.027      0.770      0.000 4
 272  258     -0.020     -0.016      0.000 4
 273  259     -0.004     -0.529      0.000 4
  -1  260      0.002      0.115      0.000 4
 275   -2      0.010      0.579      0.000 4
 276  262      0.012      0.998      0.000 4
 277  263      0.016      0.317      0.000 4
 271   -2      0.021      0.869      0.000 4
 278  264      0.032      0.375      0.000 4
  -1   -2      0.033     -1.125      0.000 4
 279  265      0.034      0.040      0.000 4
  -1   -2      0.041     -0.248      0.000 4
 287  261      0.042      0.586      0.000 4
 281   -2      0.048     -0.929      0.000 4
 282  268      0.055      0.337      0.000 4
 283  269      0.060      0.920      0.000 4
  -1  279      0.062     -0.057      0.000 4
 285  270      0.064      0.665      0.000 4
 284  271      0.066     -1.097      0.000 4
 298  257      0.072      0.807      0.000 4
 288  272      0.077     -0.938      0.000 4
  -1  283      0.081      1.158      0.000 4
 286   -2      0.086     -0.996      0.000 4
 291  275      0.099      0.146      0.000 4
  -1   -2      0.102     -0.545      0.000 4
 293  276      0.108      0.457      0.000 4
 294  278      0.111      0.100      0.000 4
 312  267      0.111     -1.168      0.000 4
 295   -2      0.113     -0.066      0.000 4
 300  280      0.135      0.865      0.000 4
 301  281      0.137     -0.951      0.000 4
 303   -2      0.150      1.062      0.000 4
 305  284      0.151     -0.497      0.000 4
 304  282      0.151     -0.613      0.000 4
 306  285      0.157     -0.691      0.000 4
 308  286      0.168     -0.273      0.000 4
 309  287      0.170     -0.103      0.000 4
 310  288      0.174      0.366      0.000 4
 311  289      0.188     -0.712      0.000 4
  -1   -2      0.198      1.091      0.000 4
 314  290      0.201      0.982      0.000 4
 315  292      0.209      0.567      0.000 4
 302  311      0.213      0.020      0.000 4
 318  294      0.215     -1.027      0.000 4
  -1  303      0.221     -0.316      0.000 4
 319  296      0.225     -0.582      0.000 4
 320  297      0.226     -0.899      0.000 4
 321  298      0.236     -0.164      0.000 4
 333   -2      0.245     -1.022      0.000 4
 322  299      0.248      0.984      0.000 4
  -1  300      0.255      0.125      0.000 4
 341   -2      0.257     -0.672      0.000 4
 313  319      0.259     -0.383      0.000 4
 331  295      0.259     -0.916      0.000 4
 329  307      0.270      1.129      0.000 4
 328  305      0.270      0.243      0.000 4
 332  309      0.281      0.162      0.000 4
 338  315      0.300     -1.172      0.000 4
 337   -2      0.311      0.047      0.000 4
 336  314      0.313     -0.209      0.000 4
 339   -2      0.316     -0.409      0.000 4
  -1  316      0.321      1.034      0.000 4
  -1   -2      0.321     -1.123      0.000 4
 352   -2      0.349      1.082      0.000 4
  -1  318      0.353     -0.420      0.000 4
 343  321      0.366      0.050      0.000 4
  -1  322      0.368      0.237      0.000 4
 344  323      0.373     -0.822      0.000 4
 346  325      0.376      0.295      0.000 4
  -1   -2      0.377     -1.176      0.000 4
 347  326      0.386     -0.423      0.000 4
 348  327      0.387      0.165      0.000 4
 349  328      0.388     -0.989      0.000 4
 353  331      0.419     -0.900      0.000 4
 354  330      0.420     -0.006      0.000 4
 355  332      0.421     -0.682      0.000 4
  -1   -2      0.423     -1.169      0.000 4
 356  333      0.423     -1.129      0.000 4
 350  338      0.425     -1.034      0.000 4
 360  334      0.441     -0.618      0.000 4
 358   -2      0.453      0.750      0.000 4
 364  339      0.455     -0.442      0.000 4
 363   -2      0.461      0.320      0.000 4
  -1  342      0.466     -0.676      0.000 4
 367  343      0.472     -0.035      0.000 4
 366  337      0.472      0.691      0.000 4
 369  344      0.482     -1.120      0.000 4
 372  347      0.486     -0.363      0.000 4
  -1  345      0.488      0.916      0.000 4
 371  346      0.488     -0.806      0.000 4
 368  348      0.492     -1.153      0.000 4
  -1  350      0.494      0.775      0.000 4
 376  352      0.499     -0.635      0.000 4
 377  353      0.503     -0.972      0.000 4
  -1   -2      0.505      0.690      0.000 4
 378  340      0.519      0.332      0.000 4
 381  356      0.539     -0.584      0.000 4
  -1   -2      0.540      0.858      0.000 4
 384  355      0.542     -0.932      0.000 4
 382  357      0.550     -0.045      0.000 4
 385   -2      0.557     -0.445      0.000 4
 386  359      0.559      0.920      0.000 4
 387  360      0.562      0.512      0.000 4
 388  362      0.567      0.553      0.000 4
 389  363      0.570      1.050      0.000 4
 390  365      0.573      0.322      0.000 4
  -1  364      0.577     -0.258      0.000 4
 391  366      0.588      0.825      0.000 4
  -1   -2      0.595      0.335      0.000 4
 392  367      0.598     -0.751      0.000 4
 394  371      0.616      0.496      0.000 4
  -1  376      0.619      0.950      0.000 4
 395  374      0.622     -0.687      0.000 4
 396  375      0.626     -0.845      0.000 4
 383  379      0.626     -1.156      0.000 4
 398  377      0.639      0.866      0.000 4
 403  358      0.639     -0.460      0.000 4
 401  378      0.646     -0.498      0.000 4
 397   -2      0.649      0.949      0.000 4
 402  381      0.683     -1.038      0.000 4
  -1  383      0.696      0.261      0.000 4
  -1   -2      0.699     -1.173      0.000 4
 406  384      0.700     -0.379      0.000 4
 405  385      0.701     -0.866      0.000 4
 407  380      0.701     -0.064      0.000 4
 414   -2      0.707     -1.099      0.000 4
 410  386      0.707     -0.701      0.000 4
 411  387      0.716      1.089      0.000 4
 412   -2      0.718     -1.000      0.000 4
 416  389      0.741      0.344      0.000 4
 415  390      0.742      0.395      0.000 4
 417  391      0.750     -0.644      0.000 4
 418  392      0.752      0.648      0.000 4
 419   -2      0.754     -0.075      0.000 4
  -1  402      0.760     -0.200      0.000 4
  -1   -2      0.774      0.855      0.000 4
  -1  393      0.778      1.062      0.000 4
 421   -2      0.782      0.925      0.000 4
 422   -2      0.786     -1.031      0.000 4
 423  394      0.799     -0.039      0.000 4
 424  395      0.800     -0.984      0.000 4
 429  398      0.819     -1.131      0.000 4
 426  397      0.819      0.906      0.000 4
  -1   -2      0.820      0.625      0.000 4
 427  419      0.821     -0.545      0.000 4
 428   -2      0.825     -0.877      0.000 4
 420  422      0.840     -0.202      0.000 4
 432  399      0.840      0.167      0.000 4
 430  400      0.840     -0.795      0.000 4
 433  401      0.851     -1.068      0.000 4
  -1  420      0.853     -0.149      0.000 4
 435   -2      0.857     -0.269      0.000 4
 436  403      0.860      0.428      0.000 4
 437  406      0.861      0.660      0.000 4
  -1  407      0.868      0.715      0.000 4
 449   -2      0.869      0.773      0.000 4
 440  410      0.877      1.074      0.000 4
 441  411      0.879     -0.455      0.000 4
 442  414      0.895      0.235      0.000 4
 444  416      0.900     -0.874      0.000 4
 445  417      0.901     -1.005      0.000 4
 447   -2      0.906     -0.543      0.000 4
  -1   -2      0.906      0.577      0.000 4
 448  421      0.911     -0.801      0.000 4
 450  415      0.916      1.178      0.000 4
 453  424      0.928      0.027      0.000 4
 454  423      0.929      0.529      0.000 4
 452  427      0.930     -1.000      0.000 4
 455  426      0.930     -0.252      0.000 4
 456  425      0.933     -0.153      0.000 4
 457  428      0.936     -1.078      0.000 4
 458  430      0.938     -0.866      0.000 4
 459  431      0.941     -0.701      0.000 4
 460  429      0.941      0.455      0.000 4
 462  433      0.973     -0.035      0.000 4
 464  434      0.979     -0.239      0.000 4
  -1  435      0.980     -1.117      0.000 4
 469  436      1.003     -0.588      0.000 4
 470  438      1.009     -0.326      0.000 4
 471  440      1.018     -0.003      0.000 4
 472  441      1.022      0.293      0.000 4
 465   -2      1.029      0.718      0.000 4
  -1   -2      1.038      0.590      0.000 4
 474  443      1.039      0.839      0.000 4
  -1   -2      1.045      0.265      0.000 4
 480  444      1.055      0.101      0.000 4
 476  446      1.057      0.973      0.000 4
  -1  447      1.076     -1.172      0.000 4
  -1  442      1.079      0.635      0.000 4
 478  448      1.080     -0.640      0.000 4
  -1  449      1.083     -0.330      0.000 4
 482  450      1.110      1.031      0.000 4
 483  452      1.111     -0.965      0.000 4
  -1  451      1.117      0.716      0.000 4
 484  455      1.134     -1.176      0.000 4
 485  454      1.138     -0.767      0.000 4
 481  453      1.138     -0.539      0.000 4
 487   -2      1.141      0.268      0.000 4
 489  456      1.155      0.879      0.000 4
 488  457      1.156      1.029      0.000 4
 490  458      1.159     -1.068      0.000 4
  -1  461      1.172      0.553      0.000 4
 493  462      1.185      0.284      0.000 4
 494   -2      1.185     -0.354      0.000 4
 495  464      1.201     -0.483      0.000 4
  -1   -2      1.208      0.558      0.000 4
 496  466      1.221      0.391      0.000 4
 498  467      1.227     -0.550      0.000 4
 499  468      1.228      0.992      0.000 4
  -1   -2      1.233      0.819      0.000 4
  -1   -2      1.237     -1.099      0.000 4
  -1   -2      1.248     -1.136      0.000 4
 501  469      1.253     -0.489      0.000 4
 502   -2      1.271     -0.996      0.000 4
 504  471      1.284     -0.462      0.000 4
 503  472      1.291     -1.172      0.000 4
 506  473      1.304     -0.541      0.000 4
 505   -2      1.305     -0.940      0.000 4
 508  474      1.332      0.176      0.000 4
 509  476      1.343     -1.047      0.000 4
 510  478      1.367     -0.905      0.000 4
 511  477      1.368      1.079      0.000 4
 512  479      1.369     -0.213      0.000 4
 513  480      1.375     -0.316      0.000 4
 514  482      1.377      0.238      0.000 4
 515  481      1.378      0.509      0.000 4
 516  483      1.383     -0.962      0.000 4
 517  484      1.392     -0.436      0.000 4
 518  485      1.393     -0.372      0.000 4
  -1  486      1.406     -1.166      0.000 4
 519  487      1.408     -0.909      0.000 4
 520  488      1.415      0.572      0.000 4
  -1   -2      1.417     -0.160      0.000 4
 522  490      1.443      0.268      0.000 4
 523  491      1.446      0.801      0.000 4
 525  493      1.449     -1.013      0.000 4
 524  492      1.451     -1.061      0.000 4
 521  500      1.463     -1.138      0.000 4
 528  496      1.472     -0.035      0.000 4
 527  497      1.474     -0.710      0.000 4
 529  498      1.481     -0.176      0.000 4
 533  494      1.485     -1.082      0.000 4
 531  499      1.486      0.417      0.000 4
 532  502      1.499      0.078      0.000 4
 534  503      1.507     -0.704      0.000 4
 536   -2      1.519      0.684      0.000 4
 537  506      1.522      0.565      0.000 4
 538  507      1.527      1.063      0.000 4
 535  508      1.531     -1.162      0.000 4
 540  510      1.537     -0.573      0.000 4
 541  509      1.537      0.368      0.000 4
 542   -2      1.543      0.105      0.000 4
 544  511      1.544      0.765      0.000 4
 543  513      1.544     -0.880      0.000 4
 545  512      1.546     -0.995      0.000 4
 547  515      1.558     -0.773      0.000 4
 548  516      1.561      1.106      0.000 4
 549  517      1.569      0.440      0.000 4
