518
  -1    4     -1.576      0.672      0.000 4
  -1    0     -1.572     -0.674      0.000 4
   1    1     -1.560      0.505      0.000 4
   2    2     -1.557     -0.981      0.000 4
   3   -2     -1.544      0.769      0.000 4
   4    5     -1.541      0.363      0.000 4
  -1    6     -1.535     -0.956      0.000 4
   6    8     -1.527     -0.006      0.000 4
  -1   20     -1.522     -0.367      0.000 4
  10    9     -1.512      0.235      0.000 4
   5   -2     -1.506     -1.165      0.000 4
  -1   13     -1.474     -0.898      0.000 4
   8   14     -1.459      0.928      0.000 4
  13   15     -1.456      0.784      0.000 4
  15   16     -1.455      0.201      0.000 4
  -1   17     -1.449      0.292      0.000 4
  16   19     -1.444      0.587      0.000 4
  18   -2     -1.440      0.469      0.000 4
   9   27     -1.438     -0.241      0.000 4
  21   21     -1.436      0.250      0.000 4
  23   22     -1.426     -0.538      0.000 4
  22   23     -1.425      0.367      0.000 4
  19   28     -1.412     -1.176      0.000 4
  -1   -2     -1.403      0.513      0.000 4
  24   25     -1.402      0.145      0.000 4
  -1   36     -1.396     -0.705      0.000 4
  26   -2     -1.384     -0.298      0.000 4
  -1   38     -1.377      0.440      0.000 4
  -1   30     -1.374      0.644      0.000 4
  28   29     -1.372     -0.966      0.000 4
  14   -2     -1.371      1.033      0.000 4
  12   51     -1.369     -0.823      0.000 4
  -1   33     -1.363      0.692      0.000 4
  30   34     -1.362      0.310      0.000 4
  31   35     -1.355     -1.066      0.000 4
  34   -2     -1.345     -0.932      0.000 4
  32   37     -1.345     -0.335      0.000 4
  33   39     -1.341      0.129      0.000 4
  35   43     -1.326      0.581      0.000 4
  36   42     -1.325      0.952      0.000 4
  -1   -2     -1.321     -0.905      0.000 4
  38   44     -1.321      1.012      0.000 4
  37   45     -1.319      0.261      0.000 4
  41   -2     -1.312     -0.180      0.000 4
  42   47     -1.305      0.069      0.000 4
  43   48     -1.303      0.553      0.000 4
  45   -2     -1.302     -0.754      0.000 4
  44   50     -1.300      0.858      0.000 4
  46   -2     -1.300     -0.945      0.000 4
  47   49     -1.297      1.150      0.000 4
  48   -2     -1.291     -0.781      0.000 4
  50   52     -1.288     -0.917      0.000 4
  -1   46     -1.278     -0.115      0.000 4
  40   54     -1.275     -1.165      0.000 4
  52   55     -1.272      0.638      0.000 4
  53   -2     -1.247      0.002      0.000 4
  49   57     -1.246      0.035      0.000 4
  55   -2     -1.242      0.709      0.000 4
  57   59     -1.234     -0.574      0.000 4
  56   -2     -1.232     -0.299      0.000 4
  59   60     -1.232     -0.775      0.000 4
  60   62     -1.230      0.937      0.000 4
  58   63     -1.228      0.157      0.000 4
  61   65     -1.216      0.511      0.000 4
  62   61     -1.209     -0.393      0.000 4
  63   67     -1.188      0.581      0.000 4
  64   86     -1.177      0.361      0.000 4
  65   69     -1.171     -0.599      0.000 4
  66   70     -1.169     -0.817      0.000 4
  67   71     -1.164      0.785      0.000 4
  68   -2     -1.162      0.473      0.000 4
  71   72     -1.162     -1.159      0.000 4
  70   73     -1.161     -0.784      0.000 4
  72   74     -1.157      0.987      0.000 4
  85   56     -1.138     -0.005      0.000 4
  74   75     -1.131     -1.010      0.000 4
  75   76     -1.125     -0.971      0.000 4
  76   77     -1.120      0.686      0.000 4
  78   79     -1.110     -0.525      0.000 4
  79   80     -1.108      0.996      0.000 4
  80   82     -1.090      0.600      0.000 4
  81   84     -1.089     -1.166      0.000 4
  82   83     -1.067     -0.329      0.000 4
  83   85     -1.056     -1.016      0.000 4
  86   -2     -1.035      0.381      0.000 4
  87   88     -1.019     -0.356      0.000 4
  88   89     -1.017     -0.701      0.000 4
  89   87     -1.017     -0.833      0.000 4
  84  108     -1.014     -1.168      0.000 4
  90   91     -1.013      0.773      0.000 4
  92   92     -1.006     -1.076      0.000 4
  94   94     -0.999     -0.959      0.000 4
  93   95     -0.998     -0.101      0.000 4
  95   97     -0.988     -0.272      0.000 4
  96   96     -0.985      0.999      0.000 4
  98   98     -0.968     -0.980      0.000 4
  97   99     -0.966      0.382      0.000 4
  99  100     -0.963      0.889      0.000 4
 101  101     -0.954      0.463      0.000 4
 102  102     -0.948     -0.915      0.000 4
 103   -2     -0.936      0.562      0.000 4
 104   -2     -0.932     -0.158      0.000 4
 105  103     -0.930     -0.423      0.000 4
 106  106     -0.917      0.379      0.000 4
 107  109     -0.911     -0.216      0.000 4
  -1  107     -0.908      1.068      0.000 4
  -1   -2     -0.908     -1.071      0.000 4
  -1  111     -0.905      0.184      0.000 4
 110  110     -0.902     -0.761      0.000 4
 109  112     -0.902     -0.177      0.000 4
  -1   -2     -0.897     -1.165      0.000 4
 111  113     -0.871      0.331      0.000 4
 113  124     -0.869     -0.981      0.000 4
 114  115     -0.865      0.893      0.000 4
 125  104     -0.856     -0.111      0.000 4
 115  117     -0.839     -0.735      0.000 4
 117  118     -0.833     -1.087      0.000 4
 116  119     -0.832      0.566      0.000 4
 118  120     -0.821      1.087      0.000 4
 124  132     -0.815     -1.157      0.000 4
  -1  121     -0.815     -0.691      0.000 4
 120  123     -0.813     -0.612      0.000 4
 108  146     -0.813      1.044      0.000 4
 122  125     -0.806      0.693      0.000 4
 123   -2     -0.806     -0.937      0.000 4
 126  130     -0.774     -0.448      0.000 4
 127  131     -0.772      0.996      0.000 4
  -1  138     -0.769      0.772      0.000 4
 128  133     -0.769     -0.801      0.000 4
 129   -2     -0.765      0.742      0.000 4
 130  134     -0.757     -0.932      0.000 4
 131  135     -0.754     -0.756      0.000 4
 136  136     -0.746     -1.011      0.000 4
 132  139     -0.745     -0.144      0.000 4
 133  140     -0.745      0.478      0.000 4
 135   -2     -0.744      0.823      0.000 4
 137  137     -0.743     -0.968      0.000 4
 134  142     -0.742     -0.224      0.000 4
 138  141     -0.741      0.896      0.000 4
 140  143     -0.722     -0.064      0.000 4
 139  144     -0.721      0.335      0.000 4
 141  147     -0.710     -0.016      0.000 4
 142   -2     -0.706      0.995      0.000 4
 143  148     -0.697     -1.128      0.000 4
  -1   -2     -0.694     -1.167      0.000 4
 144  145     -0.689      0.396      0.000 4
 145  149     -0.688      0.262      0.000 4
 146  150     -0.686     -0.463      0.000 4
 147  153     -0.680      0.321      0.000 4
 149  152     -0.676      1.083      0.000 4
 150  154     -0.664     -1.088      0.000 4
 151  155     -0.663      1.028      0.000 4
 152  157     -0.656     -0.067      0.000 4
 153  158     -0.651      1.170      0.000 4
 154  159     -0.645     -0.707      0.000 4
 155  161     -0.639      0.030      0.000 4
 157  160     -0.638     -1.023      0.000 4
 158  163     -0.631     -0.578      0.000 4
 159  164     -0.619      0.756      0.000 4
 160  166     -0.614     -0.165      0.000 4
 161   -2     -0.608      0.138      0.000 4
  -1   -2     -0.598      0.645      0.000 4
  -1  168     -0.598     -0.595      0.000 4
 162  169     -0.595     -0.794      0.000 4
 163   -2     -0.595     -1.147      0.000 4
  -1  170     -0.594     -1.116      0.000 4
 164  171     -0.582     -0.119      0.000 4
 167  173     -0.571      0.924      0.000 4
 156  190     -0.571     -0.952      0.000 4
 168  172     -0.559     -1.011      0.000 4
  -1  167     -0.549      0.226      0.000 4
 172   -2     -0.548     -1.172      0.000 4
  -1  175     -0.547      1.097      0.000 4
 171  176     -0.545     -0.335      0.000 4
  -1  178     -0.538     -1.091      0.000 4
 173  179     -0.534     -0.545      0.000 4
  -1  180     -0.531     -0.465      0.000 4
  -1  177     -0.522     -1.158      0.000 4
 174  181     -0.509     -0.309      0.000 4
  -1  189     -0.496     -0.259      0.000 4
 175  183     -0.483     -0.554      0.000 4
 176  184     -0.473      0.037      0.000 4
 179  182     -0.469     -1.174      0.000 4
 177  187     -0.465      0.366      0.000 4
 178  186     -0.465      0.718      0.000 4
 180  185     -0.464      1.029      0.000 4
 181   -2     -0.456      0.576      0.000 4
 182  188     -0.452      0.510      0.000 4
  -1   -2     -0.451     -0.266      0.000 4
 185   -2     -0.438     -1.005      0.000 4
 183  191     -0.438      0.284      0.000 4
 184  192     -0.436     -0.732      0.000 4
 187  194     -0.409     -0.902      0.000 4
 188  196     -0.399      0.073      0.000 4
 189  197     -0.396      0.192      0.000 4
 192  195     -0.396      1.140      0.000 4
 190  199     -0.381     -0.067      0.000 4
 195  200     -0.379     -1.169      0.000 4
 191  198     -0.379     -1.027      0.000 4
 193   -2     -0.370     -0.329      0.000 4
  -1  202     -0.366      1.139      0.000 4
 197  204     -0.359      0.815      0.000 4
 198  206     -0.351      0.481      0.000 4
 199  205     -0.350     -0.669      0.000 4
 200  207     -0.348     -0.574      0.000 4
 201   -2     -0.341      1.069      0.000 4
 203  226     -0.339     -0.815      0.000 4
 202  210     -0.338     -0.739      0.000 4
 209  201     -0.334     -0.405      0.000 4
 205  213     -0.325      0.795      0.000 4
  -1  214     -0.325      0.564      0.000 4
 206  215     -0.317      0.953      0.000 4
 207  216     -0.313      0.348      0.000 4
 208  217     -0.310     -0.222      0.000 4
 211  218     -0.301     -1.012      0.000 4
 212  219     -0.299     -0.340      0.000 4
 213  220     -0.295     -1.065      0.000 4
  -1  221     -0.290     -0.299      0.000 4
 214  222     -0.283     -0.924      0.000 4
  -1  223     -0.281      0.566      0.000 4
 216  225     -0.275     -0.650      0.000 4
 215  224     -0.272     -1.158      0.000 4
 217   -2     -0.271     -0.834      0.000 4
 218  227     -0.266      0.877      0.000 4
  -1  230     -0.229     -0.995      0.000 4
 221   -2     -0.229     -0.961      0.000 4
 220  232     -0.228      0.334      0.000 4
 229  233     -0.220     -1.090      0.000 4
 223   -2     -0.212     -0.768      0.000 4
 225   -2     -0.201     -0.237      0.000 4
  -1  236     -0.197     -1.060      0.000 4
 226  238     -0.195      0.458      0.000 4
 227  237     -0.194     -0.470      0.000 4
  -1  209     -0.172      1.100      0.000 4
 230  240     -0.171      0.794      0.000 4
 219  252     -0.159      0.603      0.000 4
 235  245     -0.137     -1.125      0.000 4
 241  234     -0.136     -0.877      0.000 4
 233  246     -0.133     -0.011      0.000 4
  -1  248     -0.115     -0.171      0.000 4
 239  249     -0.113     -0.755      0.000 4
 231  263     -0.109      0.064      0.000 4
 254  235     -0.106     -0.317      0.000 4
 242   -2     -0.086      0.540      0.000 4
 243  253     -0.081      0.699      0.000 4
 244  254     -0.080     -0.237      0.000 4
  -1  267     -0.075      0.434      0.000 4
  -1  265     -0.065     -0.393      0.000 4
  -1  258     -0.058     -0.118      0.000 4
 246  255     -0.055      0.363      0.000 4
 247  256     -0.053      0.784      0.000 4
  -1  259     -0.047     -0.807      0.000 4
 248   -2     -0.046     -0.729      0.000 4
 250  261     -0.037      0.241      0.000 4
  -1   -2     -0.031     -0.007      0.000 4
 253  264     -0.026      0.662      0.000 4
  -1   -2     -0.023     -0.403      0.000 4
 257  266     -0.023      0.337      0.000 4
 255   -2     -0.022      0.387      0.000 4
 258  268     -0.021     -0.993      0.000 4
 260  269      0.002     -0.033      0.000 4
 261  270      0.003      0.123      0.000 4
 262  271      0.009      1.093      0.000 4
 270  284      0.014     -1.169      0.000 4
 249  273      0.015     -0.566      0.000 4
  -1  275      0.022      0.642      0.000 4
 259  282      0.022      0.966      0.000 4
 264  278      0.033      0.344      0.000 4
 265  277      0.035     -0.182      0.000 4
  -1   -2      0.045      0.412      0.000 4
 266  280      0.053      0.648      0.000 4
 252  292      0.056      0.027      0.000 4
 269   -2      0.059      1.015      0.000 4
 271  285      0.067      0.370      0.000 4
 272  286      0.067      0.738      0.000 4
 273   -2      0.068      0.894      0.000 4
 263  295      0.077     -1.033      0.000 4
 275  287      0.085     -1.094      0.000 4
 277  290      0.108      0.149      0.000 4
 278  291      0.113      0.507      0.000 4
 279   -2      0.118      0.099      0.000 4
 281   -2      0.120      1.079      0.000 4
 283  281      0.122     -0.097      0.000 4
 282   -2      0.126      0.980      0.000 4
 284  294      0.129      0.945      0.000 4
 276   -2      0.140     -0.957      0.000 4
 286  296      0.141      0.767      0.000 4
 287  297      0.142      1.160      0.000 4
 289  299      0.154     -0.573      0.000 4
  -1   -2      0.156     -0.919      0.000 4
 290  300      0.160     -0.780      0.000 4
 291  301      0.171      0.402      0.000 4
  -1  293      0.171     -0.133      0.000 4
 292  302      0.187     -0.800      0.000 4
 293  303      0.190      1.076      0.000 4
 294  305      0.199     -0.545      0.000 4
 295  306      0.199      0.629      0.000 4
 297  308      0.210      0.004      0.000 4
 298  309      0.217     -1.122      0.000 4
  -1  310      0.219     -0.367      0.000 4
 300  311      0.232     -0.200      0.000 4
 301  312      0.236      1.076      0.000 4
 302  313      0.237     -0.995      0.000 4
 304  315      0.251      0.820      0.000 4
 303  314      0.253     -0.448      0.000 4
 305  316      0.258      0.261      0.000 4
 306  329      0.268      0.170      0.000 4
 307  317      0.277     -0.947      0.000 4
  -1  325      0.294     -1.173      0.000 4
 309  319      0.297      0.040      0.000 4
 310  320      0.300     -0.249      0.000 4
  -1  321      0.302     -0.398      0.000 4
 311  322      0.306     -1.115      0.000 4
  -1  330      0.308     -0.467      0.000 4
 312  323      0.308      1.126      0.000 4
 314   -2      0.335      1.175      0.000 4
 315   -2      0.336      0.738      0.000 4
 316   -2      0.339     -0.479      0.000 4
 313   -2      0.340     -1.171      0.000 4
  -1   -2      0.342      0.268      0.000 4
 317  327      0.344      0.043      0.000 4
 318   -2      0.351      0.320      0.000 4
  -1  333      0.351     -0.600      0.000 4
 320   -2      0.362      0.174      0.000 4
 321  326      0.365      0.608      0.000 4
 323  332      0.369     -0.899      0.000 4
 324   -2      0.370     -0.481      0.000 4
 325   -2      0.382     -0.535      0.000 4
  -1  334      0.385      0.984      0.000 4
 327  335      0.392     -0.018      0.000 4
 326  336      0.392     -1.066      0.000 4
  -1   -2      0.396      0.782      0.000 4
 330  337      0.398     -1.165      0.000 4
  -1  344      0.411     -0.749      0.000 4
 329  341      0.415     -0.974      0.000 4
  -1   -2      0.416      0.693      0.000 4
  -1  340      0.418      0.629      0.000 4
 351  328      0.423      0.349      0.000 4
 332   -2      0.426     -0.682      0.000 4
 333  343      0.427      0.820      0.000 4
 334  346      0.432     -0.495      0.000 4
 335  347      0.439     -0.050      0.000 4
  -1   -2      0.439     -0.879      0.000 4
 336  338      0.448      0.759      0.000 4
 337  354      0.453     -1.085      0.000 4
 340  349      0.466      0.993      0.000 4
 342  352      0.480     -0.691      0.000 4
 341  351      0.481     -0.870      0.000 4
  -1   -2      0.485     -1.116      0.000 4
 344  356      0.491     -1.152      0.000 4
 345  350      0.495     -1.177      0.000 4
 346  357      0.510     -0.056      0.000 4
 347  358      0.512      0.929      0.000 4
 348  359      0.513     -0.404      0.000 4
 338  370      0.517      0.562      0.000 4
 350  361      0.521     -0.633      0.000 4
 349  362      0.524      0.603      0.000 4
 352  363      0.531     -0.977      0.000 4
 353  364      0.533      0.994      0.000 4
 355  366      0.555      1.125      0.000 4
 354  367      0.555      0.892      0.000 4
 356  368      0.559     -1.020      0.000 4
 357   -2      0.563      0.618      0.000 4
 358  369      0.567      0.541      0.000 4
 359  372      0.587     -0.799      0.000 4
 361  375      0.608      0.931      0.000 4
 362  376      0.610     -1.046      0.000 4
 363  377      0.614      1.014      0.000 4
 366   -2      0.616     -0.007      0.000 4
 365  378      0.616     -0.513      0.000 4
 364  379      0.617     -0.888      0.000 4
 367  380      0.638      0.281      0.000 4
  -1  383      0.651     -0.073      0.000 4
 368  385      0.656     -1.170      0.000 4
 369  384      0.663     -0.404      0.000 4
 360  396      0.672     -0.684      0.000 4
 371  386      0.680      0.372      0.000 4
 372  387      0.681      0.426      0.000 4
 373  388      0.686     -1.070      0.000 4
 374  390      0.691     -0.898      0.000 4
 378  392      0.695     -0.150      0.000 4
 376  391      0.700      0.696      0.000 4
 377   -2      0.701     -0.080      0.000 4
 375   -2      0.701      1.150      0.000 4
 380  395      0.726     -0.920      0.000 4
 381   -2      0.730     -0.668      0.000 4
 382  399      0.740     -0.980      0.000 4
 383  398      0.741     -0.035      0.000 4
 385  402      0.745      0.105      0.000 4
 384  400      0.746     -1.101      0.000 4
 379  411      0.762     -0.238      0.000 4
 387   -2      0.776      0.182      0.000 4
  -1  418      0.781      0.256      0.000 4
  -1  403      0.782      0.670      0.000 4
 388  406      0.787     -1.045      0.000 4
 389  405      0.788      0.955      0.000 4
  -1  407      0.790      0.558      0.000 4
 391  408      0.792      0.457      0.000 4
 392  409      0.797     -0.155      0.000 4
 394  412      0.806      0.701      0.000 4
 396  413      0.811     -0.976      0.000 4
 395  414      0.811     -1.144      0.000 4
 397  415      0.814      0.753      0.000 4
 399  417      0.821      0.813      0.000 4
 401   -2      0.825      0.255      0.000 4
 402  420      0.828     -0.807      0.000 4
 390  433      0.843     -0.677      0.000 4
 403  421      0.843     -0.462      0.000 4
 404  422      0.857     -1.077      0.000 4
 405   -2      0.861      0.558      0.000 4
 406   -2      0.864      0.848      0.000 4
 407  426      0.867     -0.281      0.000 4
 410   -2      0.868      0.481      0.000 4
 409  424      0.870      1.126      0.000 4
 411  427      0.874     -0.545      0.000 4
 412  428      0.876     -0.149      0.000 4
  -1  423      0.879      0.601      0.000 4
  -1  441      0.879      0.787      0.000 4
  -1   -2      0.880     -0.248      0.000 4
 398  438      0.894     -0.876      0.000 4
 415   -2      0.898     -0.803      0.000 4
 422  434      0.901     -0.942      0.000 4
 416   -2      0.902     -1.006      0.000 4
 417  425      0.903      0.500      0.000 4
 419  435      0.906     -0.025      0.000 4
 418  436      0.908     -1.136      0.000 4
 420  437      0.920     -0.697      0.000 4
  -1  430      0.926     -0.233      0.000 4
  -1  439      0.930     -0.998      0.000 4
  -1   -2      0.931     -0.861      0.000 4
 423  440      0.936      0.695      0.000 4
 425   -2      0.941      0.311      0.000 4
 421  447      0.941     -1.076      0.000 4
 426  443      0.948      0.010      0.000 4
 429  446      0.960      0.274      0.000 4
  -1   -2      0.965     -0.877      0.000 4
 424  453      0.968     -1.128      0.000 4
 428  444      0.970     -0.436      0.000 4
  -1  448      0.973      0.740      0.000 4
 431  449      0.977     -0.580      0.000 4
 433  450      0.984      0.114      0.000 4
  -1  451      0.984      0.019      0.000 4
 434   -2      0.988     -1.175      0.000 4
 432  452      0.988     -1.107      0.000 4
 435  454      0.995      0.859      0.000 4
 437  456      1.024     -0.671      0.000 4
 438  457      1.027      0.991      0.000 4
 440  458      1.037     -0.366      0.000 4
 442   -2      1.058     -0.619      0.000 4
 444  462      1.071     -1.175      0.000 4
 445  463      1.089      1.040      0.000 4
 441  477      1.108     -0.512      0.000 4
 448  466      1.111      0.290      0.000 4
 451  460      1.126     -0.734      0.000 4
 453  474      1.146     -0.327      0.000 4
 454  473      1.149      0.394      0.000 4
 450  483      1.162     -1.031      0.000 4
 457  476      1.168     -0.450      0.000 4
  -1  489      1.169     -0.114      0.000 4
 459   -2      1.196     -0.509      0.000 4
 460  478      1.199      0.984      0.000 4
 464   -2      1.220     -0.448      0.000 4
 463   -2      1.222      0.914      0.000 4
 455   -2      1.233     -1.052      0.000 4
 466   -2      1.237     -0.545      0.000 4
 467  482      1.249     -0.418      0.000 4
 458  491      1.249     -1.094      0.000 4
 469  484      1.269      0.178      0.000 4
 470  486      1.277     -0.491      0.000 4
  -1  485      1.279      0.116      0.000 4
  -1  488      1.286      0.251      0.000 4
 474   -2      1.298     -1.169      0.000 4
 472  487      1.314      0.488      0.000 4
 473   -2      1.318      0.236      0.000 4
 475   -2      1.325     -0.179      0.000 4
  -1   -2      1.328     -1.130      0.000 4
 476  490      1.337     -0.270      0.000 4
 471  504      1.342     -0.988      0.000 4
 478  492      1.346      1.050      0.000 4
 479  494      1.356      0.545      0.000 4
 482   -2      1.360     -0.323      0.000 4
 481  497      1.360     -0.840      0.000 4
 483  498      1.364     -0.378      0.000 4
 485   -2      1.370     -1.160      0.000 4
 484  500      1.376     -0.901      0.000 4
  -1  505      1.386      0.972      0.000 4
 486  501      1.386      0.264      0.000 4
  -1  496      1.391     -0.291      0.000 4
 487  502      1.399      0.759      0.000 4
  -1  493      1.399     -1.174      0.000 4
 488  503      1.400     -0.841      0.000 4
  -1   -2      1.408     -1.091      0.000 4
 490   -2      1.427      0.991      0.000 4
 491  506      1.429      0.396      0.000 4
 506   -2      1.435      0.946      0.000 4
 492  508      1.435     -0.015      0.000 4
  -1   -2      1.436      0.819      0.000 4
 493   -2      1.441     -0.943      0.000 4
 495  509      1.443     -0.136      0.000 4
 496  510      1.447     -0.994      0.000 4
  -1  511      1.447     -0.184      0.000 4
 494   -2      1.452     -1.174      0.000 4
 497  512      1.453      0.092      0.000 4
 498  515      1.460     -0.637      0.000 4
 499  513      1.469      0.640      0.000 4
 500  516      1.471      0.527      0.000 4
  -1  517      1.479     -0.374      0.000 4
 501  518      1.490      0.348      0.000 4
 502  519      1.497      1.009      0.000 4
 505  520      1.502      1.129      0.000 4
 503  526      1.521     -1.088      0.000 4
 508  524      1.523      0.409      0.000 4
  -1  523      1.527      0.772      0.000 4
 509  525      1.535      1.046      0.000 4
  -1  529      1.536     -1.160      0.000 4
 511  528      1.540     -0.914      0.000 4
 510  527      1.540     -0.798      0.000 4
 513  530      1.549     -0.692      0.000 4
