550
  -1    0     -1.570     -0.830      0.000 4
   2    1     -1.569     -0.037      0.000 4
  -1   -2     -1.563     -0.151      0.000 4
   3    2     -1.555      0.241      0.000 4
   4    3     -1.551      0.358      0.000 4
   0   -2     -1.550      0.882      0.000 4
   6    4     -1.545      1.022      0.000 4
   7    6     -1.540      0.306      0.000 4
   9    7     -1.531      0.580      0.000 4
  11    8     -1.530      0.454      0.000 4
  12    9     -1.520      0.721      0.000 4
  13   10     -1.518     -0.330      0.000 4
  14   12     -1.511      0.168      0.000 4
   8   -2     -1.509     -1.128      0.000 4
  16   -2     -1.500     -0.435      0.000 4
  17   13     -1.495      0.932      0.000 4
  20   14     -1.492     -1.106      0.000 4
  18   16     -1.483      0.535      0.000 4
  19   18     -1.479      0.375      0.000 4
  22   19     -1.466      1.081      0.000 4
  23   20     -1.462     -0.389      0.000 4
  -1   21     -1.462     -0.591      0.000 4
  25   22     -1.456     -0.664      0.000 4
  26   25     -1.447      0.310      0.000 4
  27   24     -1.446      0.767      0.000 4
  28   26     -1.434      0.067      0.000 4
  -1   -2     -1.429     -1.038      0.000 4
  29   28     -1.427      0.818      0.000 4
  30   29     -1.426     -0.427      0.000 4
  -1   27     -1.425     -1.090      0.000 4
  40   15     -1.421      0.693      0.000 4
  34   32     -1.406      0.657      0.000 4
  35   35     -1.388     -0.577      0.000 4
  36   36     -1.386     -0.011      0.000 4
  37   34     -1.375     -1.168      0.000 4
  38   39     -1.375      0.179      0.000 4
  39   38     -1.371     -0.912      0.000 4
  42   41     -1.353      1.169      0.000 4
  43   42     -1.345     -0.952      0.000 4
  45   44     -1.336     -0.367      0.000 4
  44   43     -1.336      0.593      0.000 4
  46   45     -1.332      0.981      0.000 4
  31   65     -1.319     -1.095      0.000 4
  -1   49     -1.315      1.137      0.000 4
  52   50     -1.300     -1.054      0.000 4
  51   51     -1.299     -0.865      0.000 4
  54   54     -1.278     -0.669      0.000 4
  -1   53     -1.278     -0.893      0.000 4
  57   55     -1.275     -0.562      0.000 4
  59   56     -1.268     -0.136      0.000 4
  60   57     -1.256     -1.062      0.000 4
  -1   -2     -1.256     -0.632      0.000 4
  61   -2     -1.250     -1.033      0.000 4
  62   58     -1.245      1.042      0.000 4
  63   60     -1.230      0.869      0.000 4
  64   59     -1.228     -0.881      0.000 4
  65   61     -1.214     -0.680      0.000 4
  66   63     -1.212      0.760      0.000 4
  -1   -2     -1.212     -0.820      0.000 4
  -1   64     -1.206      0.665      0.000 4
  68   66     -1.199      0.422      0.000 4
  56   79     -1.196     -1.104      0.000 4
  69   67     -1.187     -0.369      0.000 4
  74   69     -1.165      1.068      0.000 4
  73   72     -1.163     -0.113      0.000 4
  75   70     -1.163     -0.871      0.000 4
  76   71     -1.161     -0.909      0.000 4
  79   73     -1.157      1.032      0.000 4
  77   75     -1.157      0.677      0.000 4
  80   -2     -1.153     -1.127      0.000 4
  81   77     -1.138     -0.393      0.000 4
  82   78     -1.135      0.413      0.000 4
  83   80     -1.127     -0.298      0.000 4
  90   -2     -1.125     -1.052      0.000 4
  84   81     -1.114      1.074      0.000 4
  -1   82     -1.111      0.495      0.000 4
  85   84     -1.106     -1.157      0.000 4
  89   83     -1.096     -0.167      0.000 4
  87   85     -1.090      0.828      0.000 4
  86   -2     -1.090      0.196      0.000 4
  88   88     -1.087      0.401      0.000 4
 101   74     -1.078     -1.099      0.000 4
  -1   87     -1.077      0.069      0.000 4
  92   89     -1.074      0.596      0.000 4
  94   90     -1.065     -0.226      0.000 4
  96   91     -1.052     -0.755      0.000 4
  95   93     -1.051      0.348      0.000 4
  98   94     -1.039     -0.446      0.000 4
  97   -2     -1.039      0.445      0.000 4
  -1   -2     -1.025      0.636      0.000 4
  99   95     -1.015     -0.889      0.000 4
 100   96     -1.014      0.930      0.000 4
 102   99     -1.008     -1.171      0.000 4
  91  109     -1.003     -1.095      0.000 4
 104  100     -1.001      1.048      0.000 4
 103  101     -0.999      0.793      0.000 4
 105  102     -0.992     -0.593      0.000 4
 106  103     -0.989      0.313      0.000 4
 107  107     -0.974     -0.090      0.000 4
 108  106     -0.974      0.578      0.000 4
 111   97     -0.972     -1.026      0.000 4
  -1  108     -0.967      1.070      0.000 4
  -1  110     -0.935     -0.964      0.000 4
 114  113     -0.918      0.696      0.000 4
 112  114     -0.918     -0.135      0.000 4
  -1  105     -0.912     -1.070      0.000 4
 115  115     -0.909      1.096      0.000 4
  -1  111     -0.906      0.779      0.000 4
  -1   -2     -0.906      0.476      0.000 4
 116  116     -0.904     -0.214      0.000 4
 110  126     -0.893     -1.161      0.000 4
 117  119     -0.892     -0.016      0.000 4
 118  121     -0.887     -0.618      0.000 4
 119  122     -0.883     -0.752      0.000 4
  -1   -2     -0.880      0.446      0.000 4
 120   -2     -0.876      0.261      0.000 4
 121  125     -0.876      0.321      0.000 4
 123  123     -0.872     -0.698      0.000 4
 124  124     -0.865      0.738      0.000 4
  -1  127     -0.860      0.396      0.000 4
 126  128     -0.835     -0.056      0.000 4
 128  130     -0.828      1.047      0.000 4
 127  131     -0.828      0.813      0.000 4
  -1   -2     -0.826      0.382      0.000 4
 130  132     -0.822      1.094      0.000 4
 129  133     -0.819      0.038      0.000 4
 131   -2     -0.818     -0.385      0.000 4
  -1  134     -0.803      0.881      0.000 4
 132  135     -0.803     -0.441      0.000 4
  -1  137     -0.799     -0.802      0.000 4
 134  136     -0.799      0.991      0.000 4
 135  139     -0.798     -0.754      0.000 4
 138  138     -0.792     -1.102      0.000 4
 136  140     -0.792      0.140      0.000 4
 140   -2     -0.789      0.636      0.000 4
 125  157     -0.783     -0.596      0.000 4
 137  142     -0.783     -0.145      0.000 4
 139   -2     -0.775     -0.343      0.000 4
  -1   -2     -0.765      0.504      0.000 4
  -1   -2     -0.762      0.778      0.000 4
 142  144     -0.753     -0.098      0.000 4
 143  143     -0.750     -0.925      0.000 4
 133  158     -0.744      0.968      0.000 4
 145  150     -0.734      0.065      0.000 4
 144  149     -0.734      0.771      0.000 4
 147  148     -0.734     -0.963      0.000 4
 150  152     -0.726     -1.169      0.000 4
 141  173     -0.724     -1.010      0.000 4
 148  153     -0.724     -0.545      0.000 4
 151  156     -0.717      0.863      0.000 4
  -1   -2     -0.712      1.095      0.000 4
  -1  155     -0.710      0.713      0.000 4
 152   -2     -0.709     -0.678      0.000 4
 153   -2     -0.701     -0.631      0.000 4
 154   -2     -0.693      0.992      0.000 4
 155   -2     -0.689      1.047      0.000 4
 156  161     -0.685     -0.295      0.000 4
 157  160     -0.682      0.916      0.000 4
 158  162     -0.678     -1.124      0.000 4
 160  165     -0.650     -0.267      0.000 4
 163  166     -0.648     -0.415      0.000 4
 159  174     -0.643      1.127      0.000 4
 166  168     -0.641     -0.749      0.000 4
 165  170     -0.641      0.048      0.000 4
 167  169     -0.639     -1.108      0.000 4
 168  171     -0.634     -0.492      0.000 4
 169  172     -0.632      0.877      0.000 4
 172   -2     -0.627     -1.063      0.000 4
 170   -2     -0.627      0.843      0.000 4
 171  175     -0.623      0.336      0.000 4
 179  176     -0.608     -0.984      0.000 4
 174  178     -0.603      0.261      0.000 4
 175  179     -0.600     -0.754      0.000 4
 176  180     -0.596     -0.221      0.000 4
 177  181     -0.595      0.463      0.000 4
  -1   -2     -0.586      0.521      0.000 4
 178  182     -0.583     -0.490      0.000 4
 180  183     -0.570      0.648      0.000 4
 181  184     -0.564      1.020      0.000 4
  -1   -2     -0.560      0.684      0.000 4
 183  185     -0.557      0.082      0.000 4
 182   -2     -0.555     -0.957      0.000 4
 184  186     -0.553      0.183      0.000 4
 186  189     -0.532     -0.039      0.000 4
 187  188     -0.530      1.149      0.000 4
 188  191     -0.513     -0.117      0.000 4
 189  193     -0.501      0.934      0.000 4
 191  190     -0.501     -1.169      0.000 4
 190  194     -0.500     -0.648      0.000 4
 193   -2     -0.499      0.125      0.000 4
 192  195     -0.495     -0.265      0.000 4
  -1   -2     -0.488      0.462      0.000 4
 194  196     -0.480      0.423      0.000 4
 195   -2     -0.464     -0.732      0.000 4
 196  197     -0.446      0.307      0.000 4
 198  198     -0.442     -0.912      0.000 4
 197  201     -0.438      0.487      0.000 4
 201  202     -0.437      0.711      0.000 4
 202  199     -0.436     -0.801      0.000 4
 200  203     -0.435     -0.164      0.000 4
 204  204     -0.425      1.169      0.000 4
  -1  218     -0.424     -1.015      0.000 4
 203  205     -0.424     -0.566      0.000 4
 205  207     -0.416     -0.265      0.000 4
 207   -2     -0.408     -0.230      0.000 4
 208  209     -0.403      0.687      0.000 4
  -1   -2     -0.403      1.020      0.000 4
 209  210     -0.400     -0.626      0.000 4
  -1   -2     -0.386      0.488      0.000 4
 210  224     -0.384     -0.700      0.000 4
 211  212     -0.380     -0.914      0.000 4
 212  213     -0.376      1.009      0.000 4
 214   -2     -0.369     -0.620      0.000 4
 215  214     -0.365      0.937      0.000 4
 216  216     -0.364      0.824      0.000 4
 228   -2     -0.358     -1.130      0.000 4
 223  208     -0.356     -1.170      0.000 4
  -1   -2     -0.348     -1.020      0.000 4
 218  219     -0.346     -0.533      0.000 4
 219  221     -0.345      0.290      0.000 4
 230   -2     -0.343      0.181      0.000 4
 221  223     -0.324      0.748      0.000 4
  -1   -2     -0.323      0.265      0.000 4
 224  225     -0.309     -0.876      0.000 4
 225   -2     -0.304     -0.440      0.000 4
 226  228     -0.295      0.388      0.000 4
 227  227     -0.292     -0.928      0.000 4
 217  239     -0.288     -1.099      0.000 4
 229  231     -0.278     -0.363      0.000 4
  -1  230     -0.268     -1.168      0.000 4
 231  234     -0.265      0.696      0.000 4
 232  236     -0.261     -0.624      0.000 4
 233  235     -0.261     -1.011      0.000 4
 234  237     -0.255     -1.125      0.000 4
 237   -2     -0.232     -1.090      0.000 4
 238  240     -0.230      0.015      0.000 4
 239  241     -0.227      0.658      0.000 4
  -1  238     -0.226     -0.194      0.000 4
 240   -2     -0.224      0.355      0.000 4
 243   -2     -0.215      0.044      0.000 4
  -1  245     -0.205     -0.109      0.000 4
 245  244     -0.201     -0.738      0.000 4
 244   -2     -0.200     -0.492      0.000 4
 246   -2     -0.194     -1.070      0.000 4
 247  247     -0.188     -0.231      0.000 4
 248   -2     -0.182     -1.126      0.000 4
  -1   -2     -0.181      1.113      0.000 4
  -1   -2     -0.181      1.163      0.000 4
  -1  248     -0.179     -1.166      0.000 4
 249  250     -0.162     -0.710      0.000 4
 250  251     -0.158     -0.162      0.000 4
 252  254     -0.150      0.446      0.000 4
 251  253     -0.148     -0.600      0.000 4
 253  256     -0.146      0.355      0.000 4
 263  249     -0.144     -1.119      0.000 4
 254  259     -0.134     -0.069      0.000 4
 256  258     -0.131     -0.948      0.000 4
 255  260     -0.130      0.570      0.000 4
 241   -2     -0.125     -0.287      0.000 4
 259  262     -0.121      0.304      0.000 4
  -1   -2     -0.108      1.021      0.000 4
  -1   -2     -0.104     -0.589      0.000 4
 261  263     -0.102      0.212      0.000 4
 262  264     -0.098     -0.138      0.000 4
  -1   -2     -0.086      0.637      0.000 4
 265  268     -0.083      1.060      0.000 4
 267  270     -0.079     -0.286      0.000 4
 269  252     -0.078     -1.013      0.000 4
 268  271     -0.077      0.322      0.000 4
 270  272     -0.072      1.168      0.000 4
 260  279     -0.069     -1.170      0.000 4
 271  273     -0.063      0.534      0.000 4
 272  274     -0.054     -0.001      0.000 4
 274  275     -0.039      1.121      0.000 4
 273   -2     -0.038     -0.371      0.000 4
  -1  267     -0.026     -0.631      0.000 4
 275   -2     -0.020     -0.422      0.000 4
 278  278     -0.019     -0.116      0.000 4
 280  280     -0.009      0.517      0.000 4
 279  281     -0.008      0.288      0.000 4
 281   -2      0.003      0.115      0.000 4
 283  282      0.011      0.896      0.000 4
 282  283      0.012      0.338      0.000 4
 284  285      0.013      0.044      0.000 4
 285  284      0.013      0.785      0.000 4
  -1  277      0.017     -0.341      0.000 4
 277  288      0.024     -1.118      0.000 4
 287  287      0.029      0.523      0.000 4
 289  289      0.039      0.306      0.000 4
 291  290      0.046     -0.041      0.000 4
 292  291      0.060      0.593      0.000 4
 293  292      0.062      0.823      0.000 4
 294  293      0.066     -0.992      0.000 4
  -1  294      0.071      0.719      0.000 4
 297  297      0.074     -0.835      0.000 4
 296  296      0.074      0.539      0.000 4
 295   -2      0.077     -0.932      0.000 4
 299  299      0.088      0.142      0.000 4
  -1   -2      0.091      1.051      0.000 4
 276   -2      0.091     -0.640      0.000 4
 302  301      0.095      1.116      0.000 4
 303  303      0.099      0.103      0.000 4
 300  313      0.100     -1.163      0.000 4
 304   -2      0.102     -0.041      0.000 4
 305  304      0.103      0.409      0.000 4
 306  306      0.116      0.368      0.000 4
 307  295      0.137     -0.950      0.000 4
 308  307      0.139      0.773      0.000 4
 309   -2      0.141     -0.524      0.000 4
 312  308      0.142     -1.110      0.000 4
 310  311      0.145     -0.422      0.000 4
 311  312      0.150      0.614      0.000 4
 313  314      0.156     -0.600      0.000 4
 314  315      0.159      0.958      0.000 4
 315  316      0.176      0.333      0.000 4
 316  317      0.187     -0.621      0.000 4
 317  318      0.191     -1.114      0.000 4
  -1  319      0.198     -0.403      0.000 4
 320  320      0.202      1.171      0.000 4
 318  323      0.209     -1.154      0.000 4
 321  321      0.210      0.987      0.000 4
 322  322      0.212      0.881      0.000 4
 323  324      0.214     -0.928      0.000 4
 324  325      0.217      0.030      0.000 4
 337   -2      0.220      0.507      0.000 4
 326   -2      0.225     -0.501      0.000 4
 327  327      0.229     -0.801      0.000 4
  -1   -2      0.233      1.160      0.000 4
 329  330      0.242     -0.128      0.000 4
  -1  340      0.260     -1.107      0.000 4
 331  332      0.263      0.883      0.000 4
 332   -2      0.266     -0.327      0.000 4
  -1  333      0.272     -0.298      0.000 4
 333  334      0.277      1.099      0.000 4
 334  335      0.284      1.024      0.000 4
 335  336      0.286      0.225      0.000 4
 336   -2      0.296     -1.173      0.000 4
 338  343      0.326     -0.290      0.000 4
 339  344      0.330     -0.172      0.000 4
 340  337      0.331      0.647      0.000 4
 341  345      0.332      0.055      0.000 4
  -1  342      0.336     -1.158      0.000 4
 342  346      0.338      0.937      0.000 4
 344  347      0.364     -1.110      0.000 4
 345  348      0.369     -0.363      0.000 4
 348  350      0.381     -0.740      0.000 4
  -1  351      0.389      1.041      0.000 4
 346  353      0.390     -1.165      0.000 4
 349   -2      0.393      0.053      0.000 4
 350  354      0.405     -0.368      0.000 4
 351  355      0.407      0.269      0.000 4
 352  356      0.412     -0.416      0.000 4
 355  357      0.420      0.155      0.000 4
 354  358      0.420     -1.047      0.000 4
 356  359      0.424     -0.822      0.000 4
 357  361      0.431      0.816      0.000 4
 358  362      0.435     -0.610      0.000 4
  -1   -2      0.436     -0.865      0.000 4
 359  365      0.447      1.138      0.000 4
  -1  363      0.451     -1.160      0.000 4
 360  367      0.455      0.003      0.000 4
 361  368      0.458     -0.554      0.000 4
 362  370      0.466      0.465      0.000 4
 363  372      0.477     -0.391      0.000 4
  -1  371      0.477     -0.114      0.000 4
 364   -2      0.479     -0.615      0.000 4
 367  375      0.487      0.567      0.000 4
 366  377      0.491      0.677      0.000 4
 365  378      0.491     -1.152      0.000 4
 353   -2      0.496     -0.898      0.000 4
 369  380      0.499     -0.739      0.000 4
 370  381      0.503      0.290      0.000 4
 371   -2      0.504      0.057      0.000 4
 372  382      0.511     -0.024      0.000 4
 373   -2      0.515      0.621      0.000 4
 374  385      0.518     -0.579      0.000 4
 375  383      0.518      0.832      0.000 4
 376  386      0.532      0.701      0.000 4
 377  387      0.536     -0.845      0.000 4
 379  384      0.552      0.623      0.000 4
 378   -2      0.553     -0.875      0.000 4
 380  388      0.565     -0.908      0.000 4
 381  389      0.566     -0.534      0.000 4
  -1  390      0.575      0.443      0.000 4
 383  392      0.592      0.842      0.000 4
 384  393      0.595      0.969      0.000 4
 385  394      0.599     -0.036      0.000 4
 386  395      0.607     -0.949      0.000 4
 387  397      0.615     -0.703      0.000 4
 388  396      0.617      0.463      0.000 4
 389  398      0.620      0.499      0.000 4
 392  399      0.630      0.754      0.000 4
 391  401      0.631     -0.607      0.000 4
 393  403      0.633     -1.095      0.000 4
 406  379      0.636      0.081      0.000 4
 394  402      0.637     -0.799      0.000 4
  -1   -2      0.643     -0.644      0.000 4
 390  411      0.648     -1.169      0.000 4
 395   -2      0.662      1.113      0.000 4
 396  404      0.665      0.518      0.000 4
 397  405      0.671      0.877      0.000 4
 399  406      0.674      0.452      0.000 4
 398  408      0.677     -0.429      0.000 4
 400  407      0.680      0.797      0.000 4
  -1  418      0.681     -0.999      0.000 4
 405   -2      0.682     -0.466      0.000 4
  -1  410      0.696     -0.169      0.000 4
 403  415      0.706     -1.099      0.000 4
 402  412      0.710     -0.829      0.000 4
 407   -2      0.719     -0.622      0.000 4
 410  413      0.722      1.119      0.000 4
  -1   -2      0.723      0.269      0.000 4
  -1   -2      0.730      0.797      0.000 4
  -1   -2      0.732     -1.052      0.000 4
 409  417      0.737      1.021      0.000 4
 411  420      0.743     -0.357      0.000 4
  -1  421      0.745     -0.861      0.000 4
  -1   -2      0.754     -0.772      0.000 4
 408  423      0.766     -1.091      0.000 4
  -1  424      0.769      1.119      0.000 4
  -1  425      0.777     -0.027      0.000 4
 413  426      0.778     -0.622      0.000 4
 417   -2      0.779     -1.004      0.000 4
  -1  427      0.789     -1.046      0.000 4
  -1   -2      0.807      1.011      0.000 4
 419  429      0.807     -0.135      0.000 4
 424  431      0.815      0.601      0.000 4
 423  432      0.815      0.316      0.000 4
 421   -2      0.819      0.801      0.000 4
  -1   -2      0.819     -0.195      0.000 4
 420  433      0.825      0.869      0.000 4
  -1  434      0.829      0.492      0.000 4
 427  435      0.834     -0.862      0.000 4
 432  436      0.847     -1.057      0.000 4
  -1  439      0.850     -1.158      0.000 4
 430  437      0.851      1.034      0.000 4
  -1  454      0.857     -0.785      0.000 4
 426  442      0.859     -0.534      0.000 4
 431  440      0.863      0.854      0.000 4
 433  441      0.866     -0.044      0.000 4
  -1  457      0.884      0.084      0.000 4
 434   -2      0.887     -1.132      0.000 4
 435  443      0.889     -0.203      0.000 4
 429  445      0.899     -1.006      0.000 4
 437  444      0.900      1.026      0.000 4
 440  446      0.911     -0.267      0.000 4
 441  447      0.916     -0.161      0.000 4
 445   -2      0.919      0.152      0.000 4
 443  448      0.920     -0.454      0.000 4
 442  449      0.920      1.061      0.000 4
 447  452      0.925      1.137      0.000 4
 439  461      0.925     -0.802      0.000 4
 448  453      0.928      0.729      0.000 4
 451  455      0.930      0.624      0.000 4
 450  456      0.931      0.674      0.000 4
 452  458      0.933     -1.078      0.000 4
 454  459      0.938      0.402      0.000 4
 453  460      0.941     -0.545      0.000 4
  -1   -2      0.959     -0.706      0.000 4
 456  462      0.967      0.773      0.000 4
  -1  463      0.971     -0.326      0.000 4
 457  464      0.972     -1.125      0.000 4
 462  465      0.975     -0.229      0.000 4
 460  466      0.977      0.217      0.000 4
 459  467      0.978     -0.615      0.000 4
 463  468      0.997     -0.165      0.000 4
 464  469      1.004      0.506      0.000 4
 465   -2      1.014     -0.837      0.000 4
 466  471      1.022      0.437      0.000 4
 467  472      1.033     -0.605      0.000 4
 468  473      1.037     -0.253      0.000 4
 458  480      1.047     -0.046      0.000 4
 469  474      1.049      0.741      0.000 4
  -1  476      1.050     -1.173      0.000 4
 473  478      1.058     -0.347      0.000 4
 474  479      1.071      0.642      0.000 4
  -1  470      1.076     -0.899      0.000 4
 477  481      1.091     -0.020      0.000 4
 476  483      1.091      0.954      0.000 4
 478  482      1.092      0.820      0.000 4
  -1  484      1.096      0.280      0.000 4
 479  485      1.098      0.704      0.000 4
  -1  486      1.103      1.025      0.000 4
 481  487      1.105     -0.670      0.000 4
 482  489      1.112     -0.998      0.000 4
 483  490      1.125      0.247      0.000 4
  -1  496      1.130     -0.593      0.000 4
 485  491      1.133      0.087      0.000 4
 487  493      1.139     -1.175      0.000 4
 486  492      1.139      1.023      0.000 4
 488   -2      1.151     -0.805      0.000 4
  -1   -2      1.154     -0.384      0.000 4
 489  495      1.155     -1.108      0.000 4
 490  494      1.156     -0.891      0.000 4
 491   -2      1.168     -0.575      0.000 4
  -1   -2      1.186     -0.718      0.000 4
  -1   -2      1.188     -0.038      0.000 4
  -1  498      1.225      0.260      0.000 4
 492  499      1.233     -0.526      0.000 4
  -1   -2      1.234     -0.394      0.000 4
  -1   -2      1.252      0.559      0.000 4
 495  502      1.260      1.004      0.000 4
  -1   -2      1.261     -0.896      0.000 4
 503  501      1.281      0.568      0.000 4
 497  504      1.283     -0.539      0.000 4
 498  503      1.285     -0.170      0.000 4
 499  506      1.298      0.393      0.000 4
 500   -2      1.306      0.448      0.000 4
  -1  505      1.307     -1.168      0.000 4
 501   -2      1.307     -1.003      0.000 4
 502  507      1.313     -0.517      0.000 4
 504  508      1.329     -0.601      0.000 4
 505  509      1.342     -1.115      0.000 4
 506  510      1.352      0.438      0.000 4
  -1   -2      1.380     -1.140      0.000 4
 512  512      1.383     -0.978      0.000 4
 509  514      1.387     -1.033      0.000 4
 510  515      1.394      1.119      0.000 4
  -1  516      1.399      0.163      0.000 4
  -1  518      1.404      0.092      0.000 4
 513  519      1.411     -0.372      0.000 4
 514  520      1.413     -0.260      0.000 4
 515  522      1.420     -0.501      0.000 4
 516  524      1.425     -0.434      0.000 4
 517  527      1.442      0.237      0.000 4
 518  528      1.445      0.539      0.000 4
  -1  529      1.451     -0.401      0.000 4
 519  530      1.455     -1.138      0.000 4
 523   -2      1.478      1.089      0.000 4
 522  533      1.478      0.609      0.000 4
 524  534      1.483     -0.793      0.000 4
 521  540      1.493     -1.171      0.000 4
 526  535      1.496      0.855      0.000 4
 527  536      1.499      0.277      0.000 4
 528   -2      1.515     -0.228      0.000 4
 529  538      1.515     -0.068      0.000 4
 525   -2      1.530     -0.516      0.000 4
  -1   -2      1.535     -0.572      0.000 4
  -1  539      1.539     -0.254      0.000 4
  -1   -2      1.540     -0.037      0.000 4
 530  541      1.541      0.063      0.000 4
 531  542      1.542      0.448      0.000 4
 532  543      1.552     -0.661      0.000 4
 533  544      1.552      1.126      0.000 4
 534  546      1.555     -1.082      0.000 4
 535  545      1.556     -0.969      0.000 4
 536  547      1.568     -0.867      0.000 4
 537  548      1.571      0.743      0.000 4
  -1  549      1.574      0.860      0.000 4
  -1  550      1.575      0.614      0.000 4
