533
  -1   17     -1.572     -0.763      0.000 4
   1    0     -1.570     -0.040      0.000 4
  -1    2     -1.567      0.866      0.000 4
   2    5     -1.565      0.263      0.000 4
  -1   22     -1.555     -0.436      0.000 4
  -1    7     -1.552     -0.236      0.000 4
   7    8     -1.532     -1.067      0.000 4
  -1   -2     -1.531     -0.124      0.000 4
   3   21     -1.523     -1.016      0.000 4
   6   12     -1.516      0.222      0.000 4
   8   13     -1.510      0.326      0.000 4
   9   14     -1.500      0.280      0.000 4
  10   15     -1.497      0.531      0.000 4
  11   16     -1.491      0.661      0.000 4
  12   18     -1.490      0.413      0.000 4
  13   19     -1.488     -0.291      0.000 4
  15   20     -1.485      0.866      0.000 4
  18   23     -1.470      0.157      0.000 4
  19   24     -1.465      1.016      0.000 4
  20   25     -1.456     -0.979      0.000 4
  21   26     -1.449     -0.609      0.000 4
  -1   27     -1.443      0.491      0.000 4
  16   -2     -1.441     -1.096      0.000 4
  23   28     -1.436      0.346      0.000 4
  26   29     -1.433     -0.345      0.000 4
  33   -2     -1.432     -0.297      0.000 4
  27   31     -1.419      0.712      0.000 4
  14   30     -1.418     -0.712      0.000 4
  -1   32     -1.414      0.137      0.000 4
  30   34     -1.395     -0.384      0.000 4
  29   35     -1.395      0.287      0.000 4
  31   37     -1.385      0.641      0.000 4
  32   40     -1.383      0.066      0.000 4
  50   36     -1.374     -1.160      0.000 4
  37   39     -1.367      1.114      0.000 4
  35   41     -1.366      0.610      0.000 4
  34   -2     -1.360     -0.486      0.000 4
  38   42     -1.358     -0.897      0.000 4
  39   43     -1.345     -1.040      0.000 4
  40   45     -1.330     -0.005      0.000 4
  42   -2     -1.330      0.695      0.000 4
  43   46     -1.323      0.926      0.000 4
  45   47     -1.319      1.083      0.000 4
  44   48     -1.317      0.169      0.000 4
  46   49     -1.304     -0.979      0.000 4
  49   50     -1.296     -0.826      0.000 4
  48   51     -1.296     -0.335      0.000 4
  51   52     -1.289      0.553      0.000 4
  -1   -2     -1.284      0.656      0.000 4
  56   55     -1.268     -0.983      0.000 4
  54   -2     -1.267      0.393      0.000 4
  -1   54     -1.264      0.699      0.000 4
  58   -2     -1.262     -0.019      0.000 4
  57   56     -1.262     -0.629      0.000 4
  59   57     -1.247     -0.526      0.000 4
  60   58     -1.242      0.996      0.000 4
  -1   59     -1.233     -0.836      0.000 4
  61   -2     -1.231     -0.591      0.000 4
  -1   -2     -1.210     -0.774      0.000 4
  63   61     -1.208     -0.123      0.000 4
  64   62     -1.205      0.827      0.000 4
  87   -2     -1.198     -0.644      0.000 4
  -1   63     -1.195     -1.124      0.000 4
  -1   70     -1.183      0.599      0.000 4
  65   -2     -1.180     -1.088      0.000 4
  66   64     -1.176      0.726      0.000 4
  -1   66     -1.172     -1.173      0.000 4
  68   65     -1.167     -0.869      0.000 4
  70   67     -1.165     -0.833      0.000 4
  69   68     -1.163      1.040      0.000 4
  71   -2     -1.159      0.635      0.000 4
  -1   69     -1.158      0.999      0.000 4
  74   72     -1.141     -1.008      0.000 4
  73   74     -1.139     -0.349      0.000 4
  75   73     -1.138     -1.101      0.000 4
  76   75     -1.132      0.401      0.000 4
  77   76     -1.115      1.042      0.000 4
  84   -2     -1.109      0.651      0.000 4
  78   78     -1.105     -1.022      0.000 4
  79   79     -1.103     -1.063      0.000 4
  80   81     -1.094     -0.105      0.000 4
  81   82     -1.090     -0.373      0.000 4
  -1   -2     -1.077     -0.056      0.000 4
  82   -2     -1.076     -0.483      0.000 4
  83   83     -1.069     -0.285      0.000 4
  85   84     -1.065      0.397      0.000 4
  86   85     -1.061      0.800      0.000 4
  88   -2     -1.060      0.258      0.000 4
  -1   80     -1.045     -1.171      0.000 4
  89   86     -1.045      0.478      0.000 4
  93   88     -1.030     -1.061      0.000 4
  92   89     -1.027     -0.161      0.000 4
  94   91     -1.020      0.580      0.000 4
  96   90     -1.018     -0.864      0.000 4
  95   92     -1.017      0.388      0.000 4
  97   93     -1.013      0.190      0.000 4
  98   -2     -1.002     -0.221      0.000 4
 101   98     -0.996     -0.432      0.000 4
 100   95     -0.996     -0.180      0.000 4
 102   96     -0.996      1.027      0.000 4
 103   97     -0.994      0.911      0.000 4
 104  105     -0.982     -0.937      0.000 4
 105  101     -0.976      0.338      0.000 4
  -1  100     -0.969     -1.104      0.000 4
 107  102     -0.968      1.058      0.000 4
  -1  104     -0.952      0.779      0.000 4
 108   -2     -0.940     -0.938      0.000 4
 110  107     -0.915      0.569      0.000 4
 111  109     -0.911      0.306      0.000 4
 113  108     -0.910      1.084      0.000 4
 116   -2     -0.901      0.748      0.000 4
 114  110     -0.899     -0.090      0.000 4
  -1   -2     -0.897      0.901      0.000 4
  -1  123     -0.881     -1.090      0.000 4
  -1  117     -0.880     -1.169      0.000 4
 117  111     -0.870      0.690      0.000 4
 118  112     -0.864     -0.742      0.000 4
 112  113     -0.856     -0.613      0.000 4
 121  114     -0.846     -0.694      0.000 4
 120  115     -0.844     -0.136      0.000 4
 122  116     -0.843     -0.443      0.000 4
 125  121     -0.824      0.330      0.000 4
  -1  137     -0.824     -0.907      0.000 4
 127   -2     -0.822      0.736      0.000 4
 129  120     -0.821      1.089      0.000 4
 126  119     -0.820     -0.049      0.000 4
 128  122     -0.817     -0.010      0.000 4
 123  130     -0.808      0.445      0.000 4
  -1  135     -0.798     -0.280      0.000 4
 132  125     -0.795      0.257      0.000 4
 133  126     -0.791      0.816      0.000 4
 136  127     -0.787      0.992      0.000 4
  -1   -2     -0.787      0.026      0.000 4
 135  131     -0.786      0.316      0.000 4
 134   -2     -0.786      0.394      0.000 4
  -1  128     -0.785     -0.799      0.000 4
 138  129     -0.781     -1.029      0.000 4
 139  132     -0.779     -0.754      0.000 4
 140  134     -0.775      0.886      0.000 4
  -1   -2     -0.769     -1.073      0.000 4
 124  156     -0.768     -0.232      0.000 4
 141   -2     -0.768     -1.164      0.000 4
 143  138     -0.759     -0.058      0.000 4
 145   -2     -0.754     -0.931      0.000 4
  -1  140     -0.753      0.382      0.000 4
 144  139     -0.753     -0.447      0.000 4
 146  141     -0.743      0.035      0.000 4
  -1   -2     -0.738     -0.964      0.000 4
 131  142     -0.734     -1.010      0.000 4
 149  144     -0.724      0.980      0.000 4
  -1   -2     -0.716     -0.928      0.000 4
 150  145     -0.712      0.139      0.000 4
 151  146     -0.709     -0.151      0.000 4
  -1  147     -0.702      1.113      0.000 4
  -1  148     -0.695     -0.490      0.000 4
 154  143     -0.693     -0.993      0.000 4
  -1  149     -0.689      0.874      0.000 4
 155  151     -0.684     -0.556      0.000 4
 157  150     -0.683      1.062      0.000 4
  -1  152     -0.681     -0.688      0.000 4
 152  155     -0.677      0.731      0.000 4
 156  154     -0.676     -0.103      0.000 4
  -1   -2     -0.656     -1.173      0.000 4
 163  159     -0.643      1.146      0.000 4
 160  161     -0.643     -1.076      0.000 4
 165   -2     -0.635     -1.116      0.000 4
 166  163     -0.624     -0.308      0.000 4
 167  162     -0.623     -1.003      0.000 4
 168  164     -0.618     -0.765      0.000 4
 153   -2     -0.616      1.071      0.000 4
 161  180     -0.616      0.425      0.000 4
  -1  166     -0.608     -0.546      0.000 4
 170  167     -0.602      0.888      0.000 4
 171  168     -0.597     -0.432      0.000 4
 172  169     -0.589     -0.513      0.000 4
 173  171     -0.588     -0.282      0.000 4
 174   -2     -0.586     -1.111      0.000 4
  -1  172     -0.571      0.410      0.000 4
 176  173     -0.569      0.042      0.000 4
 178  165     -0.554      1.053      0.000 4
 177  175     -0.554      0.346      0.000 4
 179  176     -0.548     -1.175      0.000 4
 181  170     -0.542     -1.088      0.000 4
 180  177     -0.538     -0.514      0.000 4
  -1  178     -0.532     -0.236      0.000 4
  -1  179     -0.530      0.265      0.000 4
 183   -2     -0.528      0.542      0.000 4
 182   -2     -0.523      0.481      0.000 4
 184  181     -0.522      0.675      0.000 4
 185   -2     -0.497     -0.703      0.000 4
  -1  185     -0.493     -0.644      0.000 4
 186  182     -0.487      0.079      0.000 4
 187  183     -0.484      0.185      0.000 4
 188  184     -0.483      0.973      0.000 4
 189  186     -0.481     -1.174      0.000 4
 190   -2     -0.472     -0.679      0.000 4
 191  187     -0.465     -0.050      0.000 4
 192  188     -0.448     -0.131      0.000 4
 195   -2     -0.441     -1.139      0.000 4
 193  191     -0.439     -0.289      0.000 4
 194  190     -0.439     -0.950      0.000 4
 197  193     -0.424      0.447      0.000 4
 199  192     -0.422     -0.841      0.000 4
 200  194     -0.400      0.752      0.000 4
 201   -2     -0.396     -0.516      0.000 4
  -1  196     -0.396      0.636      0.000 4
 202  195     -0.394      1.070      0.000 4
 203  198     -0.389     -0.608      0.000 4
 205  200     -0.386      0.323      0.000 4
 206  202     -0.378     -0.185      0.000 4
 207  201     -0.377     -0.962      0.000 4
 208  203     -0.371     -0.673      0.000 4
 212  205     -0.367      1.065      0.000 4
 211  206     -0.367      0.728      0.000 4
 210  204     -0.364     -1.172      0.000 4
 209  210     -0.356     -0.266      0.000 4
 214  208     -0.354     -1.076      0.000 4
 215  209     -0.352      0.991      0.000 4
 217  212     -0.340      0.875      0.000 4
 204  234     -0.338      0.520      0.000 4
 218  214     -0.312     -0.577      0.000 4
 219  215     -0.303     -0.933      0.000 4
 234  199     -0.296      0.536      0.000 4
 220  217     -0.296      0.799      0.000 4
 222  218     -0.290     -0.987      0.000 4
  -1   -2     -0.289     -0.752      0.000 4
 221  220     -0.289      0.308      0.000 4
  -1  222     -0.272     -0.482      0.000 4
  -1  221     -0.272      0.282      0.000 4
 223  223     -0.265     -1.167      0.000 4
 226  224     -0.265     -1.073      0.000 4
 225  225     -0.262     -0.193      0.000 4
 227  226     -0.249      0.416      0.000 4
 228  227     -0.239     -0.405      0.000 4
 229  228     -0.238     -0.681      0.000 4
  -1   -2     -0.234      0.755      0.000 4
  -1  229     -0.229     -1.091      0.000 4
 232  230     -0.219      0.123      0.000 4
  -1   -2     -0.212      0.333      0.000 4
 235  233     -0.200      0.712      0.000 4
  -1  231     -0.177      0.385      0.000 4
 240  236     -0.157      0.069      0.000 4
  -1   -2     -0.156     -0.056      0.000 4
 242  237     -0.152     -0.775      0.000 4
 241  239     -0.147     -0.272      0.000 4
 238   -2     -0.145     -0.609      0.000 4
  -1  240     -0.138     -0.656      0.000 4
 244  241     -0.130     -1.024      0.000 4
 245  242     -0.123     -0.192      0.000 4
 246  243     -0.116      0.485      0.000 4
 248  244     -0.115      0.382      0.000 4
 247  253     -0.111     -1.158      0.000 4
 249  245     -0.105      0.621      0.000 4
 250  246     -0.098     -0.087      0.000 4
  -1  247     -0.091      0.326      0.000 4
 252  248     -0.087      1.139      0.000 4
  -1  250     -0.078     -1.094      0.000 4
 254  251     -0.071      0.223      0.000 4
 255  252     -0.068     -0.166      0.000 4
  -1   -2     -0.067      0.695      0.000 4
 257  249     -0.065     -0.630      0.000 4
  -1  254     -0.051     -0.332      0.000 4
 259  255     -0.051      0.347      0.000 4
 260   -2     -0.048     -1.173      0.000 4
 261  256     -0.045      0.586      0.000 4
 262  257     -0.029     -0.013      0.000 4
 277   -2     -0.019     -1.015      0.000 4
 263   -2     -0.016     -0.426      0.000 4
 264   -2     -0.003     -1.169      0.000 4
  -1  259     -0.003     -0.479      0.000 4
 272   -2      0.005      0.564      0.000 4
 266  261      0.009      0.319      0.000 4
 267  262      0.012      0.978      0.000 4
 268  263      0.019      0.856      0.000 4
  -1  264      0.027      0.367      0.000 4
 265  284      0.029      0.042      0.000 4
 271  265      0.030     -1.118      0.000 4
  -1  268      0.040      0.574      0.000 4
 274  271      0.051      0.330      0.000 4
  -1  274      0.061     -1.076      0.000 4
 276  272      0.062      0.904      0.000 4
 278   -2      0.067      0.650      0.000 4
 280  287      0.077      0.791      0.000 4
 279  276      0.078     -0.920      0.000 4
  -1   -2      0.081      1.143      0.000 4
 282  281      0.090     -0.975      0.000 4
 283  277      0.095     -0.714      0.000 4
 284  278      0.097      0.145      0.000 4
 299   -2      0.104     -1.163      0.000 4
 285  280      0.106      0.448      0.000 4
 287  283      0.109      0.101      0.000 4
 289   -2      0.113     -0.062      0.000 4
  -1  297      0.126      0.963      0.000 4
 290   -2      0.136      0.846      0.000 4
 291  288      0.137     -0.949      0.000 4
 295   -2      0.144      0.195      0.000 4
  -1  273      0.145      0.677      0.000 4
 294  289      0.145     -0.593      0.000 4
 292  290      0.151     -0.482      0.000 4
 293  291      0.152      1.042      0.000 4
 298  292      0.173     -0.684      0.000 4
 297  294      0.174      0.357      0.000 4
  -1  296      0.195     -1.173      0.000 4
  -1   -2      0.199     -0.459      0.000 4
 301  298      0.212      0.554      0.000 4
 302  300      0.214      0.021      0.000 4
 303  299      0.215     -1.009      0.000 4
 306  302      0.237     -0.157      0.000 4
 307  303      0.251      0.962      0.000 4
 310  304      0.259     -0.375      0.000 4
 309  305      0.260     -0.899      0.000 4
  -1  306      0.269      0.721      0.000 4
 313  307      0.273      1.108      0.000 4
 308   -2      0.273      0.239      0.000 4
 288   -2      0.275     -0.238      0.000 4
  -1   -2      0.301     -1.133      0.000 4
 316  312      0.302     -1.010      0.000 4
 317   -2      0.303     -0.081      0.000 4
 319  313      0.316      0.049      0.000 4
 320  315      0.317     -0.202      0.000 4
  -1   -2      0.320     -0.036      0.000 4
  -1  316      0.321     -0.399      0.000 4
 321  317      0.327      1.015      0.000 4
 322  318      0.330     -0.595      0.000 4
 323  314      0.339     -1.176      0.000 4
  -1   -2      0.353      1.063      0.000 4
  -1   -2      0.354     -1.020      0.000 4
 325   -2      0.355     -0.408      0.000 4
 326  320      0.372      0.051      0.000 4
 327  321      0.373     -0.807      0.000 4
  -1   -2      0.376      1.122      0.000 4
 328  322      0.383      0.289      0.000 4
  -1  331      0.390     -0.973      0.000 4
 330  323      0.390     -0.413      0.000 4
 331  324      0.394      0.162      0.000 4
 332  325      0.400     -0.462      0.000 4
 334  328      0.420     -0.887      0.000 4
  -1  329      0.422     -1.115      0.000 4
 337  330      0.424     -0.005      0.000 4
  -1   -2      0.425     -1.026      0.000 4
  -1   -2      0.434     -0.927      0.000 4
 336  334      0.442     -0.606      0.000 4
  -1   -2      0.450     -0.562      0.000 4
 342  342      0.457      0.616      0.000 4
 340  335      0.458     -0.432      0.000 4
  -1   -2      0.460      0.557      0.000 4
 338   -2      0.461      0.738      0.000 4
 335   -2      0.463     -1.172      0.000 4
 344  338      0.470      0.315      0.000 4
 347  339      0.479     -0.033      0.000 4
 343  351      0.481      0.678      0.000 4
 345  340      0.482     -1.111      0.000 4
 349  341      0.490     -0.794      0.000 4
 350  346      0.493      0.431      0.000 4
 351  345      0.495      0.900      0.000 4
 367   -2      0.496     -0.360      0.000 4
 354  347      0.501      0.759      0.000 4
 355  349      0.503     -0.964      0.000 4
 353  348      0.503     -0.622      0.000 4
 356  350      0.530      0.325      0.000 4
 357  352      0.538     -0.909      0.000 4
 358  353      0.544     -0.576      0.000 4
 360  354      0.559     -0.043      0.000 4
  -1   -2      0.560     -0.956      0.000 4
 361  356      0.561     -0.438      0.000 4
 362  357      0.565      0.904      0.000 4
 363   -2      0.571     -1.167      0.000 4
 364  359      0.574      1.035      0.000 4
 365  360      0.577      0.541      0.000 4
 366   -2      0.581      0.317      0.000 4
 368  362      0.595      0.809      0.000 4
 369  363      0.600     -0.743      0.000 4
 370  365      0.604     -0.989      0.000 4
  -1  364      0.607      0.330      0.000 4
 371  367      0.622      0.556      0.000 4
 373  369      0.626     -0.681      0.000 4
 376  368      0.626      0.488      0.000 4
 374  371      0.627     -0.837      0.000 4
 375  372      0.628     -1.068      0.000 4
 377   -2      0.628     -1.138      0.000 4
 378  374      0.644      0.935      0.000 4
 379  375      0.648      0.852      0.000 4
 386   -2      0.652      1.176      0.000 4
 380   -2      0.654     -0.482      0.000 4
  -1  384      0.679     -0.005      0.000 4
 381   -2      0.683     -1.029      0.000 4
 383  373      0.688     -1.170      0.000 4
 382  377      0.694     -0.501      0.000 4
  -1  380      0.703     -0.859      0.000 4
 385  381      0.703     -0.449      0.000 4
 387  383      0.709     -0.375      0.000 4
  -1  382      0.710      0.255      0.000 4
 388  386      0.715     -0.697      0.000 4
 389  385      0.717      0.291      0.000 4
 390  387      0.721      1.076      0.000 4
 402  378      0.727     -0.988      0.000 4
 384  403      0.736     -0.885      0.000 4
 393  389      0.738     -1.075      0.000 4
  -1   -2      0.743      0.292      0.000 4
 396  390      0.754      0.389      0.000 4
 395  392      0.755     -0.640      0.000 4
 397  391      0.757      0.339      0.000 4
 398  395      0.765      0.637      0.000 4
 399  406      0.785      1.058      0.000 4
  -1   -2      0.787     -0.817      0.000 4
 401  398      0.791      0.913      0.000 4
 403  400      0.811     -0.038      0.000 4
 404  402      0.822     -1.136      0.000 4
 405  401      0.826      0.094      0.000 4
 400  421      0.828     -0.874      0.000 4
 407  404      0.829      0.896      0.000 4
 409  407      0.844     -0.794      0.000 4
 412   -2      0.847     -0.202      0.000 4
 394  422      0.849      1.118      0.000 4
 411  410      0.852     -1.066      0.000 4
 413  411      0.856      0.164      0.000 4
 414   -2      0.861     -0.266      0.000 4
  -1  409      0.864     -0.149      0.000 4
 416  413      0.871      0.516      0.000 4
 418  414      0.875      0.424      0.000 4
 417  415      0.875      0.654      0.000 4
 421  416      0.879      0.704      0.000 4
 420  417      0.880      0.763      0.000 4
 423  418      0.881      1.065      0.000 4
 422  419      0.887     -0.455      0.000 4
 424  412      0.890     -0.292      0.000 4
  -1   -2      0.900      1.105      0.000 4
 425   -2      0.901     -0.875      0.000 4
 419  430      0.902     -1.006      0.000 4
 429  423      0.910      0.234      0.000 4
 427  424      0.913     -0.544      0.000 4
 428  425      0.914     -0.801      0.000 4
 430  426      0.917      1.171      0.000 4
  -1   -2      0.930     -1.000      0.000 4
  -1  420      0.932     -0.967      0.000 4
 432  429      0.933      0.024      0.000 4
 434  431      0.942      0.526      0.000 4
 435   -2      0.942     -0.249      0.000 4
 433   -2      0.943     -0.868      0.000 4
 436  434      0.946     -0.154      0.000 4
 437  435      0.955      0.453      0.000 4
 431  450      0.979     -1.120      0.000 4
  -1  438      0.984     -0.290      0.000 4
 439  437      0.985     -0.037      0.000 4
 441  439      1.005     -0.824      0.000 4
 442  440      1.010     -0.592      0.000 4
 443  441      1.014      0.670      0.000 4
 444  443      1.019     -0.330      0.000 4
  -1   -2      1.025      0.251      0.000 4
  -1   -2      1.026      1.035      0.000 4
 445  445      1.040     -0.003      0.000 4
 440  452      1.047      0.717      0.000 4
 448  447      1.050      0.834      0.000 4
 450  446      1.060      0.259      0.000 4
 438   -2      1.062     -1.169      0.000 4
 451  448      1.063      0.969      0.000 4
 452  451      1.071      0.099      0.000 4
 454   -2      1.079      1.038      0.000 4
 455  453      1.087     -0.647      0.000 4
 456  454      1.104     -0.563      0.000 4
 457  449      1.109      0.203      0.000 4
 458  456      1.112     -0.971      0.000 4
 459  455      1.115      1.029      0.000 4
  -1   -2      1.129      0.024      0.000 4
  -1  462      1.132     -1.118      0.000 4
 463   -2      1.142     -0.773      0.000 4
 462  461      1.146     -0.547      0.000 4
 465   -2      1.154     -1.073      0.000 4
  -1  463      1.156      1.027      0.000 4
 467  464      1.165      0.879      0.000 4
 468  465      1.167     -0.244      0.000 4
  -1  466      1.172      0.960      0.000 4
 464  460      1.193     -1.170      0.000 4
 471  468      1.197      0.281      0.000 4
 472  470      1.207     -0.490      0.000 4
 474  471      1.221      0.561      0.000 4
 475  473      1.231     -0.559      0.000 4
 476  474      1.235      0.994      0.000 4
 477  472      1.238      0.391      0.000 4
  -1  467      1.238     -0.144      0.000 4
 478  476      1.258     -0.498      0.000 4
  -1   -2      1.270     -0.084      0.000 4
  -1  479      1.270     -0.997      0.000 4
  -1  459      1.272     -0.761      0.000 4
  -1  481      1.284     -1.165      0.000 4
 480  478      1.289     -0.470      0.000 4
 481   -2      1.305     -0.951      0.000 4
 482  480      1.309     -0.552      0.000 4
 483  484      1.343     -1.061      0.000 4
 484  483      1.345      0.176      0.000 4
  -1   -2      1.349      0.153      0.000 4
 485  486      1.368     -0.917      0.000 4
 488  487      1.375      1.087      0.000 4
 489  488      1.379     -0.222      0.000 4
 491  489      1.382     -0.326      0.000 4
  -1  490      1.384     -0.976      0.000 4
 492  491      1.389      0.239      0.000 4
 493  492      1.391      0.512      0.000 4
 501   -2      1.398     -0.446      0.000 4
 495  494      1.400     -0.384      0.000 4
 496  495      1.409     -0.924      0.000 4
  -1   -2      1.411      0.436      0.000 4
 487  511      1.425     -1.165      0.000 4
 497  496      1.427      0.578      0.000 4
  -1   -2      1.438     -0.761      0.000 4
  -1  497      1.451     -1.076      0.000 4
  -1  500      1.453     -1.038      0.000 4
 498  498      1.454      0.269      0.000 4
 500  499      1.458      0.811      0.000 4
 502  501      1.476     -0.725      0.000 4
 512  502      1.481     -0.040      0.000 4
 504   -2      1.489     -0.189      0.000 4
 505  505      1.492     -0.243      0.000 4
 506  506      1.497      0.421      0.000 4
 510   -2      1.505      0.360      0.000 4
 507   -2      1.505     -0.312      0.000 4
 509  507      1.506      0.075      0.000 4
 514  508      1.529      0.694      0.000 4
 513   -2      1.530     -1.168      0.000 4
 515  509      1.531      1.075      0.000 4
 516  510      1.534      0.573      0.000 4
 517   -2      1.540     -1.117      0.000 4
 518  512      1.541     -0.592      0.000 4
 520  513      1.547      0.374      0.000 4
 508   -2      1.548     -1.013      0.000 4
  -1  515      1.549      0.023      0.000 4
 521  517      1.550     -0.894      0.000 4
  -1   -2      1.553      0.778      0.000 4
  -1   -2      1.559      1.004      0.000 4
 522  518      1.560     -0.792      0.000 4
  -1  504      1.563      0.815      0.000 4
 523  519      1.566      1.118      0.000 4
 524  520      1.567      0.440      0.000 4
