520
   2    1     -1.563     -0.433      0.000 4
   7    2     -1.558      0.845      0.000 4
   5    3     -1.556     -0.964      0.000 4
   6   -2     -1.547      0.737      0.000 4
  -1    7     -1.539      0.159      0.000 4
  -1   -2     -1.536      1.155      0.000 4
   8    9     -1.530      0.366      0.000 4
  -1   -2     -1.520     -0.951      0.000 4
   9   11     -1.515      0.056      0.000 4
  10   13     -1.510     -0.491      0.000 4
  11   24     -1.507      1.062      0.000 4
  19   12     -1.502     -0.979      0.000 4
  15   17     -1.475     -0.038      0.000 4
  23   10     -1.473     -0.930      0.000 4
  17   18     -1.472      0.801      0.000 4
  16   20     -1.471      0.200      0.000 4
  18   19     -1.471     -0.530      0.000 4
  13   21     -1.470      0.017      0.000 4
  20   22     -1.464     -0.787      0.000 4
  24   -2     -1.462      0.761      0.000 4
  -1   25     -1.462      0.397      0.000 4
  -1   28     -1.461      0.696      0.000 4
  -1   26     -1.424      0.484      0.000 4
  -1   27     -1.423     -0.052      0.000 4
  25   29     -1.408      0.848      0.000 4
  26   30     -1.401     -0.451      0.000 4
  28   -2     -1.390      0.274      0.000 4
  -1   36     -1.356     -0.761      0.000 4
  31   35     -1.353      0.910      0.000 4
  -1   -2     -1.352     -0.555      0.000 4
  -1   37     -1.341     -1.026      0.000 4
  -1   38     -1.336     -0.337      0.000 4
  33   32     -1.336     -1.156      0.000 4
  32   39     -1.335      1.082      0.000 4
  34   42     -1.312      0.471      0.000 4
  35   40     -1.311     -0.653      0.000 4
  36   -2     -1.309      1.002      0.000 4
  37   41     -1.309     -1.061      0.000 4
  38   43     -1.295     -0.763      0.000 4
  -1   45     -1.292      0.505      0.000 4
  40   46     -1.285      0.736      0.000 4
  -1   -2     -1.282     -0.712      0.000 4
  41   47     -1.281     -0.140      0.000 4
  39   48     -1.281     -0.971      0.000 4
  45   44     -1.268      0.837      0.000 4
  44   50     -1.268     -0.431      0.000 4
  46   51     -1.260      0.954      0.000 4
  47   52     -1.256      0.457      0.000 4
  48   -2     -1.251     -0.995      0.000 4
  68   -2     -1.240      0.974      0.000 4
  49   -2     -1.236      1.129      0.000 4
  -1   53     -1.236     -1.128      0.000 4
  -1   56     -1.234     -0.513      0.000 4
  50   55     -1.234     -0.763      0.000 4
  51   57     -1.233      0.741      0.000 4
  52   -2     -1.230      0.213      0.000 4
  53   58     -1.227     -0.343      0.000 4
  54   59     -1.224      0.539      0.000 4
  55   60     -1.221     -0.446      0.000 4
  56   61     -1.218     -0.198      0.000 4
  -1   54     -1.216      1.174      0.000 4
  57   62     -1.215      0.438      0.000 4
  58   63     -1.210     -0.972      0.000 4
  -1   -2     -1.206      0.796      0.000 4
  60   66     -1.189      0.375      0.000 4
  61   -2     -1.186     -0.214      0.000 4
  62   68     -1.181     -0.258      0.000 4
  64   70     -1.172      0.641      0.000 4
  66   71     -1.153      1.131      0.000 4
  67   73     -1.146     -0.956      0.000 4
  69   74     -1.139     -0.993      0.000 4
  77   -2     -1.138      0.883      0.000 4
  70   76     -1.135      0.332      0.000 4
  71   77     -1.122     -0.490      0.000 4
  72   78     -1.114     -0.102      0.000 4
  73   79     -1.103      1.135      0.000 4
  75   80     -1.082      0.608      0.000 4
  -1   81     -1.074     -1.128      0.000 4
  78   82     -1.068     -0.815      0.000 4
  79   83     -1.056     -0.145      0.000 4
  -1   -2     -1.056     -1.043      0.000 4
  84   85     -1.043      0.972      0.000 4
  82   86     -1.042     -0.013      0.000 4
  86   89     -1.033     -0.227      0.000 4
  90   88     -1.029     -1.168      0.000 4
  81   91     -1.023      0.330      0.000 4
  92   92     -1.008     -0.950      0.000 4
  -1   94     -1.004      0.717      0.000 4
  93   96     -1.002      0.400      0.000 4
  94   95     -1.000      1.086      0.000 4
  91   -2     -0.983     -0.055      0.000 4
  97   97     -0.978      0.039      0.000 4
  -1  110     -0.974     -0.780      0.000 4
  99   98     -0.968      0.383      0.000 4
 100   99     -0.959      0.932      0.000 4
 102  101     -0.952     -0.976      0.000 4
 103   -2     -0.952     -1.012      0.000 4
 112  100     -0.950     -1.157      0.000 4
 101  103     -0.949      0.140      0.000 4
  -1  105     -0.945      0.749      0.000 4
 105  104     -0.944     -0.644      0.000 4
 106  108     -0.924     -0.145      0.000 4
  -1  106     -0.920      1.170      0.000 4
 109  107     -0.913     -1.009      0.000 4
 108  109     -0.912     -0.726      0.000 4
 110   -2     -0.911     -0.778      0.000 4
 115  111     -0.904     -1.077      0.000 4
 114  112     -0.903      1.118      0.000 4
 113  113     -0.902     -0.098      0.000 4
 116  114     -0.899     -0.448      0.000 4
 104   -2     -0.894      0.815      0.000 4
 117   -2     -0.894      0.062      0.000 4
  -1  116     -0.892     -1.173      0.000 4
 119  117     -0.855      0.879      0.000 4
  -1  118     -0.851      0.036      0.000 4
 121  123     -0.840      1.051      0.000 4
 125   -2     -0.838     -1.167      0.000 4
 122  120     -0.833     -0.765      0.000 4
 123  121     -0.829      0.986      0.000 4
 124   -2     -0.822      1.095      0.000 4
  -1  122     -0.822     -0.976      0.000 4
  -1  127     -0.822      0.712      0.000 4
 126  124     -0.814     -0.917      0.000 4
  -1   -2     -0.810      0.737      0.000 4
 127  125     -0.809     -0.285      0.000 4
 128  126     -0.805     -0.539      0.000 4
 129   -2     -0.802      0.695      0.000 4
 120  137     -0.794     -0.974      0.000 4
 131  130     -0.793      0.050      0.000 4
  -1  132     -0.777      0.841      0.000 4
 133  133     -0.773      0.955      0.000 4
 136  135     -0.763     -0.670      0.000 4
 138   -2     -0.755     -0.939      0.000 4
 137  138     -0.754     -0.401      0.000 4
 134   -2     -0.753      0.251      0.000 4
 140  140     -0.729     -0.966      0.000 4
  -1  155     -0.728      0.578      0.000 4
 141  141     -0.728     -0.472      0.000 4
 142  142     -0.726     -0.205      0.000 4
 145  143     -0.722     -1.082      0.000 4
 144  144     -0.722      0.438      0.000 4
 162   -2     -0.711      1.073      0.000 4
 155   -2     -0.710     -1.012      0.000 4
 149  146     -0.708      1.020      0.000 4
 146  147     -0.707      0.081      0.000 4
 150  148     -0.700      0.174      0.000 4
 175  119     -0.696     -1.171      0.000 4
 151  149     -0.691      0.827      0.000 4
 153  151     -0.684     -0.728      0.000 4
 152  152     -0.681     -0.255      0.000 4
 157  153     -0.675     -0.461      0.000 4
 156  154     -0.674     -0.031      0.000 4
 158   -2     -0.671      0.610      0.000 4
 160  156     -0.648     -0.102      0.000 4
 161  157     -0.644     -0.723      0.000 4
 163   -2     -0.644      1.083      0.000 4
 165   -2     -0.636      0.737      0.000 4
 167  159     -0.619     -0.967      0.000 4
 166  160     -0.617     -0.237      0.000 4
  -1  161     -0.613      0.422      0.000 4
 169  162     -0.609     -1.043      0.000 4
 168  163     -0.607      0.390      0.000 4
  -1  172     -0.606      1.142      0.000 4
 176  158     -0.593      0.968      0.000 4
 170  165     -0.580      0.283      0.000 4
  -1   -2     -0.577     -0.949      0.000 4
  -1  166     -0.576     -0.053      0.000 4
 172  168     -0.567     -0.599      0.000 4
 173  167     -0.563     -0.920      0.000 4
  -1  170     -0.562     -0.140      0.000 4
 174   -2     -0.556      0.443      0.000 4
 181   -2     -0.556     -1.171      0.000 4
 177   -2     -0.531     -0.230      0.000 4
  -1  177     -0.530      0.542      0.000 4
 178  173     -0.529      1.081      0.000 4
 179  174     -0.525     -0.197      0.000 4
 180  175     -0.521      0.646      0.000 4
 183  176     -0.502     -0.509      0.000 4
  -1  171     -0.501      0.435      0.000 4
 184   -2     -0.490      0.617      0.000 4
 196  169     -0.478     -1.172      0.000 4
 182   -2     -0.476     -0.734      0.000 4
 197   -2     -0.473     -1.124      0.000 4
 190   -2     -0.470     -0.561      0.000 4
 188  183     -0.462      0.261      0.000 4
 189  182     -0.462     -0.843      0.000 4
  -1  189     -0.451     -0.959      0.000 4
  -1  186     -0.440      0.443      0.000 4
  -1  181     -0.435     -0.551      0.000 4
  -1   -2     -0.434      0.923      0.000 4
 192  190     -0.428      0.734      0.000 4
 194  192     -0.426     -0.464      0.000 4
 195  191     -0.425      1.073      0.000 4
 193  193     -0.421     -0.132      0.000 4
 198  196     -0.409      0.838      0.000 4
 199  194     -0.407      0.908      0.000 4
 200  197     -0.402     -0.831      0.000 4
 201  198     -0.399      0.342      0.000 4
 202  199     -0.394      0.658      0.000 4
 203  200     -0.369     -0.301      0.000 4
 204  202     -0.367     -0.611      0.000 4
 205  203     -0.343      0.639      0.000 4
 208  204     -0.337     -0.778      0.000 4
 222  187     -0.334      1.085      0.000 4
 209  210     -0.331      0.025      0.000 4
 211  207     -0.322     -0.533      0.000 4
 212  208     -0.313     -0.822      0.000 4
 214  209     -0.296      0.565      0.000 4
  -1  212     -0.278      0.828      0.000 4
 218  213     -0.278     -1.171      0.000 4
 217  219     -0.276     -0.182      0.000 4
 219  214     -0.268     -0.899      0.000 4
 206   -2     -0.253     -1.123      0.000 4
 220  217     -0.247     -1.012      0.000 4
 221   -2     -0.241     -0.120      0.000 4
  -1  218     -0.239      0.865      0.000 4
 224  220     -0.227      0.301      0.000 4
 233  216     -0.221     -1.089      0.000 4
 227  222     -0.214     -0.042      0.000 4
 228  223     -0.211     -0.490      0.000 4
 229   -2     -0.206     -0.595      0.000 4
 230  226     -0.196      0.263      0.000 4
  -1  227     -0.192     -0.219      0.000 4
 231  229     -0.191      0.481      0.000 4
 232  245     -0.182     -1.168      0.000 4
 235  231     -0.178      1.055      0.000 4
 234  232     -0.176      0.187      0.000 4
 236  230     -0.175     -0.999      0.000 4
  -1  233     -0.173     -0.506      0.000 4
 237  234     -0.170     -0.098      0.000 4
 238  235     -0.146     -0.811      0.000 4
 240  240     -0.142      0.275      0.000 4
 239  239     -0.142     -0.222      0.000 4
 247  224     -0.140     -0.619      0.000 4
 242  242     -0.131     -0.455      0.000 4
 256  225     -0.130      0.978      0.000 4
 243  243     -0.120      1.059      0.000 4
 244   -2     -0.117     -1.173      0.000 4
 245  246     -0.115      0.448      0.000 4
  -1   -2     -0.111     -0.518      0.000 4
 246  247     -0.100     -0.926      0.000 4
 248  248     -0.091      0.901      0.000 4
  -1   -2     -0.091      1.110      0.000 4
  -1  249     -0.089     -0.288      0.000 4
 249  251     -0.084     -0.868      0.000 4
 252  253     -0.069      1.006      0.000 4
  -1  254     -0.068     -0.326      0.000 4
 250  252     -0.066     -1.137      0.000 4
 253  256     -0.056      0.247      0.000 4
 254  257     -0.048      0.429      0.000 4
 255  258     -0.035      0.052      0.000 4
  -1   -2     -0.034      0.960      0.000 4
 257  261     -0.030      0.286      0.000 4
  -1  255     -0.016     -0.144      0.000 4
  -1   -2     -0.016      0.941      0.000 4
  -1  260     -0.015      0.906      0.000 4
  -1  274     -0.006      0.653      0.000 4
 259  263     -0.002      0.434      0.000 4
 260  264     -0.000      0.747      0.000 4
 261  265      0.000      0.261      0.000 4
  -1  266      0.003      0.115      0.000 4
 262  267      0.006     -0.022      0.000 4
 263  268      0.012     -0.986      0.000 4
 264  269      0.018     -1.109      0.000 4
 265  270      0.037      1.145      0.000 4
 266  272      0.040      0.490      0.000 4
 268   -2      0.053      0.683      0.000 4
 270  275      0.059     -0.838      0.000 4
 269  276      0.059      0.128      0.000 4
 271  277      0.062     -0.686      0.000 4
 276  280      0.074      0.098      0.000 4
 274  282      0.075     -0.012      0.000 4
 272  283      0.085      0.342      0.000 4
  -1  285      0.093     -0.962      0.000 4
 279   -2      0.099     -0.163      0.000 4
 267  303      0.104     -1.158      0.000 4
 273  287      0.105     -1.071      0.000 4
 285  290      0.132     -0.326      0.000 4
 287  293      0.141     -0.951      0.000 4
 288  294      0.142      0.638      0.000 4
 283   -2      0.147     -0.479      0.000 4
 289  296      0.150      0.509      0.000 4
  -1  297      0.157     -0.992      0.000 4
 290  298      0.168      0.799      0.000 4
 291  299      0.175      0.278      0.000 4
 292  300      0.183     -0.497      0.000 4
 293  301      0.187     -0.957      0.000 4
 294  302      0.197     -0.311      0.000 4
 295   -2      0.202     -1.169      0.000 4
 296  304      0.213     -0.777      0.000 4
 298  305      0.222      0.997      0.000 4
 297  306      0.223      0.040      0.000 4
  -1  321      0.224     -0.196      0.000 4
 299  308      0.225     -0.994      0.000 4
 301  311      0.230     -0.660      0.000 4
 302  312      0.234      0.420      0.000 4
  -1  313      0.235     -0.295      0.000 4
 303  315      0.250     -0.088      0.000 4
  -1  316      0.256      0.078      0.000 4
 305  320      0.274     -1.145      0.000 4
 306  318      0.277     -0.248      0.000 4
 307  319      0.282      0.115      0.000 4
 308  322      0.287      0.737      0.000 4
 309  324      0.298      0.934      0.000 4
 310   -2      0.300      1.079      0.000 4
 312  341      0.305     -0.793      0.000 4
 313  325      0.307      0.865      0.000 4
 311   -2      0.308     -1.171      0.000 4
 314  326      0.312      0.194      0.000 4
  -1   -2      0.315      0.721      0.000 4
 315   -2      0.331      0.652      0.000 4
 317  330      0.346     -1.125      0.000 4
 318  331      0.352     -0.264      0.000 4
 319  332      0.357     -0.125      0.000 4
 320  334      0.358     -0.976      0.000 4
  -1   -2      0.363      0.685      0.000 4
 322  335      0.365      0.056      0.000 4
 323  336      0.370      0.790      0.000 4
 331   -2      0.377     -1.175      0.000 4
 324  337      0.377     -1.042      0.000 4
 326  339      0.395      0.833      0.000 4
 325  340      0.398     -0.625      0.000 4
 327   -2      0.398     -0.787      0.000 4
  -1  342      0.400     -0.291      0.000 4
 329  343      0.418     -0.925      0.000 4
 330  344      0.420      0.889      0.000 4
  -1  357      0.422      0.482      0.000 4
  -1  345      0.437     -1.170      0.000 4
 332  346      0.438     -0.709      0.000 4
 328  362      0.443     -0.298      0.000 4
 335  349      0.450     -0.343      0.000 4
  -1   -2      0.456     -0.147      0.000 4
  -1   -2      0.459      0.378      0.000 4
 337   -2      0.464     -0.518      0.000 4
 336   -2      0.465      0.228      0.000 4
 338  353      0.472      0.989      0.000 4
 339  354      0.476      0.134      0.000 4
 340   -2      0.480     -0.637      0.000 4
 341  355      0.481      0.685      0.000 4
  -1  352      0.486     -1.145      0.000 4
 342  358      0.490     -0.467      0.000 4
 344  360      0.511      0.008      0.000 4
 346  359      0.517      0.784      0.000 4
 347   -2      0.524     -0.329      0.000 4
 348  363      0.524     -0.648      0.000 4
 349  364      0.537     -1.124      0.000 4
  -1  365      0.542      1.092      0.000 4
  -1   -2      0.545      0.395      0.000 4
 353  366      0.550     -0.503      0.000 4
 351  367      0.554     -0.758      0.000 4
 350  368      0.557      0.572      0.000 4
 352  370      0.561      0.431      0.000 4
 370  351      0.563      0.246      0.000 4
  -1   -2      0.569     -0.787      0.000 4
 356  373      0.572      0.169      0.000 4
 355  372      0.576     -0.823      0.000 4
 357  375      0.577      0.711      0.000 4
 359  376      0.581     -0.019      0.000 4
 361  377      0.597     -0.986      0.000 4
 362  378      0.602      0.596      0.000 4
 363  379      0.610     -0.470      0.000 4
 364  380      0.616     -0.873      0.000 4
  -1  381      0.618     -0.771      0.000 4
  -1   -2      0.625      1.145      0.000 4
 365  383      0.626      1.090      0.000 4
 366  384      0.628     -1.027      0.000 4
 377   -2      0.638     -1.169      0.000 4
 367  386      0.645      0.843      0.000 4
 368   -2      0.646      0.669      0.000 4
 369  387      0.648     -0.639      0.000 4
 371  388      0.657      0.726      0.000 4
 372  389      0.662     -0.736      0.000 4
 374  390      0.681     -0.543      0.000 4
 375  392      0.683     -0.034      0.000 4
  -1  393      0.684     -0.938      0.000 4
  -1   -2      0.696     -0.209      0.000 4
 378  395      0.704      0.650      0.000 4
 379  396      0.713      0.394      0.000 4
 381   -2      0.715      0.425      0.000 4
 382   -2      0.721      0.058      0.000 4
 383  400      0.728     -1.007      0.000 4
 384  401      0.732     -0.784      0.000 4
 386  402      0.739     -0.411      0.000 4
 385  404      0.741      0.769      0.000 4
 387  409      0.750      1.005      0.000 4
  -1   -2      0.757     -0.824      0.000 4
 390  406      0.758      0.695      0.000 4
 380  412      0.758     -1.057      0.000 4
 391   -2      0.760     -0.134      0.000 4
 392  407      0.761      0.257      0.000 4
  -1   -2      0.771     -1.007      0.000 4
 393  411      0.771     -0.233      0.000 4
 394  413      0.780      0.386      0.000 4
 388  420      0.782     -0.730      0.000 4
 395  414      0.783      0.912      0.000 4
  -1  405      0.784     -0.163      0.000 4
 396  415      0.789     -0.978      0.000 4
 397  416      0.797      1.014      0.000 4
  -1   -2      0.805      0.890      0.000 4
 399  418      0.815     -0.340      0.000 4
 398  419      0.817     -0.780      0.000 4
 400   -2      0.821     -0.598      0.000 4
 401   -2      0.826     -1.103      0.000 4
 403  423      0.840     -1.045      0.000 4
  -1  422      0.847     -1.083      0.000 4
 405  424      0.851      0.913      0.000 4
 404  425      0.851     -0.849      0.000 4
 407  427      0.875      1.093      0.000 4
 406   -2      0.879     -1.155      0.000 4
  -1   -2      0.880     -0.776      0.000 4
 410  428      0.885      0.218      0.000 4
 413  430      0.897     -1.006      0.000 4
 414   -2      0.903      1.094      0.000 4
 416  444      0.923     -0.875      0.000 4
 418  433      0.924      0.536      0.000 4
 411  450      0.924     -0.091      0.000 4
 420  426      0.926     -1.094      0.000 4
 419  434      0.926     -0.603      0.000 4
 421  435      0.936      0.317      0.000 4
 422  436      0.937      0.273      0.000 4
 423  439      0.940      0.779      0.000 4
 427  440      0.944      0.953      0.000 4
 408   -2      0.946     -0.812      0.000 4
 426  442      0.947      1.065      0.000 4
 424  443      0.953      0.999      0.000 4
 428  445      0.974     -0.059      0.000 4
 429  446      0.985     -0.466      0.000 4
 431  447      0.994     -0.560      0.000 4
 430  441      0.994     -0.726      0.000 4
  -1  448      0.996     -0.278      0.000 4
 433  449      1.001      0.060      0.000 4
 415   -2      1.019     -0.175      0.000 4
 432   -2      1.020     -0.310      0.000 4
 436  452      1.026      0.676      0.000 4
 438  453      1.036      0.623      0.000 4
 439  455      1.043      0.575      0.000 4
 441  475      1.056     -0.942      0.000 4
 442  451      1.056     -0.346      0.000 4
 444  456      1.056      0.451      0.000 4
 446   -2      1.057     -0.209      0.000 4
 447  457      1.059      0.185      0.000 4
 445  458      1.059      0.727      0.000 4
 448  459      1.067      0.366      0.000 4
 450  462      1.075     -0.642      0.000 4
  -1  461      1.075     -1.175      0.000 4
 451  463      1.079     -0.290      0.000 4
  -1  465      1.101     -0.193      0.000 4
 453  466      1.107      0.187      0.000 4
 452  467      1.107     -1.055      0.000 4
  -1   -2      1.128     -0.288      0.000 4
 456  468      1.133      0.474      0.000 4
 458   -2      1.135     -0.386      0.000 4
 457  469      1.137     -0.725      0.000 4
 455  470      1.137     -1.167      0.000 4
  -1  473      1.148      0.933      0.000 4
 468   -2      1.151      0.406      0.000 4
 462  474      1.159     -0.080      0.000 4
 461   -2      1.162     -0.959      0.000 4
 463  476      1.166     -0.872      0.000 4
 464   -2      1.169     -0.653      0.000 4
 465  477      1.175      0.804      0.000 4
 466  479      1.178      1.012      0.000 4
  -1   -2      1.184      0.435      0.000 4
  -1   -2      1.187     -0.461      0.000 4
  -1   -2      1.191     -0.140      0.000 4
 471  482      1.205     -0.053      0.000 4
 472  483      1.211     -0.646      0.000 4
  -1   -2      1.223      1.124      0.000 4
 467  486      1.232      0.568      0.000 4
 475  489      1.249      0.055      0.000 4
 476  488      1.253      0.228      0.000 4
  -1   -2      1.263     -1.132      0.000 4
 477  491      1.277     -0.609      0.000 4
 478   -2      1.280      0.721      0.000 4
  -1  492      1.283      0.866      0.000 4
 479  493      1.286     -0.688      0.000 4
 480  495      1.292     -0.471      0.000 4
 481  497      1.303     -1.100      0.000 4
 482  496      1.305      1.029      0.000 4
 484  499      1.321     -0.634      0.000 4
 486   -2      1.329     -0.136      0.000 4
 485  500      1.336     -0.582      0.000 4
  -1  501      1.344      0.250      0.000 4
  -1  502      1.352     -0.617      0.000 4
 493  508      1.354      0.988      0.000 4
 490  505      1.359     -0.706      0.000 4
 492  506      1.372     -1.091      0.000 4
 494  507      1.374      0.271      0.000 4
 489  503      1.375     -1.163      0.000 4
 491  504      1.380      0.589      0.000 4
  -1  511      1.381      1.151      0.000 4
  -1  509      1.405      0.194      0.000 4
 495  510      1.411      0.409      0.000 4
 496  512      1.415     -1.108      0.000 4
 497   -2      1.417      1.172      0.000 4
 483   -2      1.438     -0.213      0.000 4
 500  513      1.453     -0.621      0.000 4
 501  516      1.457     -0.479      0.000 4
 502  515      1.459      0.468      0.000 4
 503   -2      1.461     -0.548      0.000 4
 504  517      1.466     -0.366      0.000 4
 506   -2      1.487      0.132      0.000 4
 505   -2      1.487      0.062      0.000 4
 507  518      1.488      0.157      0.000 4
 508  519      1.497     -0.934      0.000 4
  -1   -2      1.499     -0.064      0.000 4
 511  522      1.525      0.242      0.000 4
  -1  523      1.528     -0.936      0.000 4
 512  525      1.537      1.138      0.000 4
 513  529      1.539     -1.115      0.000 4
 515  524      1.539      0.595      0.000 4
 499   -2      1.540     -1.173      0.000 4
  -1   -2      1.557     -0.716      0.000 4
 516  527      1.558     -0.323      0.000 4
 517  528      1.562      0.947      0.000 4
 518  530      1.565      0.687      0.000 4
  -1   -2      1.566     -1.111      0.000 4
 519  531      1.570     -0.131      0.000 4
 521  533      1.575     -1.010      0.000 4
 520  532      1.575      0.294      0.000 4
