523
   0    0     -1.575     -0.471      0.000 4
   1    2     -1.572      0.467      0.000 4
   2    3     -1.569      0.887      0.000 4
  -1   -2     -1.565      1.062      0.000 4
   4    5     -1.556      0.388      0.000 4
   5    6     -1.550     -1.007      0.000 4
  -1   -2     -1.547     -0.591      0.000 4
   6    7     -1.539      0.055      0.000 4
   7    8     -1.522     -0.529      0.000 4
  10   -2     -1.504      1.101      0.000 4
  -1   11     -1.501      0.007      0.000 4
  -1   12     -1.500     -0.719      0.000 4
  11   13     -1.499     -0.047      0.000 4
  12   14     -1.498      0.208      0.000 4
  14   15     -1.494      0.928      0.000 4
  16   17     -1.484     -0.568      0.000 4
  15   16     -1.483      0.840      0.000 4
  -1   18     -1.483     -0.758      0.000 4
  30   -2     -1.480     -0.981      0.000 4
  18   19     -1.480      0.799      0.000 4
  20   21     -1.465      0.975      0.000 4
  21   22     -1.465     -0.828      0.000 4
  22   -2     -1.456      0.516      0.000 4
  23   25     -1.451     -0.061      0.000 4
  24   20     -1.442     -1.117      0.000 4
  25   -2     -1.430      0.715      0.000 4
  -1   32     -1.424      0.884      0.000 4
  27   26     -1.420     -0.483      0.000 4
  -1   -2     -1.419     -0.727      0.000 4
  29   30     -1.409      0.651      0.000 4
  31   31     -1.401     -0.197      0.000 4
  33   -2     -1.397      0.835      0.000 4
  34   34     -1.348      0.495      0.000 4
  35   35     -1.332      1.115      0.000 4
  36   -2     -1.329     -1.062      0.000 4
  26   -2     -1.322      0.942      0.000 4
  50   27     -1.321     -0.686      0.000 4
  38   38     -1.319     -0.156      0.000 4
  45   40     -1.310     -1.167      0.000 4
  -1   39     -1.303      0.766      0.000 4
  41   41     -1.299     -0.797      0.000 4
  44   42     -1.296     -1.099      0.000 4
  42   44     -1.294      0.474      0.000 4
  43   43     -1.293     -0.456      0.000 4
  46   45     -1.283      0.866      0.000 4
  47   47     -1.272      0.218      0.000 4
  48   46     -1.270     -1.007      0.000 4
  49   48     -1.267      0.982      0.000 4
  52   50     -1.258     -0.362      0.000 4
  51   51     -1.257      0.560      0.000 4
  53   54     -1.255      0.456      0.000 4
  55   52     -1.255      0.767      0.000 4
  54   53     -1.253     -0.212      0.000 4
  56   56     -1.246     -0.470      0.000 4
  57   55     -1.244     -1.029      0.000 4
  58   -2     -1.239     -0.796      0.000 4
  59   57     -1.235     -1.124      0.000 4
  60   59     -1.231      0.389      0.000 4
  61   58     -1.230      1.156      0.000 4
  63   60     -1.226     -0.227      0.000 4
  64   61     -1.220     -0.275      0.000 4
  -1   63     -1.215     -0.852      0.000 4
  68   64     -1.201     -1.003      0.000 4
  69   -2     -1.194     -0.583      0.000 4
  67   -2     -1.185      0.600      0.000 4
  70   68     -1.180      0.343      0.000 4
  72   69     -1.159     -0.109      0.000 4
  73   71     -1.153      0.905      0.000 4
  74   73     -1.147     -0.508      0.000 4
  76   74     -1.141     -0.984      0.000 4
  -1   -2     -1.138     -0.612      0.000 4
  77   75     -1.130     -1.020      0.000 4
  78   76     -1.115      0.620      0.000 4
  79   78     -1.103     -0.153      0.000 4
  81   77     -1.098      1.157      0.000 4
  80   79     -1.093     -0.017      0.000 4
  -1   80     -1.092      0.349      0.000 4
  84   82     -1.076     -0.236      0.000 4
  86   83     -1.075      0.272      0.000 4
  85   84     -1.072     -0.837      0.000 4
  88   85     -1.059      0.439      0.000 4
  82   86     -1.058      0.327      0.000 4
  89   88     -1.050      0.407      0.000 4
  92   91     -1.034     -0.059      0.000 4
  94   90     -1.033      0.729      0.000 4
  95   92     -1.027      0.037      0.000 4
  93   89     -1.023     -1.162      0.000 4
  98   -2     -1.019     -0.881      0.000 4
  97   94     -1.014      0.390      0.000 4
  99   95     -1.013     -0.474      0.000 4
 101   96     -1.003     -0.969      0.000 4
 100   98     -1.002      0.140      0.000 4
 102   97     -1.001      1.102      0.000 4
 103  101     -0.973     -0.148      0.000 4
 104   99     -0.972      0.756      0.000 4
  90  119     -0.971      0.941      0.000 4
  -1   -2     -0.966     -0.840      0.000 4
 106  102     -0.964     -0.654      0.000 4
  91  117     -0.961     -1.029      0.000 4
 111   -2     -0.961      0.620      0.000 4
 110  103     -0.952     -0.974      0.000 4
  -1  105     -0.950     -0.099      0.000 4
  -1   -2     -0.947      0.062      0.000 4
 112  108     -0.933     -0.455      0.000 4
  -1  110     -0.926      0.635      0.000 4
 114  109     -0.924     -0.736      0.000 4
 115  111     -0.919     -0.791      0.000 4
 116  112     -0.914      0.821      0.000 4
 117  113     -0.908     -1.024      0.000 4
 120  107     -0.905     -1.171      0.000 4
 119  115     -0.900      1.126      0.000 4
 118  114     -0.899     -1.096      0.000 4
 139   -2     -0.878     -0.614      0.000 4
 121   -2     -0.872      0.881      0.000 4
  -1  126     -0.865      0.650      0.000 4
 122  120     -0.853     -0.287      0.000 4
 123  123     -0.847      0.049      0.000 4
  -1  124     -0.846      0.740      0.000 4
 126  122     -0.843      1.054      0.000 4
 125  121     -0.843     -0.772      0.000 4
 127  125     -0.839      0.988      0.000 4
 124  139     -0.835      0.833      0.000 4
 130  128     -0.833     -0.542      0.000 4
 131  131     -0.824     -0.253      0.000 4
 133  130     -0.822      1.095      0.000 4
 129  135     -0.819      0.322      0.000 4
  -1  136     -0.805      0.245      0.000 4
 137  137     -0.798      0.839      0.000 4
 135  133     -0.792     -0.979      0.000 4
 138  138     -0.790     -0.396      0.000 4
 140   -2     -0.787      0.950      0.000 4
 142  141     -0.774     -0.204      0.000 4
 145  143     -0.761     -0.470      0.000 4
 144  145     -0.759      0.080      0.000 4
 150  134     -0.756     -0.942      0.000 4
 146  147     -0.753      0.172      0.000 4
 169  116     -0.753     -1.160      0.000 4
  -1   -2     -0.730      0.282      0.000 4
 149  150     -0.726     -0.030      0.000 4
 151  152     -0.725     -0.250      0.000 4
  -1  151     -0.719     -1.166      0.000 4
 153  153     -0.717      1.011      0.000 4
 154  154     -0.714      0.819      0.000 4
 155  156     -0.710     -0.457      0.000 4
 148  155     -0.707     -1.013      0.000 4
 156  157     -0.707      0.600      0.000 4
  -1   -2     -0.706      1.066      0.000 4
 141   -2     -0.702     -0.724      0.000 4
 159  159     -0.698     -0.099      0.000 4
 161  160     -0.680     -1.176      0.000 4
 162  162     -0.663     -0.231      0.000 4
 163  161     -0.662     -0.717      0.000 4
 165  163     -0.655      0.998      0.000 4
 164   -2     -0.655      0.389      0.000 4
 166  164     -0.654      1.031      0.000 4
 167  166     -0.647      1.176      0.000 4
 168  167     -0.646      1.073      0.000 4
  -1  168     -0.644     -1.156      0.000 4
 170  169     -0.630      0.276      0.000 4
 171  170     -0.615     -0.954      0.000 4
  -1  171     -0.612     -0.139      0.000 4
 175  172     -0.606     -1.035      0.000 4
 174  173     -0.605      0.951      0.000 4
 173  165     -0.598      0.432      0.000 4
 176  176     -0.593     -0.589      0.000 4
 177  180     -0.570     -0.189      0.000 4
 180  179     -0.567      0.846      0.000 4
 181   -2     -0.566     -0.418      0.000 4
 184  178     -0.565     -0.745      0.000 4
 182  181     -0.555      0.628      0.000 4
 183  182     -0.548      0.763      0.000 4
  -1  184     -0.536     -0.665      0.000 4
 186  183     -0.535      1.058      0.000 4
 185  185     -0.533     -0.494      0.000 4
  -1   -2     -0.530     -0.606      0.000 4
 187  186     -0.525      0.598      0.000 4
  -1   -2     -0.518      0.550      0.000 4
 189  189     -0.507      0.252      0.000 4
 191  188     -0.500     -1.174      0.000 4
 192  191     -0.495     -0.714      0.000 4
 194  187     -0.482      0.429      0.000 4
 195  192     -0.473     -0.823      0.000 4
 196  193     -0.466     -0.605      0.000 4
  -1   -2     -0.464     -0.129      0.000 4
 198   -2     -0.457      0.744      0.000 4
 199  197     -0.454      0.710      0.000 4
 200  198     -0.439      0.328      0.000 4
  -1  196     -0.435     -0.919      0.000 4
 205  200     -0.430      0.882      0.000 4
 202  201     -0.429      1.040      0.000 4
 201  199     -0.424      0.808      0.000 4
 203  202     -0.424      0.632      0.000 4
 204  203     -0.423      0.109      0.000 4
 206  205     -0.414     -0.806      0.000 4
 208  206     -0.405     -0.287      0.000 4
 214   -2     -0.396      0.403      0.000 4
 210   -2     -0.387     -0.585      0.000 4
 211  208     -0.375      0.609      0.000 4
  -1  207     -0.371     -0.666      0.000 4
 213  209     -0.366      0.580      0.000 4
 216  210     -0.351     -0.749      0.000 4
 215   -2     -0.351      0.296      0.000 4
 217  211     -0.349     -0.509      0.000 4
 207  219     -0.348     -1.166      0.000 4
  -1  215     -0.337     -0.072      0.000 4
 218  214     -0.337      0.074      0.000 4
 220  213     -0.335      1.044      0.000 4
 221  218     -0.327      0.538      0.000 4
 222  217     -0.325     -0.791      0.000 4
 223   -2     -0.302     -0.669      0.000 4
 226   -2     -0.286     -1.169      0.000 4
 224  221     -0.280     -0.111      0.000 4
 225  222     -0.276     -0.862      0.000 4
 227  223     -0.264     -0.600      0.000 4
 228  224     -0.259      0.287      0.000 4
 229   -2     -0.250      0.359      0.000 4
 232  226     -0.248     -0.974      0.000 4
 231  227     -0.247     -0.035      0.000 4
  -1   -2     -0.239      1.135      0.000 4
 233  229     -0.230     -0.463      0.000 4
 235  232     -0.228      0.249      0.000 4
 242  230     -0.227     -1.083      0.000 4
  -1  228     -0.224      1.086      0.000 4
 236  231     -0.224     -0.563      0.000 4
 237  234     -0.219      0.455      0.000 4
 238  233     -0.219     -0.206      0.000 4
 239  236     -0.205      0.178      0.000 4
 241  237     -0.199     -0.087      0.000 4
 244  239     -0.181      1.009      0.000 4
 245  240     -0.177     -0.956      0.000 4
 246  238     -0.174     -0.449      0.000 4
 248  241     -0.169      0.260      0.000 4
 247  242     -0.169     -0.203      0.000 4
  -1   -2     -0.158     -0.587      0.000 4
 250  243     -0.156     -0.768      0.000 4
 251  245     -0.152     -0.427      0.000 4
 252  246     -0.143      0.019      0.000 4
 255  247     -0.137      0.423      0.000 4
 240   -2     -0.136     -1.119      0.000 4
 257  248     -0.123      1.007      0.000 4
 271  235     -0.112     -1.168      0.000 4
 260  250     -0.101      0.851      0.000 4
 262  253     -0.087     -0.312      0.000 4
  -1  255     -0.079     -1.079      0.000 4
 264  256     -0.074      0.234      0.000 4
 265  257     -0.073      0.953      0.000 4
  -1  258     -0.064      0.403      0.000 4
 266  259     -0.058      0.055      0.000 4
 267   -2     -0.050      0.270      0.000 4
 263  267     -0.048     -1.003      0.000 4
 268   -2     -0.048      0.518      0.000 4
 270  262     -0.033      0.895      0.000 4
  -1  265     -0.026     -0.007      0.000 4
  -1  261     -0.021      1.139      0.000 4
 272  263     -0.017      0.408      0.000 4
 273  264     -0.016      0.246      0.000 4
 274   -2     -0.008     -0.026      0.000 4
 276  272      0.002      0.114      0.000 4
 278  268      0.010     -0.113      0.000 4
 280  269      0.031      0.459      0.000 4
 283   -2      0.035      0.548      0.000 4
  -1   -2      0.038      1.086      0.000 4
 282  271      0.046      0.639      0.000 4
 284  274      0.053     -0.642      0.000 4
 285  275      0.054     -0.787      0.000 4
 286  278      0.055      0.109      0.000 4
 288  277      0.062     -0.008      0.000 4
  -1  290      0.064     -0.472      0.000 4
 281   -2      0.086     -1.152      0.000 4
  -1   -2      0.088      0.443      0.000 4
 293  283      0.097     -0.165      0.000 4
 294  284      0.104     -1.020      0.000 4
 292  285      0.105      0.888      0.000 4
 295  286      0.114      0.052      0.000 4
 296  287      0.119     -0.380      0.000 4
  -1   -2      0.128      1.094      0.000 4
 299  289      0.134     -1.097      0.000 4
 301   -2      0.137      0.685      0.000 4
 302   -2      0.141     -0.443      0.000 4
 303  291      0.141      0.597      0.000 4
 304  281      0.145      0.474      0.000 4
 305  292      0.145     -0.942      0.000 4
 306  293      0.171      0.749      0.000 4
 307  294      0.175      0.264      0.000 4
 308  295      0.178     -0.459      0.000 4
 310  297      0.193     -0.285      0.000 4
  -1  299      0.197     -1.172      0.000 4
 311  298      0.201     -1.116      0.000 4
 312  300      0.211     -0.730      0.000 4
 309  308      0.211     -0.935      0.000 4
 315  301      0.224      0.041      0.000 4
 313  303      0.228      0.939      0.000 4
 316  304      0.229     -0.615      0.000 4
 317  309      0.232      0.778      0.000 4
 318  305      0.233     -1.139      0.000 4
 319   -2      0.235      0.685      0.000 4
  -1  306      0.237      0.393      0.000 4
  -1  307      0.238     -0.285      0.000 4
 321  310      0.252     -0.077      0.000 4
 322  311      0.270     -0.436      0.000 4
 323  312      0.270     -1.096      0.000 4
 325  313      0.279     -0.228      0.000 4
 324  314      0.285     -1.171      0.000 4
 298   -2      0.288      1.100      0.000 4
 326  315      0.290      0.111      0.000 4
 327  316      0.294      0.693      0.000 4
 329  332      0.304      1.027      0.000 4
 328  317      0.304      0.881      0.000 4
 330  318      0.306     -0.748      0.000 4
 331  319      0.313      0.814      0.000 4
 332  320      0.319      0.184      0.000 4
  -1  321      0.319      0.564      0.000 4
 334  323      0.325      0.509      0.000 4
  -1  324      0.339     -1.169      0.000 4
 336  325      0.343     -1.079      0.000 4
 338  326      0.348     -0.032      0.000 4
 340  329      0.358     -0.932      0.000 4
 341  331      0.362      0.413      0.000 4
 342  335      0.374     -0.997      0.000 4
 343  333      0.375      0.056      0.000 4
 344  336      0.384      0.743      0.000 4
 345   -2      0.400     -0.590      0.000 4
 346   -2      0.409      0.789      0.000 4
 347  339      0.409     -0.271      0.000 4
 348  340      0.419     -0.885      0.000 4
 349  341      0.431      0.839      0.000 4
 350   -2      0.437     -1.148      0.000 4
 351  343      0.445     -0.676      0.000 4
 352  344      0.454     -0.280      0.000 4
 353  345      0.459      0.051      0.000 4
  -1   -2      0.462     -1.176      0.000 4
  -1  346      0.462     -0.320      0.000 4
  -1  334      0.467      0.689      0.000 4
 363  337      0.473     -0.490      0.000 4
 356  347      0.473      1.113      0.000 4
 357  348      0.481      0.941      0.000 4
 358  349      0.484      0.217      0.000 4
 359  350      0.485     -0.610      0.000 4
 360   -2      0.489     -0.902      0.000 4
 364  342      0.491     -1.152      0.000 4
  -1   -2      0.494      0.761      0.000 4
  -1  351      0.496      0.126      0.000 4
  -1   -2      0.498      0.324      0.000 4
  -1  352      0.501     -0.445      0.000 4
 362   -2      0.504      0.680      0.000 4
  -1   -2      0.515      0.901      0.000 4
  -1  369      0.519      1.169      0.000 4
 365  356      0.533     -0.620      0.000 4
 367  355      0.534      0.007      0.000 4
 368  357      0.537     -0.313      0.000 4
 369  359      0.551      1.042      0.000 4
  -1  361      0.555      0.363      0.000 4
 370  362      0.562     -0.480      0.000 4
 371  363      0.565     -0.742      0.000 4
 374  364      0.580      0.538      0.000 4
 373  367      0.580     -0.796      0.000 4
 375  366      0.582      0.449      0.000 4
 382  353      0.586     -1.170      0.000 4
 376   -2      0.587      1.174      0.000 4
 377  368      0.588      0.400      0.000 4
  -1   -2      0.590     -0.263      0.000 4
 378   -2      0.591      0.230      0.000 4
 379  370      0.598      0.672      0.000 4
  -1   -2      0.605     -0.251      0.000 4
 381  371      0.606     -0.019      0.000 4
  -1   -2      0.611      0.495      0.000 4
 383  374      0.618     -0.996      0.000 4
 385  375      0.626     -0.454      0.000 4
 387  376      0.628      0.561      0.000 4
 386  377      0.629      1.097      0.000 4
 388  378      0.631      1.047      0.000 4
 389  372      0.635      0.229      0.000 4
 390  381      0.658     -0.620      0.000 4
  -1  380      0.660      0.512      0.000 4
 391  382      0.665      0.803      0.000 4
  -1   -2      0.667     -0.350      0.000 4
 392  383      0.670     -0.718      0.000 4
  -1  384      0.672      0.633      0.000 4
 393  385      0.682      0.690      0.000 4
 394  386      0.684     -0.922      0.000 4
  -1  379      0.696     -1.173      0.000 4
  -1   -2      0.705     -1.040      0.000 4
 397  387      0.713     -0.035      0.000 4
 400  390      0.736      0.618      0.000 4
 398  389      0.736     -0.996      0.000 4
 399  391      0.738     -0.770      0.000 4
 402  392      0.744      0.373      0.000 4
 403   -2      0.747      0.404      0.000 4
 404  393      0.752     -1.047      0.000 4
 406  394      0.754      0.972      0.000 4
 423   -2      0.760     -0.411      0.000 4
 407  396      0.764      0.735      0.000 4
  -1  397      0.771     -0.813      0.000 4
  -1  398      0.776     -0.573      0.000 4
  -1  399      0.781     -0.625      0.000 4
 408  400      0.785      0.664      0.000 4
  -1   -2      0.789     -0.140      0.000 4
 409  402      0.790     -0.972      0.000 4
 410  404      0.796     -0.232      0.000 4
  -1   -2      0.797      1.051      0.000 4
 411  405      0.801      0.881      0.000 4
 412  406      0.809      0.980      0.000 4
  -1  417      0.809     -1.166      0.000 4
  -1   -2      0.810      0.911      0.000 4
 414  407      0.814      0.366      0.000 4
 413  401      0.816     -0.166      0.000 4
 415  408      0.819     -1.099      0.000 4
  -1   -2      0.829      0.668      0.000 4
 416  411      0.834     -0.592      0.000 4
 417   -2      0.836     -1.039      0.000 4
 418  413      0.841     -0.338      0.000 4
 420  415      0.855     -0.846      0.000 4
 424  414      0.865     -1.125      0.000 4
 426  410      0.887     -0.776      0.000 4
 425  418      0.891      1.065      0.000 4
  -1  412      0.898     -1.007      0.000 4
 427  419      0.905      1.165      0.000 4
  -1  420      0.913      0.922      0.000 4
 430   -2      0.920     -0.047      0.000 4
 428  421      0.921      0.188      0.000 4
  -1  422      0.933      0.694      0.000 4
  -1  423      0.937     -0.608      0.000 4
  -1  427      0.938     -0.153      0.000 4
 429   -2      0.940     -1.161      0.000 4
 433  424      0.952     -0.817      0.000 4
 434  426      0.956      1.042      0.000 4
 437  430      0.961      0.931      0.000 4
 439  428      0.962      0.516      0.000 4
 438  431      0.964     -0.892      0.000 4
 432  429      0.966      0.757      0.000 4
  -1  433      0.966      0.362      0.000 4
 451   -2      0.968     -0.041      0.000 4
 441  432      0.970      0.967      0.000 4
 443   -2      0.977      0.278      0.000 4
 444  435      1.003     -0.732      0.000 4
 445  436      1.004     -0.475      0.000 4
 447  437      1.009     -0.069      0.000 4
 446  438      1.009     -0.569      0.000 4
 448   -2      1.024      1.067      0.000 4
 449   -2      1.025     -0.286      0.000 4
  -1  441      1.032     -0.880      0.000 4
 452  439      1.050     -0.185      0.000 4
  -1   -2      1.052     -0.329      0.000 4
 453  443      1.055     -0.955      0.000 4
 454  446      1.073      0.610      0.000 4
 455  447      1.081      0.563      0.000 4
 471  440      1.083     -0.358      0.000 4
 458  448      1.084      0.112      0.000 4
 459  449      1.087     -0.657      0.000 4
 460  450      1.090      0.712      0.000 4
 456  452      1.092     -0.222      0.000 4
 462  458      1.096      0.441      0.000 4
  -1  454      1.099     -0.775      0.000 4
 461  455      1.102     -1.073      0.000 4
 457  459      1.108     -1.174      0.000 4
 463  456      1.109     -0.300      0.000 4
 464  457      1.109      0.356      0.000 4
 465  460      1.132     -0.205      0.000 4
 466  462      1.145     -0.745      0.000 4
 467  461      1.146      0.179      0.000 4
 468  463      1.153      1.143      0.000 4
  -1  464      1.156     -0.305      0.000 4
 470   -2      1.159     -0.984      0.000 4
  -1  465      1.159     -0.405      0.000 4
 469   -2      1.161     -0.944      0.000 4
 472  467      1.166      0.927      0.000 4
 473  469      1.167     -0.895      0.000 4
 474  468      1.170      0.470      0.000 4
  -1  479      1.177      0.713      0.000 4
 475  472      1.191      1.007      0.000 4
 476  471      1.192      0.405      0.000 4
  -1   -2      1.203     -0.750      0.000 4
 478  474      1.203      0.803      0.000 4
 479  477      1.219     -0.672      0.000 4
 481  478      1.227      1.125      0.000 4
 493  466      1.228     -1.068      0.000 4
 482   -2      1.231      0.689      0.000 4
  -1   -2      1.239      1.027      0.000 4
 483  481      1.239     -0.070      0.000 4
 484  483      1.265      0.214      0.000 4
 491  482      1.273      0.977      0.000 4
  -1  491      1.278     -1.172      0.000 4
 490   -2      1.280     -0.948      0.000 4
 489  488      1.287      0.044      0.000 4
 488  489      1.287     -0.641      0.000 4
 492   -2      1.292     -0.720      0.000 4
 499  484      1.294      0.224      0.000 4
 494  492      1.306     -0.501      0.000 4
 497  493      1.316      1.038      0.000 4
 498  486      1.321     -0.972      0.000 4
 502   -2      1.327     -0.046      0.000 4
 500  495      1.330     -0.668      0.000 4
 503  496      1.362     -0.653      0.000 4
 504  497      1.363     -0.745      0.000 4
 505  500      1.369     -1.129      0.000 4
 506  501      1.372      0.252      0.000 4
 507  503      1.399     -0.633      0.000 4
 486   -2      1.403     -1.160      0.000 4
 510  505      1.409      1.176      0.000 4
 511  504      1.411      0.273      0.000 4
  -1  507      1.433      0.190      0.000 4
 520   -2      1.447     -1.173      0.000 4
 521   -2      1.450     -1.004      0.000 4
 514  510      1.459     -0.664      0.000 4
 516  511      1.467      0.830      0.000 4
 515  512      1.468     -0.519      0.000 4
 517  513      1.472     -0.590      0.000 4
 518  514      1.478     -0.399      0.000 4
 512   -2      1.489      0.482      0.000 4
  -1  517      1.496     -1.144      0.000 4
 519  516      1.498     -0.980      0.000 4
 525  518      1.504     -0.944      0.000 4
 522  519      1.505     -0.324      0.000 4
 523  506      1.509      0.051      0.000 4
 524  520      1.513      0.154      0.000 4
  -1   -2      1.526     -0.995      0.000 4
  -1   -2      1.546      0.734      0.000 4
 527  524      1.552      0.244      0.000 4
 526  525      1.554     -1.164      0.000 4
 529  526      1.566      0.622      0.000 4
 530  527      1.568     -0.359      0.000 4
 531  529      1.575      0.978      0.000 4
  -1  522      1.575     -1.058      0.000 4
