545
  -1   -2     -1.573     -1.175      0.000 4
   0    0     -1.572     -0.462      0.000 4
   2    1     -1.569      0.460      0.000 4
   3    2     -1.567      0.876      0.000 4
   4   -2     -1.567      1.050      0.000 4
   7    5     -1.550     -0.996      0.000 4
  11   -2     -1.550     -0.669      0.000 4
   6    6     -1.550      0.381      0.000 4
   8    8     -1.532      0.055      0.000 4
  10    9     -1.520     -0.520      0.000 4
  -1   10     -1.509     -0.336      0.000 4
  -1   -2     -1.506      1.092      0.000 4
  21   -2     -1.500     -0.986      0.000 4
  13   12     -1.493      0.008      0.000 4
  14   13     -1.492     -0.044      0.000 4
  16   -2     -1.492      0.915      0.000 4
  15   14     -1.492      0.206      0.000 4
  -1   15     -1.484     -0.748      0.000 4
  17   16     -1.483      0.829      0.000 4
  18   17     -1.481     -0.557      0.000 4
  19   18     -1.477      0.789      0.000 4
  20   21     -1.465      0.965      0.000 4
  22   20     -1.464     -0.818      0.000 4
  25   23     -1.446      0.506      0.000 4
  23   -2     -1.444     -1.106      0.000 4
   9   35     -1.434     -1.168      0.000 4
  26   25     -1.428      0.706      0.000 4
  -1   -2     -1.424     -0.661      0.000 4
  27   -2     -1.418      0.873      0.000 4
  28   27     -1.417     -0.475      0.000 4
  -1   28     -1.412     -0.713      0.000 4
  31   30     -1.393     -0.189      0.000 4
  30   -2     -1.381      0.775      0.000 4
  35   33     -1.340      0.490      0.000 4
  36   34     -1.334      1.106      0.000 4
  37   32     -1.332     -1.054      0.000 4
  33   -2     -1.331     -0.596      0.000 4
  34   -2     -1.321      0.928      0.000 4
  39   36     -1.319     -0.678      0.000 4
  -1   -2     -1.317      0.522      0.000 4
  -1   37     -1.314      1.017      0.000 4
  40   38     -1.309     -0.152      0.000 4
  -1   43     -1.301     -0.090      0.000 4
  42   39     -1.301     -1.089      0.000 4
  43   40     -1.299     -0.788      0.000 4
  41   41     -1.298      0.752      0.000 4
  -1   -2     -1.293     -1.172      0.000 4
  44   42     -1.286     -0.448      0.000 4
  45   44     -1.284      0.470      0.000 4
  46   45     -1.278      0.858      0.000 4
  -1   -2     -1.274      1.078      0.000 4
  47   46     -1.272     -0.997      0.000 4
  49   47     -1.264      0.975      0.000 4
  -1   48     -1.262      0.216      0.000 4
  51   51     -1.251      0.557      0.000 4
  50   49     -1.251     -0.357      0.000 4
  -1   -2     -1.250     -0.530      0.000 4
  52   52     -1.249      0.759      0.000 4
  54   54     -1.245     -0.208      0.000 4
  -1   53     -1.245      0.996      0.000 4
  55   55     -1.244      0.450      0.000 4
  56   57     -1.239     -0.464      0.000 4
  -1   56     -1.236     -0.854      0.000 4
  57   58     -1.233      1.148      0.000 4
  59   59     -1.218      0.384      0.000 4
  61   60     -1.209     -0.268      0.000 4
  62   -2     -1.208     -0.486      0.000 4
  63   62     -1.204     -0.995      0.000 4
  65   -2     -1.196     -1.162      0.000 4
  64   64     -1.195      0.656      0.000 4
  -1   65     -1.193     -0.579      0.000 4
  66   68     -1.167      0.340      0.000 4
  67   70     -1.155      1.125      0.000 4
  68   69     -1.149      0.899      0.000 4
  -1   -2     -1.147     -0.107      0.000 4
  69   71     -1.143     -0.976      0.000 4
  70   72     -1.139     -0.503      0.000 4
  71   73     -1.132     -1.014      0.000 4
  73   74     -1.106      0.617      0.000 4
  74   75     -1.100      1.154      0.000 4
  75   76     -1.091     -0.151      0.000 4
  76   -2     -1.090     -1.175      0.000 4
  78   -2     -1.081      0.348      0.000 4
  77   77     -1.081     -0.012      0.000 4
  -1   -2     -1.076      0.840      0.000 4
  81   79     -1.072     -0.831      0.000 4
  80   78     -1.072     -0.040      0.000 4
  82   82     -1.065     -0.234      0.000 4
  83   83     -1.064      0.270      0.000 4
  84   81     -1.062     -1.144      0.000 4
  -1   99     -1.060     -0.651      0.000 4
  87   85     -1.048      0.984      0.000 4
  85   84     -1.046      0.325      0.000 4
  89   86     -1.043     -1.066      0.000 4
  88   87     -1.039      0.407      0.000 4
  90   -2     -1.034      0.792      0.000 4
  91   -2     -1.027      0.725      0.000 4
  92   88     -1.021     -0.058      0.000 4
  93   90     -1.013      0.038      0.000 4
  -1   89     -1.010     -1.167      0.000 4
  99   91     -1.006     -0.966      0.000 4
  97   92     -1.005     -0.472      0.000 4
  95   94     -1.002      0.389      0.000 4
 100   -2     -1.001      1.096      0.000 4
 101   95     -0.987      0.140      0.000 4
 102   97     -0.967      0.752      0.000 4
  -1   93     -0.966      1.121      0.000 4
 103  100     -0.961     -0.147      0.000 4
  98   -2     -0.959     -0.651      0.000 4
  -1   98     -0.952     -0.978      0.000 4
  -1   -2     -0.949      0.791      0.000 4
 108  101     -0.940     -1.166      0.000 4
 107  102     -0.936     -0.099      0.000 4
 109  103     -0.924     -0.452      0.000 4
  -1  105     -0.923      0.067      0.000 4
 110  104     -0.922     -0.732      0.000 4
 111  106     -0.918     -0.786      0.000 4
  -1   -2     -0.913     -0.299      0.000 4
 112  107     -0.909     -1.019      0.000 4
 113  108     -0.905      0.820      0.000 4
 115  109     -0.902      1.124      0.000 4
 106  110     -0.897     -1.092      0.000 4
 117  112     -0.868      0.880      0.000 4
 118  113     -0.856     -1.172      0.000 4
  -1   -2     -0.847     -0.088      0.000 4
 120   -2     -0.842     -0.771      0.000 4
 121  121     -0.842      1.053      0.000 4
 119  116     -0.842     -0.286      0.000 4
 122  114     -0.841      0.742      0.000 4
 123  117     -0.837      0.987      0.000 4
 124  118     -0.834      0.049      0.000 4
  -1  115     -0.830     -0.820      0.000 4
 126  119     -0.826     -0.541      0.000 4
  -1  120     -0.825      0.694      0.000 4
 129   -2     -0.822      1.095      0.000 4
 130  123     -0.814     -0.253      0.000 4
 128   -2     -0.805      0.321      0.000 4
  -1  124     -0.804     -0.938      0.000 4
  -1  137     -0.792     -1.021      0.000 4
 125  147     -0.791      0.841      0.000 4
 134  126     -0.791      0.247      0.000 4
 136  129     -0.784     -0.394      0.000 4
 137  128     -0.783      0.951      0.000 4
 138  130     -0.780     -0.670      0.000 4
 139  131     -0.763     -0.205      0.000 4
  -1  132     -0.759     -0.510      0.000 4
 140  135     -0.756      0.433      0.000 4
 141  133     -0.755     -0.942      0.000 4
 143  134     -0.752     -1.156      0.000 4
 142  136     -0.752     -0.470      0.000 4
 144  138     -0.745      0.081      0.000 4
 146   -2     -0.743     -1.047      0.000 4
  -1  139     -0.740      0.488      0.000 4
 145  140     -0.739      0.173      0.000 4
 147  141     -0.734      0.963      0.000 4
 148  142     -0.730     -0.966      0.000 4
  -1   -2     -0.724      0.067      0.000 4
  -1  143     -0.714      1.013      0.000 4
 150  144     -0.712     -0.251      0.000 4
 149  146     -0.712     -0.030      0.000 4
 152   -2     -0.708      0.824      0.000 4
 153  145     -0.708     -1.013      0.000 4
 154  148     -0.701     -0.458      0.000 4
 156  149     -0.698     -0.725      0.000 4
 155  150     -0.697      0.602      0.000 4
 157  153     -0.685     -0.097      0.000 4
 158  152     -0.683     -1.175      0.000 4
  -1  151     -0.683     -1.055      0.000 4
 132   -2     -0.673     -0.872      0.000 4
 160  155     -0.658     -0.717      0.000 4
 161  157     -0.652     -0.234      0.000 4
 163  156     -0.651      1.177      0.000 4
 151   -2     -0.646      1.074      0.000 4
 164  160     -0.641      0.383      0.000 4
 168  161     -0.622     -0.962      0.000 4
 167  163     -0.612      0.274      0.000 4
 169  164     -0.606     -1.038      0.000 4
 172  166     -0.603      0.956      0.000 4
 170  167     -0.594     -0.136      0.000 4
 174  169     -0.587     -0.590      0.000 4
 175  170     -0.573     -0.933      0.000 4
 177  172     -0.564      0.852      0.000 4
 178  173     -0.560     -0.190      0.000 4
  -1   -2     -0.550      1.119      0.000 4
 179  174     -0.547      0.631      0.000 4
  -1   -2     -0.546      0.897      0.000 4
 180  175     -0.534      1.063      0.000 4
  -1  176     -0.532     -0.666      0.000 4
 181  179     -0.525     -0.498      0.000 4
 182  180     -0.517      0.603      0.000 4
 185  178     -0.514     -1.173      0.000 4
 184  181     -0.512      0.553      0.000 4
 183  182     -0.495      0.255      0.000 4
 186  183     -0.490     -0.720      0.000 4
 187  184     -0.487     -0.548      0.000 4
 190  185     -0.470     -0.828      0.000 4
  -1  186     -0.466     -1.108      0.000 4
 192   -2     -0.461     -0.611      0.000 4
  -1  187     -0.457     -0.537      0.000 4
 193  190     -0.448     -0.450      0.000 4
 194  192     -0.447      0.715      0.000 4
 189  204     -0.429      0.332      0.000 4
 197  193     -0.428      1.049      0.000 4
 196  194     -0.428      0.819      0.000 4
  -1  197     -0.425     -0.353      0.000 4
 198  198     -0.425      0.890      0.000 4
 199  199     -0.416      0.640      0.000 4
 202  200     -0.411     -0.813      0.000 4
 200  201     -0.408      0.114      0.000 4
 203  202     -0.401      0.796      0.000 4
 204  203     -0.396     -0.289      0.000 4
  -1   -2     -0.386      0.255      0.000 4
 205  206     -0.368      0.616      0.000 4
 206  207     -0.357      0.591      0.000 4
  -1  210     -0.355     -1.078      0.000 4
  -1  195     -0.350      0.416      0.000 4
 201  220     -0.350     -1.165      0.000 4
 208  209     -0.348     -0.756      0.000 4
 209  211     -0.342     -0.515      0.000 4
 210  212     -0.334      1.055      0.000 4
 211  214     -0.322     -0.799      0.000 4
 212  216     -0.320      0.547      0.000 4
  -1  226     -0.313      1.155      0.000 4
  -1  217     -0.300     -0.172      0.000 4
 213  221     -0.295     -0.677      0.000 4
 215  218     -0.282     -0.380      0.000 4
 217  219     -0.274     -0.872      0.000 4
 218   -2     -0.271     -0.114      0.000 4
  -1   -2     -0.258     -0.605      0.000 4
  -1  236     -0.253      1.027      0.000 4
 219  222     -0.251     -1.167      0.000 4
 220  224     -0.250      0.288      0.000 4
 221  223     -0.248     -0.983      0.000 4
 222  225     -0.248      0.365      0.000 4
 223  227     -0.240     -0.038      0.000 4
 225  228     -0.233     -1.092      0.000 4
 224   -2     -0.230     -0.467      0.000 4
 226  230     -0.214     -0.571      0.000 4
 227  239     -0.214     -0.208      0.000 4
 229  231     -0.211     -1.053      0.000 4
 228  232     -0.210      0.463      0.000 4
 230  233     -0.196      0.181      0.000 4
  -1  229     -0.191     -0.489      0.000 4
  -1   -2     -0.190      1.170      0.000 4
 232  235     -0.185     -1.065      0.000 4
 233   -2     -0.180      1.022      0.000 4
  -1  237     -0.179     -0.968      0.000 4
 234   -2     -0.163     -0.209      0.000 4
 235  238     -0.162      0.265      0.000 4
 238  241     -0.154     -0.780      0.000 4
 239  243     -0.143     -0.436      0.000 4
 241  246     -0.138      0.017      0.000 4
 242  248     -0.132      0.427      0.000 4
 243  244     -0.124     -1.072      0.000 4
 244  249     -0.122      1.021      0.000 4
 237  253     -0.100     -0.608      0.000 4
 247  254     -0.098      0.865      0.000 4
 248   -2     -0.090     -0.835      0.000 4
 245  255     -0.082     -0.313      0.000 4
 252  258     -0.077     -1.094      0.000 4
 249   -2     -0.076     -1.164      0.000 4
 254  259     -0.072      0.968      0.000 4
 253  260     -0.069      0.234      0.000 4
 255   -2     -0.068     -0.999      0.000 4
  -1   -2     -0.056      1.079      0.000 4
 258  263     -0.051      0.053      0.000 4
  -1   -2     -0.037     -0.241      0.000 4
  -1  256     -0.030     -0.126      0.000 4
 259  271     -0.021      0.256      0.000 4
 260  267     -0.019      0.902      0.000 4
  -1  268     -0.017      0.622      0.000 4
 264  272     -0.008      0.712      0.000 4
 265  274     -0.003     -0.020      0.000 4
 273   -2      0.010     -0.947      0.000 4
 267  276      0.033      0.468      0.000 4
  -1  277      0.037      1.104      0.000 4
 270  278      0.049      0.654      0.000 4
 272  281      0.055     -0.801      0.000 4
 268   -2      0.056     -1.072      0.000 4
 271  280      0.056     -0.652      0.000 4
 276   -2      0.057      0.876      0.000 4
  -1  291      0.058     -0.310      0.000 4
 274  283      0.058      0.109      0.000 4
 277  284      0.065     -0.011      0.000 4
 279  282      0.067     -0.483      0.000 4
 281  286      0.077      0.328      0.000 4
 282  285      0.081     -1.159      0.000 4
 284  289      0.097      0.293      0.000 4
 285  288      0.097     -0.163      0.000 4
 286   -2      0.103     -1.032      0.000 4
 287  290      0.105      0.903      0.000 4
  -1   -2      0.107     -1.089      0.000 4
  -1   -2      0.118      0.051      0.000 4
 288  292      0.120     -0.389      0.000 4
 289   -2      0.126     -0.307      0.000 4
 269   -2      0.130      1.114      0.000 4
 290  293      0.134     -1.110      0.000 4
  -1   -2      0.136      0.699      0.000 4
 292  294      0.141      0.606      0.000 4
  -1   -2      0.145     -0.916      0.000 4
  -1   -2      0.145     -0.396      0.000 4
  -1  297      0.146      0.481      0.000 4
 293  296      0.147     -0.952      0.000 4
 294  295      0.149     -1.172      0.000 4
 295  301      0.164     -0.266      0.000 4
 296  298      0.170      0.763      0.000 4
 297  299      0.174      0.267      0.000 4
 298  300      0.179     -0.468      0.000 4
 299   -2      0.185     -0.918      0.000 4
 300   -2      0.193     -0.294      0.000 4
 302  302      0.201     -1.133      0.000 4
 303  303      0.209     -0.952      0.000 4
 304  304      0.212     -0.743      0.000 4
 327   -2      0.223      0.042      0.000 4
 316   -2      0.225     -0.372      0.000 4
 308  307      0.226      0.954      0.000 4
 309  309      0.229     -0.628      0.000 4
 312  310      0.232     -1.154      0.000 4
 314   -2      0.236      0.401      0.000 4
  -1  312      0.242      0.327      0.000 4
  -1   -2      0.250     -0.858      0.000 4
 315  313      0.251     -0.080      0.000 4
 317  315      0.271     -1.109      0.000 4
 318  316      0.278     -0.234      0.000 4
  -1  317      0.285      1.118      0.000 4
 319  314      0.286     -1.174      0.000 4
 321  318      0.292      0.705      0.000 4
 320  319      0.295     -0.610      0.000 4
 322  320      0.301      0.895      0.000 4
 335   -2      0.302      1.040      0.000 4
 324  322      0.310      0.828      0.000 4
 325  324      0.317      0.187      0.000 4
 326  326      0.326      0.521      0.000 4
 329   -2      0.340     -1.092      0.000 4
 328   -2      0.341     -1.173      0.000 4
 331  327      0.355     -0.214      0.000 4
  -1  328      0.358     -0.943      0.000 4
  -1   -2      0.358     -1.024      0.000 4
 333  329      0.363     -0.118      0.000 4
  -1   -2      0.365      0.425      0.000 4
 337  331      0.372      0.057      0.000 4
 338  333      0.378      0.755      0.000 4
 336  332      0.381     -1.001      0.000 4
 345  325      0.391     -1.172      0.000 4
  -1  334      0.397      0.254      0.000 4
 340  335      0.400     -0.600      0.000 4
 341  336      0.406      0.800      0.000 4
 342  337      0.407     -0.276      0.000 4
 343  338      0.419     -0.898      0.000 4
 344  339      0.427      0.853      0.000 4
  -1   -2      0.436     -1.157      0.000 4
 346  340      0.442     -0.685      0.000 4
 347  342      0.451     -0.285      0.000 4
 350  343      0.456     -0.328      0.000 4
  -1  341      0.463     -1.176      0.000 4
 351  351      0.467      0.695      0.000 4
 352  345      0.473      1.128      0.000 4
 354  346      0.477      0.219      0.000 4
 355  347      0.479      0.951      0.000 4
 356   -2      0.481     -1.119      0.000 4
 357  349      0.485     -0.615      0.000 4
 359  350      0.491      0.128      0.000 4
  -1   -2      0.491     -1.152      0.000 4
 361   -2      0.495      0.658      0.000 4
 360  352      0.498     -0.452      0.000 4
 362  353      0.509     -0.419      0.000 4
 364  355      0.527      0.007      0.000 4
 365  356      0.530     -0.626      0.000 4
  -1   -2      0.532      0.514      0.000 4
 366  357      0.532     -0.316      0.000 4
 367  348      0.537     -1.102      0.000 4
 368  358      0.546      1.054      0.000 4
 369  359      0.552     -0.101      0.000 4
 370   -2      0.552      0.368      0.000 4
 363  361      0.563     -0.750      0.000 4
 371  360      0.567     -0.488      0.000 4
 374  362      0.573      0.546      0.000 4
 375  363      0.576      0.455      0.000 4
 376   -2      0.579     -0.805      0.000 4
 377  364      0.580      0.406      0.000 4
 378  365      0.583      0.236      0.000 4
 379  369      0.593      0.682      0.000 4
 380  370      0.599     -0.019      0.000 4
  -1   -2      0.599      0.811      0.000 4
  -1  372      0.607      0.502      0.000 4
 382   -2      0.619     -0.857      0.000 4
 384  374      0.620      0.573      0.000 4
 385  375      0.620     -0.458      0.000 4
 383  377      0.621     -1.004      0.000 4
 403   -2      0.621     -1.062      0.000 4
 381  373      0.624     -1.169      0.000 4
  -1   -2      0.625      0.233      0.000 4
  -1   -2      0.628     -0.600      0.000 4
 386  379      0.630      1.106      0.000 4
 387  378      0.631      1.056      0.000 4
  -1  376      0.654     -0.882      0.000 4
 388  381      0.656     -0.626      0.000 4
 389  382      0.658      0.814      0.000 4
  -1  383      0.660      0.535      0.000 4
 390   -2      0.663      0.641      0.000 4
 391  384      0.666     -0.724      0.000 4
 392  385      0.673      0.699      0.000 4
 393  386      0.684     -0.928      0.000 4
 394  387      0.693     -0.579      0.000 4
 395  397      0.701      0.962      0.000 4
 396  388      0.705     -0.035      0.000 4
  -1   -2      0.716     -1.089      0.000 4
 398  391      0.725      0.625      0.000 4
 397  392      0.727     -0.997      0.000 4
 400  393      0.734      0.380      0.000 4
  -1  394      0.736     -0.774      0.000 4
 402   -2      0.738      0.409      0.000 4
  -1  395      0.744     -0.343      0.000 4
 406   -2      0.749      0.982      0.000 4
  -1  398      0.754     -0.407      0.000 4
  -1  399      0.755     -1.049      0.000 4
 399  400      0.757      0.744      0.000 4
  -1  396      0.763      0.110      0.000 4
 408  401      0.776      0.670      0.000 4
  -1  402      0.777     -0.628      0.000 4
  -1  404      0.780     -0.139      0.000 4
 410  405      0.789     -0.231      0.000 4
 409  406      0.791     -0.974      0.000 4
 411  408      0.796      0.891      0.000 4
 413  410      0.804      0.372      0.000 4
 415  411      0.824     -1.099      0.000 4
  -1  412      0.827     -0.772      0.000 4
 414  418      0.830     -1.166      0.000 4
 417  413      0.830     -0.594      0.000 4
 418  414      0.834     -0.339      0.000 4
 419  415      0.837     -1.042      0.000 4
  -1   -2      0.839      1.142      0.000 4
 421   -2      0.866     -1.126      0.000 4
  -1   -2      0.873      0.895      0.000 4
 423  419      0.879      1.073      0.000 4
 416  430      0.885     -0.776      0.000 4
  -1   -2      0.898     -1.006      0.000 4
 424  423      0.904      1.172      0.000 4
  -1   -2      0.905     -0.449      0.000 4
  -1  425      0.907      1.074      0.000 4
 425  424      0.909      0.192      0.000 4
  -1   -2      0.929      0.699      0.000 4
 426  427      0.933     -0.608      0.000 4
  -1  428      0.942     -1.077      0.000 4
 431  431      0.951      1.048      0.000 4
 432  429      0.952      0.521      0.000 4
 430  421      0.954     -1.158      0.000 4
 434  433      0.958      0.764      0.000 4
 433  434      0.960      0.948      0.000 4
 435  436      0.963     -0.890      0.000 4
 437  435      0.965      0.307      0.000 4
 438  437      0.967      0.264      0.000 4
  -1   -2      0.977     -0.603      0.000 4
 440  438      0.999     -0.067      0.000 4
 439  439      1.000     -0.473      0.000 4
 441  440      1.005     -0.567      0.000 4
 446  446      1.017     -0.286      0.000 4
  -1  455      1.026     -1.041      0.000 4
  -1   -2      1.028      0.264      0.000 4
  -1  445      1.049      0.664      0.000 4
 448  447      1.056     -0.950      0.000 4
 442   -2      1.059     -0.354      0.000 4
 449  448      1.064      0.614      0.000 4
  -1   -2      1.065      0.322      0.000 4
 451  449      1.070      0.566      0.000 4
 452  450      1.072      0.114      0.000 4
 453  452      1.083     -0.652      0.000 4
 454   -2      1.083      0.720      0.000 4
  -1   -2      1.086      0.442      0.000 4
  -1   -2      1.087      0.071      0.000 4
 459  454      1.098      0.358      0.000 4
 458   -2      1.104     -1.066      0.000 4
 460  458      1.117     -1.175      0.000 4
 456  461      1.129     -0.342      0.000 4
 463  459      1.135      0.182      0.000 4
 465  460      1.141     -0.740      0.000 4
 466  457      1.147     -0.299      0.000 4
 468   -2      1.152     -0.397      0.000 4
 472  462      1.158      0.471      0.000 4
 469  464      1.159     -0.977      0.000 4
 471  463      1.159      0.928      0.000 4
 473  465      1.167     -0.890      0.000 4
 474  466      1.180      0.404      0.000 4
 475  467      1.184     -0.091      0.000 4
 476  468      1.187      1.009      0.000 4
  -1   -2      1.191      0.053      0.000 4
 477  469      1.194      0.803      0.000 4
  -1  470      1.203      0.634      0.000 4
 478  471      1.216     -0.664      0.000 4
  -1  476      1.220     -0.425      0.000 4
  -1  473      1.223      0.688      0.000 4
 501   -2      1.226      0.316      0.000 4
 481  474      1.229     -1.060      0.000 4
 482  475      1.229     -0.065      0.000 4
 483  477      1.241     -1.175      0.000 4
  -1  479      1.251      0.216      0.000 4
  -1   -2      1.259      0.567      0.000 4
 487  480      1.266     -1.008      0.000 4
 488  481      1.277      0.046      0.000 4
  -1   -2      1.277     -0.674      0.000 4
 486   -2      1.281      0.228      0.000 4
 489  482      1.284     -0.632      0.000 4
 491  483      1.287      0.899      0.000 4
 490   -2      1.289     -0.711      0.000 4
 484   -2      1.291     -0.934      0.000 4
 493  487      1.295      0.876      0.000 4
 492  485      1.301     -1.128      0.000 4
 494  486      1.304     -0.494      0.000 4
  -1  488      1.305     -1.174      0.000 4
 485   -2      1.312      1.035      0.000 4
 497  490      1.327     -0.659      0.000 4
 499  491      1.360     -0.642      0.000 4
  -1  492      1.361      0.992      0.000 4
 500  493      1.361     -0.735      0.000 4
 502  497      1.369     -1.118      0.000 4
  -1  495      1.374     -0.904      0.000 4
  -1  496      1.382     -1.173      0.000 4
 505  498      1.403      0.273      0.000 4
 507   -2      1.412      1.175      0.000 4
 504   -2      1.413     -1.138      0.000 4
  -1  500      1.424      0.191      0.000 4
 508  501      1.436      0.416      0.000 4
 510   -2      1.442      0.485      0.000 4
  -1   -2      1.452     -0.232      0.000 4
 511  502      1.453     -1.174      0.000 4
 513  503      1.457     -0.652      0.000 4
 515  504      1.464     -0.508      0.000 4
 516  505      1.469     -0.580      0.000 4
 517  506      1.475     -0.391      0.000 4
 518  508      1.482      0.479      0.000 4
 519   -2      1.486     -0.363      0.000 4
  -1  512      1.495     -1.139      0.000 4
 520  509      1.497     -0.968      0.000 4
 521  510      1.506      0.156      0.000 4
 522   -2      1.508     -0.932      0.000 4
  -1  511      1.513     -0.317      0.000 4
 525   -2      1.543     -0.664      0.000 4
 528  515      1.545      0.243      0.000 4
  -1  516      1.545      1.154      0.000 4
 527  520      1.553     -1.157      0.000 4
 529  517      1.557      0.615      0.000 4
 531  519      1.565     -0.351      0.000 4
  -1   -2      1.569     -0.841      0.000 4
 532  521      1.572      0.970      0.000 4
 526   -2      1.576     -1.047      0.000 4
