534
  -1   -2     -1.573     -0.163      0.000 4
   0    0     -1.568     -0.849      0.000 4
   1    1     -1.562      0.248      0.000 4
   2    2     -1.560      0.368      0.000 4
  -1    7     -1.555      0.720      0.000 4
   3   -2     -1.553      0.903      0.000 4
   5    4     -1.552     -1.171      0.000 4
   4    3     -1.550      0.313      0.000 4
   6    5     -1.542      0.596      0.000 4
   7    6     -1.540      0.467      0.000 4
   8   -2     -1.526      0.739      0.000 4
   9    8     -1.522     -0.344      0.000 4
  10    9     -1.522      0.169      0.000 4
  15   -2     -1.515     -0.942      0.000 4
  12   -2     -1.495      0.953      0.000 4
  16   12     -1.493     -1.138      0.000 4
  14   14     -1.492      0.385      0.000 4
  13   13     -1.492      0.549      0.000 4
  -1   -2     -1.476      0.146      0.000 4
  17   15     -1.469     -0.402      0.000 4
  19   17     -1.462      1.100      0.000 4
  20   19     -1.460      0.319      0.000 4
  18   27     -1.458     -0.682      0.000 4
  23   20     -1.455      0.786      0.000 4
  24   21     -1.447      0.067      0.000 4
  26   22     -1.433      0.836      0.000 4
  -1   -2     -1.433     -0.249      0.000 4
  25   23     -1.433      0.021      0.000 4
  27   24     -1.432     -0.441      0.000 4
  28   26     -1.427      0.709      0.000 4
  29   25     -1.424     -1.053      0.000 4
  30   29     -1.413      0.671      0.000 4
  31   30     -1.413     -1.170      0.000 4
  32   31     -1.400     -0.015      0.000 4
  54   -2     -1.397      0.027      0.000 4
  33   34     -1.390      0.183      0.000 4
  34   36     -1.369      0.760      0.000 4
  36   37     -1.349      0.606      0.000 4
  37   38     -1.346     -0.378      0.000 4
  39   39     -1.341     -0.968      0.000 4
  40   40     -1.332      0.995      0.000 4
  -1   -2     -1.331     -1.165      0.000 4
  42   41     -1.311     -1.110      0.000 4
  41   42     -1.310      0.553      0.000 4
  45   -2     -1.294     -0.884      0.000 4
  44   -2     -1.293     -0.956      0.000 4
  46   49     -1.293     -1.069      0.000 4
  43   43     -1.290     -1.176      0.000 4
  50   46     -1.283     -0.137      0.000 4
  48   45     -1.281     -0.682      0.000 4
  47   -2     -1.279     -0.577      0.000 4
  51   44     -1.273     -0.910      0.000 4
  -1   47     -1.270     -0.504      0.000 4
  53   48     -1.257     -0.642      0.000 4
  55   51     -1.244     -1.053      0.000 4
  -1   50     -1.243      1.056      0.000 4
  56   52     -1.233      0.882      0.000 4
  57   53     -1.226     -0.893      0.000 4
  63   54     -1.223      0.673      0.000 4
  58   -2     -1.220      0.771      0.000 4
  61   55     -1.218     -0.693      0.000 4
  60   57     -1.217      0.429      0.000 4
  62   59     -1.199     -0.379      0.000 4
  65   60     -1.183     -0.601      0.000 4
  64   62     -1.181     -0.116      0.000 4
  66   63     -1.166      0.685      0.000 4
  67   64     -1.161      1.048      0.000 4
  68   65     -1.160      1.089      0.000 4
  70   66     -1.158     -0.885      0.000 4
  69   -2     -1.157     -0.921      0.000 4
  71   68     -1.153      0.420      0.000 4
  72   69     -1.150     -0.399      0.000 4
  73   70     -1.141     -0.303      0.000 4
  75   73     -1.128      0.499      0.000 4
  77   72     -1.123     -1.160      0.000 4
  78   -2     -1.116     -1.061      0.000 4
  76   76     -1.114     -0.172      0.000 4
  80   75     -1.112      1.084      0.000 4
  81   78     -1.107      0.407      0.000 4
  82   79     -1.098      0.836      0.000 4
  83   86     -1.089      0.602      0.000 4
  84   81     -1.083     -0.231      0.000 4
  85   80     -1.083     -0.189      0.000 4
 103   67     -1.082     -0.983      0.000 4
  87   -2     -1.074     -1.072      0.000 4
  86   83     -1.072      0.353      0.000 4
  88   82     -1.071     -1.110      0.000 4
  90   84     -1.054     -0.763      0.000 4
  89   85     -1.052     -0.450      0.000 4
  91   -2     -1.045      0.588      0.000 4
  92   88     -1.018      0.938      0.000 4
  94   -2     -1.013     -0.896      0.000 4
  93   91     -1.010      0.315      0.000 4
  95   90     -1.007      0.795      0.000 4
  96   92     -1.001     -1.170      0.000 4
  97   93     -1.000      1.054      0.000 4
  98   95     -0.995     -0.090      0.000 4
  99   96     -0.989      0.582      0.000 4
  -1   87     -0.981     -0.678      0.000 4
  -1   -2     -0.965     -1.029      0.000 4
 108   89     -0.948     -0.909      0.000 4
 104   97     -0.942      0.755      0.000 4
 106   98     -0.937     -0.134      0.000 4
 102   99     -0.931     -0.971      0.000 4
 107  100     -0.930      0.699      0.000 4
  -1  101     -0.926      0.913      0.000 4
 109  103     -0.921     -0.214      0.000 4
 115   -2     -0.919      0.335      0.000 4
 111  105     -0.912     -0.017      0.000 4
  -1  106     -0.906      1.102      0.000 4
 112  107     -0.906     -0.537      0.000 4
 113  108     -0.903     -0.445      0.000 4
  -1  104     -0.901      0.448      0.000 4
 125  102     -0.896     -1.163      0.000 4
 116  109     -0.896     -0.621      0.000 4
 117  110     -0.894      0.262      0.000 4
 118  111     -0.886     -0.757      0.000 4
 119  113     -0.883      0.396      0.000 4
  -1  112     -0.882      0.314      0.000 4
 120   -2     -0.876      0.739      0.000 4
 121  114     -0.874     -0.704      0.000 4
 122  115     -0.857     -0.054      0.000 4
 123  118     -0.845      0.039      0.000 4
  -1  116     -0.844      0.380      0.000 4
 124  119     -0.837      0.813      0.000 4
 114  134     -0.829      1.047      0.000 4
 128  122     -0.822      1.094      0.000 4
 130  124     -0.816     -0.441      0.000 4
 129  125     -0.815      0.140      0.000 4
 131  126     -0.810      0.880      0.000 4
 127   -2     -0.803     -0.933      0.000 4
 133  127     -0.802      0.991      0.000 4
  -1  128     -0.802     -0.755      0.000 4
 132  129     -0.802     -0.143      0.000 4
  -1   -2     -0.790     -1.104      0.000 4
 134  136     -0.787     -0.597      0.000 4
 136  139     -0.773      0.545      0.000 4
 135  132     -0.771     -0.097      0.000 4
 138  133     -0.758      0.063      0.000 4
 137  135     -0.754      0.781      0.000 4
 141  131     -0.749     -1.075      0.000 4
  -1  137     -0.749     -0.925      0.000 4
 142   -2     -0.745      0.967      0.000 4
 140   -2     -0.743      0.757      0.000 4
 143   -2     -0.736     -0.543      0.000 4
  -1   -2     -0.731     -0.963      0.000 4
 147  141     -0.726     -1.171      0.000 4
 145  138     -0.723      0.859      0.000 4
 144   -2     -0.721     -1.010      0.000 4
 149  142     -0.714     -0.676      0.000 4
 150  143     -0.710     -0.628      0.000 4
 151  144     -0.703     -0.292      0.000 4
 152  145     -0.700     -0.550      0.000 4
 153  146     -0.697      0.989      0.000 4
 155  140     -0.692     -1.095      0.000 4
  -1  147     -0.690      1.042      0.000 4
 156   -2     -0.666     -0.265      0.000 4
 157  149     -0.663      0.049      0.000 4
  -1  148     -0.660     -0.216      0.000 4
 159  150     -0.647     -0.487      0.000 4
 160  151     -0.646     -0.745      0.000 4
  -1  153     -0.644      0.333      0.000 4
  -1  154     -0.640      0.871      0.000 4
 162   -2     -0.639      1.118      0.000 4
  -1  156     -0.636     -1.162      0.000 4
 146  181     -0.636      0.835      0.000 4
 165   -2     -0.635     -1.105      0.000 4
 167  159     -0.625      1.048      0.000 4
 168  160     -0.625     -1.061      0.000 4
 166   -2     -0.624      0.257      0.000 4
 158   -2     -0.618     -0.985      0.000 4
 177  163     -0.611     -0.219      0.000 4
 171  164     -0.610      0.456      0.000 4
 172  165     -0.604     -0.747      0.000 4
  -1  166     -0.603      0.516      0.000 4
 180  162     -0.600      0.268      0.000 4
 173  167     -0.595     -0.484      0.000 4
 174  168     -0.584      0.642      0.000 4
 176  169     -0.581      0.082      0.000 4
  -1   -2     -0.576     -1.169      0.000 4
 178  170     -0.573      0.181      0.000 4
 191  152     -0.568      1.011      0.000 4
 181  172     -0.561     -0.949      0.000 4
 194  157     -0.557      0.729      0.000 4
 182  174     -0.552     -0.037      0.000 4
 193  173     -0.542     -1.173      0.000 4
  -1  175     -0.538     -1.092      0.000 4
 185  177     -0.531     -0.113      0.000 4
 186  176     -0.528      1.140      0.000 4
 187  178     -0.514      0.127      0.000 4
 188  179     -0.512     -0.260      0.000 4
 190  180     -0.508     -0.639      0.000 4
 189   -2     -0.506     -0.005      0.000 4
 192  183     -0.499      0.426      0.000 4
  -1  184     -0.478     -1.167      0.000 4
 212   -2     -0.465      0.304      0.000 4
 198  186     -0.453     -0.160      0.000 4
 199  187     -0.448      0.701      0.000 4
 201  188     -0.443     -0.901      0.000 4
 202  189     -0.441     -0.790      0.000 4
  -1  185     -0.438      0.289      0.000 4
 204  190     -0.432     -0.557      0.000 4
 205  191     -0.427     -0.260      0.000 4
 184   -2     -0.424     -1.003      0.000 4
 206  193     -0.424     -0.225      0.000 4
 207  192     -0.422      1.154      0.000 4
 208  194     -0.416      0.675      0.000 4
 210  197     -0.409     -0.614      0.000 4
 195   -2     -0.404      1.006      0.000 4
 211  198     -0.391     -0.686      0.000 4
 213  199     -0.381     -0.901      0.000 4
 214  201     -0.377      0.995      0.000 4
 215  202     -0.372      0.811      0.000 4
 216  203     -0.370      0.922      0.000 4
  -1   -2     -0.359     -1.154      0.000 4
  -1  207     -0.358      0.173      0.000 4
 217  205     -0.358      0.286      0.000 4
 219  206     -0.356     -0.519      0.000 4
 220  204     -0.347     -1.115      0.000 4
 221  208     -0.339      0.262      0.000 4
 222  209     -0.332      0.734      0.000 4
 224  210     -0.328     -0.162      0.000 4
 226  211     -0.316     -0.685      0.000 4
 227  212     -0.311     -0.861      0.000 4
 228   -2     -0.307      0.381      0.000 4
 229  214     -0.293     -0.911      0.000 4
 230  215     -0.289     -0.352      0.000 4
 231   -2     -0.284      0.719      0.000 4
 232  216     -0.282      0.118      0.000 4
 234  217     -0.278     -1.169      0.000 4
 233   -2     -0.273      0.682      0.000 4
 235  213     -0.272      0.308      0.000 4
 236  218     -0.268     -0.609      0.000 4
 237  219     -0.259     -0.994      0.000 4
 238  220     -0.251     -1.110      0.000 4
 240  225     -0.242      0.017      0.000 4
 242  222     -0.235      0.643      0.000 4
 250   -2     -0.232     -1.080      0.000 4
  -1   -2     -0.220      0.976      0.000 4
  -1  224     -0.213      0.074      0.000 4
 246  226     -0.209     -0.476      0.000 4
 241  236     -0.196     -0.220      0.000 4
  -1  229     -0.183      1.134      0.000 4
 248  228     -0.174     -1.109      0.000 4
 245  247     -0.170     -0.155      0.000 4
 255  233     -0.157      0.434      0.000 4
 253   -2     -0.156      0.348      0.000 4
 254  232     -0.154     -0.582      0.000 4
 256  234     -0.144     -0.064      0.000 4
 257  235     -0.139      0.555      0.000 4
 260  237     -0.131     -0.927      0.000 4
 259  238     -0.131      0.296      0.000 4
 261  240     -0.111      0.206      0.000 4
 252  239     -0.110     -0.733      0.000 4
 262  241     -0.107     -0.129      0.000 4
 264  243     -0.086     -0.547      0.000 4
  -1   -2     -0.086     -0.162      0.000 4
 266  244     -0.085     -0.277      0.000 4
 265  245     -0.085      0.315      0.000 4
 267  246     -0.082      1.035      0.000 4
 268  242     -0.078     -0.612      0.000 4
 269  249     -0.071     -0.995      0.000 4
 270  251     -0.069      0.521      0.000 4
 271  250     -0.069      1.148      0.000 4
 272  252     -0.063      0.005      0.000 4
  -1  253     -0.044     -0.357      0.000 4
 275   -2     -0.039      0.842      0.000 4
 276  255     -0.035      1.096      0.000 4
  -1   -2     -0.029     -0.434      0.000 4
  -1  256     -0.025     -0.403      0.000 4
 283   -2     -0.025     -0.111      0.000 4
 286   -2     -0.013      0.499      0.000 4
 278  258     -0.012      0.282      0.000 4
  -1  261      0.004     -1.010      0.000 4
 280  260      0.005      0.328      0.000 4
 281  262      0.007      0.047      0.000 4
 282  263      0.012      0.871      0.000 4
 302  248      0.024     -1.158      0.000 4
 288  268      0.033      0.299      0.000 4
 290   -2      0.041     -0.066      0.000 4
  -1  269      0.043     -0.033      0.000 4
 293  271      0.059      0.576      0.000 4
 284  272      0.060      0.801      0.000 4
 295  273      0.066     -0.972      0.000 4
 296  274      0.073     -0.812      0.000 4
 297  275      0.074      0.527      0.000 4
  -1  279      0.076      1.056      0.000 4
 298  276      0.085      0.139      0.000 4
 300  277      0.089     -0.616      0.000 4
 301  257      0.091     -0.195      0.000 4
  -1   -2      0.093      1.029      0.000 4
 291   -2      0.096      0.102      0.000 4
  -1   -2      0.099     -0.038      0.000 4
 304  281      0.100      1.089      0.000 4
 305  282      0.101      0.398      0.000 4
 306   -2      0.116      0.358      0.000 4
  -1   -2      0.136     -0.177      0.000 4
 308  283      0.137     -0.951      0.000 4
  -1  284      0.139     -0.506      0.000 4
 310  285      0.140      0.749      0.000 4
 313   -2      0.144     -1.084      0.000 4
 311   -2      0.144     -0.407      0.000 4
 315  289      0.163      0.932      0.000 4
 316  290      0.177      0.325      0.000 4
 318  291      0.186     -0.600      0.000 4
 319  292      0.193     -1.090      0.000 4
  -1   -2      0.199     -0.386      0.000 4
  -1  287      0.199     -1.173      0.000 4
 321  294      0.205      1.147      0.000 4
  -1   -2      0.215     -1.000      0.000 4
 322  295      0.216     -0.904      0.000 4
 323  296      0.219      0.032      0.000 4
  -1  298      0.224     -0.484      0.000 4
 325  297      0.224      0.491      0.000 4
  -1  299      0.227      0.932      0.000 4
 326  300      0.229     -0.778      0.000 4
 327  286      0.233      0.667      0.000 4
  -1  293      0.233     -0.367      0.000 4
 328  301      0.244     -0.120      0.000 4
  -1  302      0.250     -1.028      0.000 4
  -1  308      0.262     -0.565      0.000 4
 329  303      0.266      0.862      0.000 4
 330  304      0.269     -0.311      0.000 4
 331  305      0.281      1.073      0.000 4
 332  306      0.287      0.999      0.000 4
 333  307      0.290      0.220      0.000 4
  -1  317      0.291      0.639      0.000 4
  -1  309      0.304     -0.911      0.000 4
  -1  311      0.305     -1.123      0.000 4
 345   -2      0.331     -1.127      0.000 4
 337  312      0.337      0.055      0.000 4
  -1   -2      0.360      0.172      0.000 4
 340  314      0.364     -1.089      0.000 4
 339   -2      0.370     -1.172      0.000 4
 338   -2      0.371      0.960      0.000 4
 344  315      0.374     -0.351      0.000 4
 343  318      0.383     -0.721      0.000 4
  -1  326      0.391     -0.972      0.000 4
  -1  316      0.391     -1.142      0.000 4
  -1  320      0.394      1.018      0.000 4
  -1   -2      0.398      0.585      0.000 4
  -1  321      0.402      0.055      0.000 4
 346  322      0.412     -0.356      0.000 4
 347  323      0.417      0.264      0.000 4
 349  324      0.422     -0.406      0.000 4
 348  325      0.422     -1.031      0.000 4
 350  328      0.428     -0.807      0.000 4
 351  327      0.428      0.152      0.000 4
 354  329      0.450      1.122      0.000 4
 356  331      0.462     -0.541      0.000 4
 357  332      0.466      0.004      0.000 4
  -1  333      0.469      0.625      0.000 4
  -1   -2      0.478      0.453      0.000 4
  -1   -2      0.480     -1.032      0.000 4
 359  334      0.486     -0.381      0.000 4
 361  337      0.500      0.501      0.000 4
 376   -2      0.500      0.284      0.000 4
 360  335      0.500      0.660      0.000 4
  -1  336      0.501      0.552      0.000 4
 362  339      0.504     -0.726      0.000 4
  -1  351      0.506     -1.167      0.000 4
 363  338      0.506      0.023      0.000 4
 365  342      0.519     -0.566      0.000 4
 366  344      0.522     -0.023      0.000 4
 369  352      0.523      0.609      0.000 4
 367  343      0.523     -0.313      0.000 4
 358  356      0.528      0.813      0.000 4
  -1  347      0.540     -0.340      0.000 4
 371  349      0.542      0.684      0.000 4
 370  350      0.544     -0.842      0.000 4
 373   -2      0.562      0.611      0.000 4
 374  353      0.568     -0.896      0.000 4
 375  354      0.573     -0.523      0.000 4
 378  359      0.602      0.948      0.000 4
 379  358      0.603      0.824      0.000 4
 381  360      0.611     -0.036      0.000 4
 382  361      0.620     -0.693      0.000 4
  -1  372      0.626     -0.348      0.000 4
 383  363      0.631     -1.082      0.000 4
 384  362      0.632      0.452      0.000 4
 385  364      0.635      0.487      0.000 4
  -1  365      0.641      0.132      0.000 4
 387  367      0.641     -0.789      0.000 4
 388  366      0.643      0.738      0.000 4
 386  368      0.647     -1.167      0.000 4
  -1  369      0.650     -0.635      0.000 4
  -1   -2      0.658     -0.746      0.000 4
 389  370      0.667      1.094      0.000 4
 395   -2      0.672     -0.374      0.000 4
  -1   -2      0.673      0.296      0.000 4
 391  375      0.682      0.858      0.000 4
  -1  376      0.684     -0.147      0.000 4
 393  379      0.691      0.441      0.000 4
 392  378      0.691     -0.442      0.000 4
 394  380      0.691      0.780      0.000 4
  -1  383      0.712     -1.099      0.000 4
 397  382      0.713     -0.823      0.000 4
 398   -2      0.715      0.057      0.000 4
 399  384      0.717      1.105      0.000 4
  -1  385      0.725     -0.613      0.000 4
 390   -2      0.732     -1.046      0.000 4
 396   -2      0.733     -1.139      0.000 4
 402  388      0.737     -0.666      0.000 4
 403   -2      0.740      1.094      0.000 4
 404   -2      0.741     -0.003      0.000 4
 405  390      0.743      1.004      0.000 4
 406   -2      0.748     -0.857      0.000 4
 407  391      0.753     -0.354      0.000 4
  -1  392      0.765     -1.087      0.000 4
 409   -2      0.773      1.102      0.000 4
 410  393      0.781      0.235      0.000 4
 411  394      0.784     -0.618      0.000 4
 414   -2      0.785     -1.043      0.000 4
 412  389      0.795     -0.028      0.000 4
 413   -2      0.802     -0.796      0.000 4
  -1   -2      0.807      0.910      0.000 4
 415  398      0.823     -0.132      0.000 4
 416  399      0.825     -0.166      0.000 4
 417   -2      0.826      0.780      0.000 4
 419  400      0.833      0.356      0.000 4
 418  401      0.833      0.589      0.000 4
 420  402      0.834      0.310      0.000 4
 423  403      0.838     -0.078      0.000 4
  -1  397      0.838     -0.860      0.000 4
 421   -2      0.838      0.854      0.000 4
 422   -2      0.850     -1.054      0.000 4
 427   -2      0.861     -0.784      0.000 4
  -1  407      0.863      1.167      0.000 4
 429  408      0.865     -0.534      0.000 4
 430  409      0.866     -1.075      0.000 4
 428  405      0.867     -1.152      0.000 4
 433  410      0.875      0.843      0.000 4
 434  411      0.885     -0.047      0.000 4
  -1   -2      0.891      1.159      0.000 4
 453   -2      0.896     -0.664      0.000 4
 435   -2      0.900     -1.005      0.000 4
 436  414      0.903      0.080      0.000 4
 437  417      0.912      1.026      0.000 4
  -1  406      0.913     -0.873      0.000 4
 439  418      0.921     -0.265      0.000 4
 441  419      0.928      1.125      0.000 4
 442   -2      0.930     -0.804      0.000 4
 444  420      0.931     -0.455      0.000 4
 445  416      0.931     -0.155      0.000 4
 454  415      0.933     -1.078      0.000 4
 451  427      0.941      0.146      0.000 4
 447  423      0.941      0.718      0.000 4
 448  424      0.946      0.665      0.000 4
 450  425      0.948      0.615      0.000 4
  -1  426      0.949     -0.546      0.000 4
  -1  429      0.958      0.277      0.000 4
 452  428      0.959      0.396      0.000 4
  -1  430      0.960      0.451      0.000 4
  -1  431      0.970     -1.131      0.000 4
 455  432      0.982      0.766      0.000 4
 458   -2      0.992     -0.183      0.000 4
 457  434      0.996      0.214      0.000 4
 456  435      1.005     -0.259      0.000 4
 459  436      1.010      0.360      0.000 4
 460  437      1.016     -0.165      0.000 4
  -1  438      1.019     -0.842      0.000 4
 461  439      1.026      0.498      0.000 4
 449  452      1.041     -0.610      0.000 4
 463  440      1.041      0.429      0.000 4
 465   -2      1.054     -1.173      0.000 4
 464  442      1.055     -0.257      0.000 4
 466  443      1.062      0.737      0.000 4
 467  444      1.065     -0.051      0.000 4
 468  445      1.068     -0.348      0.000 4
 469   -2      1.084      0.643      0.000 4
 471  450      1.100      0.949      0.000 4
 472   -2      1.107      1.023      0.000 4
 474  449      1.107      0.818      0.000 4
 476  451      1.110     -0.024      0.000 4
 475   -2      1.111     -0.677      0.000 4
 473  454      1.111     -1.006      0.000 4
  -1  453      1.114      0.697      0.000 4
  -1   -2      1.133     -1.166      0.000 4
 477  447      1.144      1.169      0.000 4
 479  457      1.146      1.022      0.000 4
 487  455      1.150     -1.118      0.000 4
 481  448      1.153      0.562      0.000 4
 482  460      1.153     -0.815      0.000 4
 483  459      1.154      0.083      0.000 4
 485   -2      1.158     -0.902      0.000 4
 486  461      1.178     -0.586      0.000 4
 488  456      1.193      0.182      0.000 4
 491  464      1.226     -0.282      0.000 4
 494   -2      1.242     -0.538      0.000 4
 493  468      1.244     -0.405      0.000 4
  -1  466      1.245      0.258      0.000 4
  -1  474      1.258     -0.612      0.000 4
 496  472      1.269      1.007      0.000 4
  -1  471      1.277     -1.169      0.000 4
 497   -2      1.291     -0.553      0.000 4
  -1   -2      1.292     -0.349      0.000 4
 500  479      1.314      0.391      0.000 4
 501  480      1.322     -0.529      0.000 4
 502  481      1.335     -0.616      0.000 4
 499  482      1.342     -1.129      0.000 4
 503  483      1.369      0.441      0.000 4
 504   -2      1.373     -0.995      0.000 4
 505  484      1.379     -0.153      0.000 4
 506  485      1.383     -1.057      0.000 4
 507  497      1.395     -1.170      0.000 4
 508  487      1.400      1.126      0.000 4
 510   -2      1.414      0.144      0.000 4
 509  486      1.415     -1.004      0.000 4
  -1  488      1.415      0.169      0.000 4
 511  489      1.420     -0.386      0.000 4
 512  490      1.421     -0.286      0.000 4
 513  491      1.429     -0.514      0.000 4
 514  492      1.431     -0.451      0.000 4
 516   -2      1.452     -1.166      0.000 4
 517  495      1.454     -1.118      0.000 4
 518  494      1.456      0.237      0.000 4
 519  496      1.458      0.544      0.000 4
 520  500      1.487     -0.815      0.000 4
 521   -2      1.492      0.621      0.000 4
 522  504      1.508      0.868      0.000 4
 523   -2      1.508     -1.140      0.000 4
 524  505      1.514      0.280      0.000 4
  -1   -2      1.518     -0.814      0.000 4
 525  507      1.523     -0.241      0.000 4
 527  508      1.525     -0.075      0.000 4
 526  506      1.525     -0.308      0.000 4
 529   -2      1.545     -0.270      0.000 4
 528   -2      1.546     -1.175      0.000 4
 530  509      1.551      0.058      0.000 4
 531  511      1.552     -1.106      0.000 4
 533  514      1.555     -0.991      0.000 4
 532  512      1.555      1.137      0.000 4
 534  510      1.556      0.455      0.000 4
 535  515      1.570     -0.888      0.000 4
