513
  -1    0     -1.576      0.530      0.000 4
  -1    2     -1.571     -0.703      0.000 4
   1    3     -1.560      0.380      0.000 4
   2    5     -1.555      0.803      0.000 4
   5    7     -1.543     -0.010      0.000 4
  -1    9     -1.534     -0.046      0.000 4
   7   -2     -1.533      0.891      0.000 4
   6   10     -1.532      0.245      0.000 4
   0   16     -1.529     -1.128      0.000 4
  -1   -2     -1.519      0.758      0.000 4
   4   -2     -1.498     -0.102      0.000 4
   9   13     -1.480      0.209      0.000 4
  11   15     -1.471      0.303      0.000 4
  10   14     -1.469      0.811      0.000 4
  14   -2     -1.464      0.490      0.000 4
  13   -2     -1.463     -1.121      0.000 4
  17   18     -1.462      0.959      0.000 4
  12   17     -1.462     -0.927      0.000 4
  15   19     -1.462      0.614      0.000 4
  18   20     -1.460      0.261      0.000 4
  -1   21     -1.459     -0.260      0.000 4
  -1   -2     -1.456      0.225      0.000 4
  -1   23     -1.451      0.382      0.000 4
  21   24     -1.435     -0.561      0.000 4
  22   25     -1.426      0.150      0.000 4
  -1   -2     -1.413     -0.663      0.000 4
  23   28     -1.399     -0.312      0.000 4
  19   32     -1.398     -1.172      0.000 4
  24   -2     -1.391      0.665      0.000 4
  27   31     -1.389     -0.811      0.000 4
  26   29     -1.386      0.271      0.000 4
  25   30     -1.385      0.319      0.000 4
  28   -2     -1.378      0.714      0.000 4
  44   -2     -1.376     -1.122      0.000 4
  -1   -2     -1.368      0.495      0.000 4
  30   33     -1.367      1.064      0.000 4
  32   35     -1.365     -0.848      0.000 4
  31   36     -1.364     -0.350      0.000 4
  33   34     -1.364     -0.992      0.000 4
  35   26     -1.353     -0.697      0.000 4
  34   38     -1.349      0.602      0.000 4
  36   39     -1.345      0.269      0.000 4
  37   37     -1.345     -1.092      0.000 4
  38   -2     -1.338     -0.189      0.000 4
  40   -2     -1.334      0.067      0.000 4
  41   41     -1.324      1.033      0.000 4
  -1   44     -1.313      0.028      0.000 4
  43   43     -1.311      0.883      0.000 4
  -1   -2     -1.311     -0.855      0.000 4
  -1   -2     -1.305     -0.031      0.000 4
  45   46     -1.298     -0.785      0.000 4
  42   -2     -1.293      0.657      0.000 4
  48   47     -1.283     -0.941      0.000 4
  49   49     -1.278      0.000      0.000 4
  -1   48     -1.276      1.162      0.000 4
  -1   52     -1.269     -0.371      0.000 4
  29   62     -1.269     -1.094      0.000 4
  51   53     -1.262     -0.651      0.000 4
  52   54     -1.261      0.162      0.000 4
  53   55     -1.257     -0.311      0.000 4
  -1   42     -1.248      0.627      0.000 4
  55   56     -1.246     -0.592      0.000 4
  56   -2     -1.243      0.524      0.000 4
  58   57     -1.235      0.957      0.000 4
  59   58     -1.233     -0.795      0.000 4
  60   -2     -1.225     -1.086      0.000 4
  61   60     -1.221     -0.494      0.000 4
  -1   61     -1.208      0.373      0.000 4
  63   63     -1.198     -1.156      0.000 4
  64   -2     -1.190      0.484      0.000 4
  65   64     -1.183      0.798      0.000 4
  66   65     -1.181     -0.613      0.000 4
  69   -2     -1.175     -1.174      0.000 4
  70   66     -1.168     -0.835      0.000 4
  71   67     -1.164     -0.799      0.000 4
  72   68     -1.159      1.004      0.000 4
  73   69     -1.150     -0.114      0.000 4
  74   -2     -1.145      0.962      0.000 4
  -1   -2     -1.143     -0.245      0.000 4
  67   -2     -1.141      0.697      0.000 4
  77   70     -1.123     -1.026      0.000 4
  76   -2     -1.120      0.610      0.000 4
  78   72     -1.111      1.012      0.000 4
  79   73     -1.092     -0.332      0.000 4
  81   74     -1.075     -1.172      0.000 4
  80   75     -1.071      0.388      0.000 4
  -1   71     -1.067      0.631      0.000 4
  -1   78     -1.047     -1.032      0.000 4
  83   79     -1.046     -0.360      0.000 4
  84   80     -1.043     -0.464      0.000 4
  85   81     -1.032     -0.102      0.000 4
  86   82     -1.031      0.783      0.000 4
  -1   -2     -1.026     -0.709      0.000 4
  -1   84     -1.018     -0.842      0.000 4
  87   85     -1.016     -0.275      0.000 4
  -1   83     -1.002     -0.766      0.000 4
  89   88     -1.001      0.388      0.000 4
  -1   87     -0.995     -1.088      0.000 4
  91   89     -0.992     -0.973      0.000 4
  88   93     -0.990     -0.910      0.000 4
  94   91     -0.983      0.466      0.000 4
  95   92     -0.974      0.897      0.000 4
  -1   96     -0.966     -0.156      0.000 4
  96   94     -0.966      0.569      0.000 4
  98   -2     -0.963     -0.986      0.000 4
  99   97     -0.953     -0.425      0.000 4
 100   98     -0.952      0.380      0.000 4
 102   99     -0.946     -0.922      0.000 4
 103  100     -0.942     -0.216      0.000 4
 101   -2     -0.941      0.184      0.000 4
 104   -2     -0.936     -0.176      0.000 4
  90   -2     -0.933     -1.167      0.000 4
 105   -2     -0.930     -0.570      0.000 4
 106  106     -0.909      0.334      0.000 4
  93  116     -0.909      1.074      0.000 4
 109  105     -0.906     -0.763      0.000 4
 113  101     -0.905     -1.082      0.000 4
 108   -2     -0.905      0.435      0.000 4
 111  107     -0.875      0.896      0.000 4
 112  109     -0.862      0.566      0.000 4
 114  110     -0.848     -0.737      0.000 4
 116  112     -0.835     -0.091      0.000 4
 117  113     -0.827     -0.611      0.000 4
 118  115     -0.827      0.693      0.000 4
 119  114     -0.826     -0.690      0.000 4
 120   -2     -0.822      1.088      0.000 4
 121  117     -0.816      1.044      0.000 4
  -1   -2     -0.803     -0.943      0.000 4
 123  119     -0.798     -0.444      0.000 4
 124  118     -0.790     -1.164      0.000 4
 126  120     -0.783     -0.493      0.000 4
 125  123     -0.780     -0.140      0.000 4
 133   -2     -0.778      0.771      0.000 4
 127  121     -0.778      0.995      0.000 4
 128  124     -0.776      0.476      0.000 4
 129  125     -0.772     -0.220      0.000 4
 130  126     -0.763     -0.754      0.000 4
 122   -2     -0.756      0.331      0.000 4
 134  127     -0.756     -0.931      0.000 4
 131  130     -0.753     -0.052      0.000 4
 135  129     -0.752      0.891      0.000 4
 136  131     -0.748     -0.012      0.000 4
 137   -2     -0.743     -1.011      0.000 4
 139  133     -0.740     -0.965      0.000 4
  -1  134     -0.726      0.260      0.000 4
 140  135     -0.722      0.398      0.000 4
  -1  136     -0.718      0.320      0.000 4
 141  137     -0.713      0.988      0.000 4
 142  138     -0.709     -0.457      0.000 4
 143  140     -0.708     -1.131      0.000 4
  -1  132     -0.700     -0.999      0.000 4
 145  142     -0.691     -0.062      0.000 4
 160  128     -0.686      0.387      0.000 4
 147   -2     -0.677      1.076      0.000 4
 148   -2     -0.676     -1.123      0.000 4
 146  145     -0.675      0.032      0.000 4
 150  143     -0.668      1.021      0.000 4
 151  146     -0.663      0.890      0.000 4
 153  148     -0.657     -1.084      0.000 4
 154  151     -0.649     -0.569      0.000 4
 156  150     -0.648      1.160      0.000 4
 155  152     -0.647     -0.159      0.000 4
 157  153     -0.642      0.141      0.000 4
  -1   -2     -0.640     -1.126      0.000 4
  -1  144     -0.637     -1.158      0.000 4
 158  154     -0.635     -1.016      0.000 4
 149  155     -0.628      0.745      0.000 4
 159  157     -0.617     -0.113      0.000 4
  -1  156     -0.615      1.094      0.000 4
 161  158     -0.603     -0.784      0.000 4
  -1  177     -0.588      0.498      0.000 4
 163  159     -0.584      0.924      0.000 4
  -1  160     -0.583     -1.148      0.000 4
  -1  161     -0.575      0.888      0.000 4
 164  162     -0.572     -0.325      0.000 4
 166  163     -0.564     -0.796      0.000 4
  -1  164     -0.557     -1.002      0.000 4
 168  167     -0.553     -0.533      0.000 4
 169  166     -0.551      1.084      0.000 4
  -1  168     -0.540     -1.166      0.000 4
 170  169     -0.536     -0.298      0.000 4
 167   -2     -0.533     -1.084      0.000 4
  -1   -2     -0.517      0.419      0.000 4
 172  171     -0.505      0.040      0.000 4
 173  172     -0.502     -0.539      0.000 4
 174  173     -0.496      0.359      0.000 4
 175  174     -0.485      0.703      0.000 4
 177  176     -0.480     -0.254      0.000 4
 178   -2     -0.478     -0.678      0.000 4
 176   -2     -0.477      0.500      0.000 4
 180  178     -0.471      1.007      0.000 4
  -1   -2     -0.470      0.274      0.000 4
 179  179     -0.457     -1.171      0.000 4
 182  180     -0.449     -0.713      0.000 4
 183  185     -0.438     -0.986      0.000 4
 184  186     -0.428      0.076      0.000 4
 186  187     -0.425      0.191      0.000 4
 185  184     -0.425     -0.811      0.000 4
 188  188     -0.412     -0.881      0.000 4
 187  189     -0.410     -0.061      0.000 4
 189  190     -0.396     -0.146      0.000 4
 191  193     -0.395      1.119      0.000 4
 190  191     -0.393     -0.315      0.000 4
 194  192     -0.377     -1.004      0.000 4
 192  194     -0.376      0.469      0.000 4
 193   -2     -0.376     -0.030      0.000 4
 195  195     -0.372      0.793      0.000 4
 198   -2     -0.366      1.115      0.000 4
 196  197     -0.365     -0.551      0.000 4
 197  198     -0.364     -0.644      0.000 4
  -1  196     -0.357     -1.078      0.000 4
 199  200     -0.355      0.670      0.000 4
 200  201     -0.351     -0.713      0.000 4
 201  202     -0.347      1.042      0.000 4
 204  204     -0.339      0.771      0.000 4
 203  206     -0.338      0.338      0.000 4
 206  205     -0.335     -0.210      0.000 4
 207  208     -0.325      0.925      0.000 4
  -1  210     -0.323     -0.320      0.000 4
 208  211     -0.311     -0.285      0.000 4
 209  213     -0.302     -0.984      0.000 4
  -1   -2     -0.298     -0.458      0.000 4
 211  214     -0.292     -1.038      0.000 4
 213  216     -0.289     -1.170      0.000 4
 212  215     -0.286     -0.624      0.000 4
 202   -2     -0.277     -0.805      0.000 4
 215  218     -0.275      0.850      0.000 4
 216  217     -0.274     -1.126      0.000 4
 218  219     -0.248      0.325      0.000 4
  -1  220     -0.233      0.842      0.000 4
 219  221     -0.228     -0.928      0.000 4
  -1  225     -0.226      1.055      0.000 4
 220  222     -0.224     -1.097      0.000 4
 221  226     -0.220     -0.737      0.000 4
 223  228     -0.212      0.441      0.000 4
  -1  230     -0.209     -1.054      0.000 4
 224  229     -0.208     -0.446      0.000 4
  -1   -2     -0.182      0.123      0.000 4
 225  231     -0.180      0.765      0.000 4
 217   -2     -0.174      0.581      0.000 4
 227  235     -0.149     -0.005      0.000 4
 228  246     -0.146      0.412      0.000 4
  -1  233     -0.146      1.152      0.000 4
 230  236     -0.137     -0.842      0.000 4
 226   -2     -0.134     -0.326      0.000 4
 232  237     -0.133     -1.091      0.000 4
 233   -2     -0.127     -0.072      0.000 4
 234  240     -0.118     -0.721      0.000 4
 236  241     -0.097      0.518      0.000 4
 238  242     -0.096     -0.895      0.000 4
 235  243     -0.095     -0.220      0.000 4
  -1   -2     -0.089      0.411      0.000 4
 239  245     -0.089      0.671      0.000 4
 242  248     -0.071     -0.107      0.000 4
 243  249     -0.067      0.350      0.000 4
 244  251     -0.057      0.753      0.000 4
 245  253     -0.054     -0.696      0.000 4
 246  255     -0.048      0.235      0.000 4
 248  256     -0.044     -0.193      0.000 4
 249  258     -0.033     -0.377      0.000 4
 250  260     -0.032      0.374      0.000 4
 251  259     -0.031      0.635      0.000 4
  -1   -2     -0.022     -1.076      0.000 4
  -1  261     -0.011      0.899      0.000 4
 253  263     -0.007     -0.026      0.000 4
 255  265     -0.002      0.121      0.000 4
 257  264      0.010     -0.534      0.000 4
 260  267      0.010      1.052      0.000 4
 252   -2      0.011     -1.163      0.000 4
 261   -2      0.016      0.616      0.000 4
 262  269      0.024     -1.117      0.000 4
 264  270      0.040      0.395      0.000 4
 265  272      0.046      0.034      0.000 4
 267  271      0.050      0.623      0.000 4
 268  274      0.061      0.975      0.000 4
 269  275      0.061      0.356      0.000 4
  -1  281      0.065     -1.087      0.000 4
  -1   -2      0.069     -0.072      0.000 4
 271  276      0.069      0.708      0.000 4
 273  278      0.078     -0.991      0.000 4
 297  262      0.089     -1.040      0.000 4
 275  297      0.100     -0.782      0.000 4
 276  283      0.104      0.148      0.000 4
 278  284      0.112      0.486      0.000 4
 279  285      0.114      0.100      0.000 4
 263   -2      0.117     -0.081      0.000 4
  -1  286      0.123      0.429      0.000 4
 281  289      0.131      0.914      0.000 4
 272   -2      0.133      0.800      0.000 4
 277  291      0.138     -0.948      0.000 4
 287  294      0.143     -0.658      0.000 4
 283  292      0.144      0.735      0.000 4
 284  293      0.145      1.120      0.000 4
  -1  295      0.147      0.200      0.000 4
  -1  296      0.152     -0.539      0.000 4
 290  298      0.173      0.387      0.000 4
 291  299      0.187     -0.762      0.000 4
 293  302      0.197     -1.169      0.000 4
 294  303      0.203      0.600      0.000 4
 286  305      0.210      0.010      0.000 4
  -1  306      0.216     -1.084      0.000 4
  -1  307      0.219     -0.345      0.000 4
 299  309      0.234     -0.184      0.000 4
 300  308      0.235     -0.956      0.000 4
 301  310      0.242      1.036      0.000 4
 302  311      0.246      0.130      0.000 4
 304  314      0.254     -0.420      0.000 4
 306  316      0.263      0.254      0.000 4
  -1   -2      0.272      0.922      0.000 4
 309  324      0.280      0.489      0.000 4
  -1   -2      0.282      0.629      0.000 4
 312  320      0.302      0.044      0.000 4
 303  335      0.305     -1.079      0.000 4
 314   -2      0.306     -0.232      0.000 4
 316  325      0.315      1.088      0.000 4
  -1  326      0.318     -1.173      0.000 4
 305  343      0.348      0.708      0.000 4
 319  327      0.354      0.047      0.000 4
 326   -2      0.357     -1.083      0.000 4
 320  329      0.360      0.242      0.000 4
 321  328      0.360      0.311      0.000 4
 322  330      0.368     -0.454      0.000 4
 323  331      0.371     -0.868      0.000 4
 324  332      0.372      0.171      0.000 4
 325  334      0.385     -0.509      0.000 4
 327  336      0.401     -0.014      0.000 4
 329  339      0.417     -0.944      0.000 4
 331  342      0.428     -0.615      0.000 4
 315   -2      0.430     -1.170      0.000 4
 332  344      0.431     -0.654      0.000 4
  -1  345      0.432      0.221      0.000 4
 350  323      0.432     -0.154      0.000 4
  -1  346      0.434      0.790      0.000 4
 336  348      0.436      0.337      0.000 4
 338  349      0.441     -0.473      0.000 4
  -1  350      0.445     -0.848      0.000 4
 339  351      0.453      0.728      0.000 4
 340  352      0.455     -0.044      0.000 4
 342  353      0.476      0.960      0.000 4
 343  354      0.476      0.820      0.000 4
 345  355      0.483     -0.842      0.000 4
 344  356      0.485     -0.673      0.000 4
 347  358      0.504     -0.995      0.000 4
 349   -2      0.522      0.900      0.000 4
 351  361      0.528     -0.052      0.000 4
 352  362      0.529     -0.613      0.000 4
 353  363      0.535      0.540      0.000 4
 355  365      0.540      0.580      0.000 4
 354  364      0.540     -0.963      0.000 4
 356  366      0.543      0.962      0.000 4
 357  368      0.557      0.353      0.000 4
 358  367      0.560      1.093      0.000 4
 359  360      0.566      0.864      0.000 4
 360  370      0.577      0.600      0.000 4
 361  371      0.586      0.522      0.000 4
 362   -2      0.591     -0.781      0.000 4
 372  357      0.609     -1.165      0.000 4
 363  374      0.609     -1.029      0.000 4
 366  375      0.618     -0.971      0.000 4
 368  376      0.619      0.905      0.000 4
 367  377      0.621     -0.869      0.000 4
 369  379      0.622      0.989      0.000 4
 375  380      0.629     -0.502      0.000 4
 371  381      0.637     -0.005      0.000 4
 373  384      0.663      0.276      0.000 4
 376  386      0.679     -0.391      0.000 4
 374   -2      0.684     -0.025      0.000 4
 377  383      0.685     -1.056      0.000 4
 378  387      0.694     -0.884      0.000 4
 403  372      0.699     -0.720      0.000 4
 381  388      0.706      0.360      0.000 4
 382   -2      0.709      1.124      0.000 4
 383  391      0.721      0.676      0.000 4
  -1  390      0.730      1.068      0.000 4
  -1  393      0.730     -0.906      0.000 4
 386  394      0.738     -0.658      0.000 4
 388  396      0.766     -0.037      0.000 4
 391  400      0.786     -1.038      0.000 4
 392  402      0.801      0.936      0.000 4
 406  399      0.802     -0.205      0.000 4
 394  403      0.802      0.175      0.000 4
  -1  404      0.805     -0.552      0.000 4
 397  398      0.815      0.125      0.000 4
  -1   -2      0.816      0.316      0.000 4
  -1  410      0.816     -1.137      0.000 4
 398  408      0.819      0.446      0.000 4
 399  409      0.819     -0.151      0.000 4
 408  405      0.820     -0.885      0.000 4
 400   -2      0.821     -0.267      0.000 4
 401  411      0.829      0.682      0.000 4
  -1   -2      0.833     -0.619      0.000 4
  -1  413      0.834     -0.801      0.000 4
 405  414      0.835      0.734      0.000 4
 414   -2      0.839      0.793      0.000 4
  -1   -2      0.852      0.926      0.000 4
 411  417      0.853      0.245      0.000 4
 410  419      0.855     -1.073      0.000 4
 409   -2      0.856     -0.289      0.000 4
 412  418      0.857     -0.459      0.000 4
  -1   -2      0.864      0.399      0.000 4
 413  420      0.866      1.099      0.000 4
 417  422      0.888      0.547      0.000 4
 418  424      0.888     -0.544      0.000 4
 425  421      0.888     -0.224      0.000 4
 435  412      0.890     -0.325      0.000 4
 419  426      0.894      1.126      0.000 4
 423  425      0.896      0.469      0.000 4
 426  427      0.899     -0.150      0.000 4
 420  428      0.900     -0.876      0.000 4
 421  429      0.902     -1.006      0.000 4
 422  431      0.902     -0.941      0.000 4
 402   -2      0.903     -0.801      0.000 4
 404  443      0.903     -1.135      0.000 4
 427  434      0.931     -1.001      0.000 4
 428  436      0.934     -0.862      0.000 4
 429  435      0.935     -0.026      0.000 4
 430  437      0.939     -1.077      0.000 4
 431  438      0.947     -0.234      0.000 4
 433  440      0.958      0.783      0.000 4
 434  441      0.967      0.688      0.000 4
 436  442      0.979      0.004      0.000 4
 437   -2      0.986     -1.113      0.000 4
 438  444      0.987     -0.585      0.000 4
  -1  446      0.987     -0.121      0.000 4
  -1   -2      0.995     -0.033      0.000 4
 432  451      0.997     -0.814      0.000 4
 440  445      0.998      0.269      0.000 4
 439  447      0.999      0.731      0.000 4
  -1  449      1.010      0.188      0.000 4
  -1  448      1.012      0.021      0.000 4
 441  450      1.014      0.850      0.000 4
 442   -2      1.014      0.111      0.000 4
 444  455      1.067     -0.628      0.000 4
  -1  456      1.069     -1.174      0.000 4
 447   -2      1.091     -0.555      0.000 4
 443  470      1.098      1.036      0.000 4
  -1   -2      1.102      0.270      0.000 4
 449  458      1.109     -0.947      0.000 4
 450  459      1.120     -0.523      0.000 4
 451  460      1.125     -0.229      0.000 4
 452  462      1.129     -0.748      0.000 4
 466   -2      1.131     -0.052      0.000 4
 446   -2      1.136     -1.177      0.000 4
 445  468      1.136      0.652      0.000 4
 460   -2      1.140      0.548      0.000 4
 456  464      1.142     -0.832      0.000 4
 457  465      1.156      1.024      0.000 4
 458  466      1.161     -1.047      0.000 4
  -1  473      1.164     -1.142      0.000 4
 459  467      1.165     -0.339      0.000 4
  -1   -2      1.178     -0.278      0.000 4
  -1  469      1.180      0.392      0.000 4
 462  471      1.181     -0.461      0.000 4
  -1  461      1.188      0.020      0.000 4
 463   -2      1.198     -1.138      0.000 4
 465  474      1.212      0.985      0.000 4
 467  475      1.231     -1.071      0.000 4
 469  477      1.233      0.911      0.000 4
 470  476      1.234      0.423      0.000 4
 468  478      1.235     -0.462      0.000 4
  -1  480      1.263     -0.436      0.000 4
 474  482      1.289     -0.511      0.000 4
 475  483      1.297      0.177      0.000 4
 472   -2      1.337     -0.769      0.000 4
 477  487      1.341      0.495      0.000 4
 476  489      1.342     -1.013      0.000 4
 478  488      1.342      0.237      0.000 4
 473  499      1.344     -1.166      0.000 4
 479  490      1.345     -0.192      0.000 4
 480  491      1.353     -0.287      0.000 4
 481  492      1.356      1.062      0.000 4
 482  493      1.364     -0.866      0.000 4
 484  494      1.374     -0.341      0.000 4
 483  495      1.377     -0.401      0.000 4
 486  496      1.379      0.555      0.000 4
 485  497      1.381     -0.922      0.000 4
  -1  498      1.395     -0.139      0.000 4
 487  500      1.405     -0.868      0.000 4
  -1  501      1.406     -0.316      0.000 4
 491  502      1.411      0.266      0.000 4
 489   -2      1.411     -1.099      0.000 4
 490   -2      1.419     -1.128      0.000 4
 492  504      1.420      0.778      0.000 4
 495  518      1.446     -0.384      0.000 4
 496  510      1.449     -1.015      0.000 4
 494  508      1.449      0.965      0.000 4
 497  509      1.450     -0.021      0.000 4
 499  511      1.453      0.404      0.000 4
 498  516      1.457     -1.091      0.000 4
 500  513      1.462     -0.154      0.000 4
 501  515      1.465     -0.666      0.000 4
 502   -2      1.468     -0.204      0.000 4
 503  517      1.472      0.087      0.000 4
  -1   -2      1.487     -1.080      0.000 4
  -1  519      1.488      0.658      0.000 4
 505   -2      1.490     -1.047      0.000 4
 506  520      1.492      0.542      0.000 4
 508  512      1.502     -0.991      0.000 4
 510  522      1.507      1.150      0.000 4
 509  524      1.509      1.030      0.000 4
 511  523      1.510      0.357      0.000 4
 513  525      1.522     -1.131      0.000 4
  -1  526      1.528      0.735      0.000 4
 512  527      1.529     -0.531      0.000 4
  -1   -2      1.530     -1.108      0.000 4
  -1   -2      1.530      0.778      0.000 4
  -1  530      1.540     -1.175      0.000 4
 516  529      1.541      0.421      0.000 4
  -1  514      1.542     -0.266      0.000 4
 514  531      1.543     -0.831      0.000 4
 515  532      1.544     -0.949      0.000 4
 517  533      1.545      1.071      0.000 4
 518  535      1.553     -0.725      0.000 4
