514
   0    0     -1.573      0.916      0.000 4
   1    1     -1.568      0.400      0.000 4
   2    3     -1.551      0.053      0.000 4
   3    2     -1.550     -0.618      0.000 4
   4    5     -1.543      0.744      0.000 4
   5    4     -1.540     -1.037      0.000 4
  -1    9     -1.539     -0.011      0.000 4
   6    6     -1.527     -0.556      0.000 4
  -1   -2     -1.520     -0.367      0.000 4
   7   10     -1.516     -0.056      0.000 4
   8   11     -1.515      0.215      0.000 4
  -1   -2     -1.513      0.005      0.000 4
  12   14     -1.497      0.954      0.000 4
  14   16     -1.492      0.867      0.000 4
  15   17     -1.488     -0.592      0.000 4
  16   20     -1.472      0.531      0.000 4
  17   21     -1.466      1.000      0.000 4
  20   22     -1.462     -0.857      0.000 4
  -1   -2     -1.460     -1.168      0.000 4
  21   23     -1.458     -0.997      0.000 4
  22   24     -1.454     -0.058      0.000 4
  23   28     -1.428      0.909      0.000 4
  25   15     -1.417     -0.751      0.000 4
  26   31     -1.405      0.853      0.000 4
  28   32     -1.368      0.510      0.000 4
  -1   -2     -1.364      0.043      0.000 4
  18   -2     -1.354     -1.168      0.000 4
  -1   41     -1.346     -0.821      0.000 4
  29   33     -1.340     -0.165      0.000 4
  30   35     -1.333     -0.101      0.000 4
  31   34     -1.328      1.136      0.000 4
  32   36     -1.325     -0.708      0.000 4
  27   -2     -1.321     -1.089      0.000 4
  35   38     -1.319      0.783      0.000 4
  33   39     -1.316      0.488      0.000 4
  37   40     -1.306     -0.474      0.000 4
  38   -2     -1.300     -0.819      0.000 4
  40   44     -1.290      0.884      0.000 4
  46   45     -1.285     -1.120      0.000 4
  36   -2     -1.283     -1.168      0.000 4
  42   46     -1.279      0.574      0.000 4
  43   48     -1.278     -0.220      0.000 4
  44   47     -1.278      0.466      0.000 4
  45   49     -1.276     -0.377      0.000 4
  48   50     -1.268      1.000      0.000 4
  47   51     -1.266      0.783      0.000 4
  50   53     -1.261     -0.486      0.000 4
  51   54     -1.256      0.397      0.000 4
  52   52     -1.251     -1.037      0.000 4
  -1   -2     -1.248      1.022      0.000 4
  53   55     -1.247     -0.234      0.000 4
  54   57     -1.239     -0.283      0.000 4
  49   42     -1.239     -0.816      0.000 4
  58   58     -1.225      1.175      0.000 4
  57   60     -1.221      0.675      0.000 4
  -1   61     -1.220      0.788      0.000 4
  60   64     -1.207      0.348      0.000 4
  41   -2     -1.197     -0.959      0.000 4
  62   65     -1.195     -1.023      0.000 4
  -1   62     -1.175     -1.174      0.000 4
  59   69     -1.168     -0.518      0.000 4
  65   70     -1.157      0.919      0.000 4
  67   -2     -1.148      1.147      0.000 4
  68   72     -1.139      0.631      0.000 4
  69   71     -1.134     -1.001      0.000 4
  70   74     -1.130     -0.158      0.000 4
  73   73     -1.125     -1.039      0.000 4
  72   76     -1.122     -0.015      0.000 4
  74   81     -1.106      0.345      0.000 4
  75   77     -1.106      0.274      0.000 4
  76   78     -1.102     -0.242      0.000 4
  79   80     -1.092      1.172      0.000 4
  80   82     -1.079      0.413      0.000 4
  81   83     -1.074     -0.851      0.000 4
  82   84     -1.064     -0.063      0.000 4
  83   85     -1.059      0.035      0.000 4
  84   86     -1.054      0.999      0.000 4
  85   -2     -1.049      0.394      0.000 4
  86   87     -1.047      0.734      0.000 4
  87   88     -1.046      0.797      0.000 4
  88   91     -1.041     -1.096      0.000 4
  89   90     -1.033      0.141      0.000 4
  78   -2     -1.018     -1.169      0.000 4
  93   95     -1.002     -0.152      0.000 4
  94   93     -0.999     -0.984      0.000 4
  95   94     -0.998      1.110      0.000 4
 109   -2     -0.990      0.759      0.000 4
  96   -2     -0.978     -0.100      0.000 4
  97   98     -0.977      0.062      0.000 4
  98   99     -0.973     -0.663      0.000 4
  90   -2     -0.968     -0.848      0.000 4
 101  102     -0.952     -0.460      0.000 4
 102  103     -0.948     -0.977      0.000 4
 103  105     -0.945      0.846      0.000 4
  -1   97     -0.936     -0.041      0.000 4
 104  104     -0.933     -0.744      0.000 4
 105   -2     -0.928      0.823      0.000 4
  -1  109     -0.927     -1.173      0.000 4
 106  106     -0.925     -0.799      0.000 4
 107  107     -0.915     -1.106      0.000 4
 108  108     -0.904     -1.036      0.000 4
 110  125     -0.899      1.129      0.000 4
 114  112     -0.882      0.884      0.000 4
 112  114     -0.880      0.048      0.000 4
 113  113     -0.880     -0.287      0.000 4
 111   -2     -0.862     -1.170      0.000 4
 116  118     -0.852     -0.254      0.000 4
 117  119     -0.852      0.320      0.000 4
  -1  117     -0.850     -0.544      0.000 4
 120  121     -0.846      1.055      0.000 4
 121  122     -0.845      0.989      0.000 4
  -1   -2     -0.838      0.245      0.000 4
 123  123     -0.824     -0.934      0.000 4
 122   -2     -0.822      1.095      0.000 4
 124  128     -0.815     -0.399      0.000 4
 125   -2     -0.814     -0.543      0.000 4
 115  132     -0.811      0.838      0.000 4
 118  130     -0.806     -0.789      0.000 4
 127  131     -0.805     -0.628      0.000 4
 128  133     -0.803     -0.202      0.000 4
 130   -2     -0.799      0.949      0.000 4
 129  134     -0.798      0.431      0.000 4
 131  135     -0.795     -0.674      0.000 4
 132  137     -0.791      0.080      0.000 4
 119   -2     -0.787     -0.506      0.000 4
 133  139     -0.786      0.172      0.000 4
 141  138     -0.784     -1.168      0.000 4
 137  140     -0.781     -0.470      0.000 4
 140  144     -0.758     -0.029      0.000 4
  -1  142     -0.758     -0.245      0.000 4
 136   -2     -0.755     -1.151      0.000 4
 139  145     -0.743     -0.957      0.000 4
 144  147     -0.731      0.595      0.000 4
 145  146     -0.731     -0.454      0.000 4
  -1   -2     -0.729      0.115      0.000 4
 143  149     -0.729     -0.096      0.000 4
 146   -2     -0.728      0.815      0.000 4
  -1  150     -0.721      1.006      0.000 4
 151  143     -0.718     -1.124      0.000 4
 149  151     -0.712     -0.723      0.000 4
  -1  154     -0.705     -1.014      0.000 4
  -1   -2     -0.694     -1.098      0.000 4
 150  156     -0.691     -0.230      0.000 4
 152  157     -0.684      0.384      0.000 4
 153  158     -0.673     -0.715      0.000 4
 154  155     -0.669     -1.174      0.000 4
 155  162     -0.662     -0.824      0.000 4
 158  167     -0.661      0.988      0.000 4
 157  159     -0.659      0.273      0.000 4
  -1  160     -0.648      1.065      0.000 4
 161  161     -0.644      1.166      0.000 4
 160  163     -0.643     -0.136      0.000 4
 162  164     -0.638      0.145      0.000 4
 164  166     -0.625      0.423      0.000 4
 165  165     -0.623     -0.958      0.000 4
 147   -2     -0.613      0.941      0.000 4
 167  168     -0.609     -0.581      0.000 4
 169  169     -0.603     -1.032      0.000 4
  -1  171     -0.599     -0.196      0.000 4
 170   -2     -0.598      1.148      0.000 4
 171  174     -0.587     -0.414      0.000 4
 172  173     -0.586     -0.922      0.000 4
 191  148     -0.581      0.833      0.000 4
 174  175     -0.576      0.618      0.000 4
  -1  176     -0.568      0.415      0.000 4
 175  177     -0.552     -0.486      0.000 4
 176  179     -0.546      0.587      0.000 4
 179  180     -0.538      1.043      0.000 4
  -1  181     -0.535     -1.088      0.000 4
 180  182     -0.529      0.242      0.000 4
 181  183     -0.515     -0.533      0.000 4
 182   -2     -0.507      0.421      0.000 4
 183  184     -0.506     -0.705      0.000 4
 184  185     -0.487     -1.167      0.000 4
 186  187     -0.481     -0.810      0.000 4
 185  188     -0.480     -0.592      0.000 4
 187  189     -0.476     -0.435      0.000 4
 188  190     -0.471      0.698      0.000 4
 189  192     -0.467      0.321      0.000 4
  -1  193     -0.446      0.794      0.000 4
  -1  194     -0.446      0.107      0.000 4
 192  195     -0.441      0.617      0.000 4
 190  197     -0.440      0.865      0.000 4
  -1   -2     -0.436     -0.906      0.000 4
 195  196     -0.434      1.021      0.000 4
 196  198     -0.429     -0.279      0.000 4
 198  199     -0.422     -0.792      0.000 4
 197  200     -0.422      0.250      0.000 4
  -1  202     -0.412     -1.131      0.000 4
 199  203     -0.402     -0.571      0.000 4
 202  205     -0.365     -0.493      0.000 4
  -1  217     -0.362     -0.065      0.000 4
 204  206     -0.361     -0.731      0.000 4
 203  207     -0.361      0.073      0.000 4
 201  209     -0.346      0.523      0.000 4
 206  210     -0.343      1.020      0.000 4
 210   -2     -0.334     -0.171      0.000 4
 207  211     -0.333     -0.771      0.000 4
 209   -2     -0.312     -0.651      0.000 4
 213  214     -0.281     -0.841      0.000 4
 214  215     -0.278      0.279      0.000 4
  -1  218     -0.272      1.174      0.000 4
 216   -2     -0.268     -0.035      0.000 4
 211  226     -0.259     -1.172      0.000 4
 217   -2     -0.252      1.160      0.000 4
 218  219     -0.252     -0.444      0.000 4
 220  216     -0.250     -0.952      0.000 4
 219  222     -0.247      0.242      0.000 4
 221   -2     -0.243     -0.543      0.000 4
  -1   -2     -0.239      1.105      0.000 4
 222  224     -0.236      0.440      0.000 4
 223  225     -0.233     -1.090      0.000 4
 225  227     -0.226      0.172      0.000 4
 227  221     -0.221     -1.129      0.000 4
 226  229     -0.210     -0.457      0.000 4
 228  232     -0.208     -1.052      0.000 4
 232  233     -0.189      0.972      0.000 4
  -1  248     -0.188      0.786      0.000 4
 230  236     -0.187     -0.192      0.000 4
 231  234     -0.186      0.252      0.000 4
 229  235     -0.184     -0.930      0.000 4
  -1   -2     -0.167      0.109      0.000 4
 240  223     -0.167     -0.557      0.000 4
 234  239     -0.165     -0.406      0.000 4
 235  241     -0.164      0.020      0.000 4
 236  240     -0.163     -0.744      0.000 4
 237  242     -0.152      0.408      0.000 4
 238   -2     -0.145     -1.113      0.000 4
  -1   -2     -0.141      1.065      0.000 4
 239  246     -0.124      0.973      0.000 4
 249  247     -0.117     -1.173      0.000 4
 241   -2     -0.107      0.819      0.000 4
  -1  243     -0.104     -1.131      0.000 4
 242  249     -0.103     -0.062      0.000 4
 243  250     -0.098     -0.287      0.000 4
 279   -2     -0.091      0.225      0.000 4
 246  252     -0.079     -1.051      0.000 4
 248  253     -0.077      0.919      0.000 4
 247  254     -0.077      0.389      0.000 4
  -1  255     -0.070      0.056      0.000 4
 252  256     -0.061      0.259      0.000 4
 254  257     -0.048      0.867      0.000 4
 255  260     -0.027      0.392      0.000 4
 256  261     -0.026      0.238      0.000 4
 258  265     -0.026     -0.007      0.000 4
 278   -2     -0.024      0.893      0.000 4
  -1  267     -0.024      0.586      0.000 4
 257  262     -0.024      0.849      0.000 4
  -1  266     -0.022     -1.173      0.000 4
 261   -2     -0.019      0.780      0.000 4
  -1  264     -0.018     -1.100      0.000 4
 259  268     -0.016      0.671      0.000 4
  -1   -2      0.007     -0.607      0.000 4
 265  269      0.023      0.440      0.000 4
 267   -2      0.031     -1.112      0.000 4
 266  270      0.040      1.047      0.000 4
 268  271      0.042      0.613      0.000 4
 269  272      0.045      0.106      0.000 4
 271  273      0.050     -0.613      0.000 4
 272  274      0.052      0.535      0.000 4
 277   -2      0.052     -1.054      0.000 4
 273  275      0.052     -0.755      0.000 4
 275   -2      0.058     -0.449      0.000 4
  -1   -2      0.058     -0.006      0.000 4
  -1  277      0.069      0.308      0.000 4
 280  278      0.073     -1.102      0.000 4
 281   -2      0.090     -0.654      0.000 4
 283  281      0.092      0.279      0.000 4
 284  282      0.094      0.798      0.000 4
 264   -2      0.096     -1.167      0.000 4
 285  283      0.098     -0.158      0.000 4
  -1  285      0.103     -0.984      0.000 4
  -1  286      0.114     -0.361      0.000 4
 287  287      0.118     -0.282      0.000 4
 289  288      0.128      1.071      0.000 4
  -1   -2      0.131     -0.864      0.000 4
  -1   -2      0.135      0.657      0.000 4
 290  289      0.136     -1.062      0.000 4
 291   -2      0.136     -0.951      0.000 4
  -1   -2      0.138     -0.420      0.000 4
 293  291      0.139      0.573      0.000 4
 295  292      0.151     -0.910      0.000 4
 297  294      0.172      0.253      0.000 4
 296  293      0.173      0.719      0.000 4
 298   -2      0.177     -0.437      0.000 4
 299   -2      0.184     -0.872      0.000 4
 300  295      0.191     -0.269      0.000 4
  -1  301      0.194     -1.172      0.000 4
 301  296      0.200     -1.087      0.000 4
 302  297      0.211     -0.701      0.000 4
 303  290      0.213     -0.995      0.000 4
 308  298      0.223      0.906      0.000 4
 276  330      0.225      0.044      0.000 4
 305   -2      0.226     -0.347      0.000 4
 306  300      0.229     -0.590      0.000 4
  -1   -2      0.229     -1.107      0.000 4
 309  302      0.235      0.662      0.000 4
 310  303      0.240      0.378      0.000 4
 319   -2      0.246     -1.176      0.000 4
  -1   -2      0.252      0.722      0.000 4
 312  305      0.254     -0.070      0.000 4
 313  307      0.264     -0.612      0.000 4
 315   -2      0.270     -0.412      0.000 4
 314  308      0.270     -1.063      0.000 4
 317  309      0.281     -0.218      0.000 4
 316   -2      0.281     -1.140      0.000 4
 318  306      0.299      0.108      0.000 4
 320   -2      0.300      0.666      0.000 4
 321  314      0.307     -0.720      0.000 4
 322  315      0.310      0.847      0.000 4
 323   -2      0.310      0.988      0.000 4
  -1   -2      0.315     -1.174      0.000 4
 324  317      0.321      0.782      0.000 4
  -1  316      0.322      0.951      0.000 4
 325  318      0.325      0.178      0.000 4
  -1  313      0.328      0.647      0.000 4
 332   -2      0.335      0.490      0.000 4
 328  319      0.343     -1.051      0.000 4
 329  320      0.347      1.154      0.000 4
 338   -2      0.348      0.587      0.000 4
 334  321      0.358     -0.983      0.000 4
 330  322      0.358     -0.903      0.000 4
 331  323      0.361     -0.195      0.000 4
  -1  324      0.367     -0.234      0.000 4
  -1  326      0.370     -0.582      0.000 4
 333  327      0.374     -0.110      0.000 4
 335   -2      0.375      0.980      0.000 4
 356  310      0.381     -1.175      0.000 4
  -1  328      0.382     -0.962      0.000 4
 343   -2      0.386      0.052      0.000 4
 339  331      0.390      0.714      0.000 4
 341  334      0.408     -0.570      0.000 4
 342  335      0.416      0.758      0.000 4
 344  336      0.418     -0.259      0.000 4
  -1  337      0.419     -0.861      0.000 4
 345  338      0.433     -1.120      0.000 4
 346  339      0.440      0.811      0.000 4
 347  340      0.449     -0.653      0.000 4
 348  342      0.456     -1.173      0.000 4
 349  343      0.462     -0.269      0.000 4
 350  345      0.470     -0.310      0.000 4
  -1  346      0.472      0.050      0.000 4
 352  344      0.476      0.638      0.000 4
  -1  348      0.480      1.081      0.000 4
  -1  349      0.482     -0.474      0.000 4
 353  350      0.490      0.907      0.000 4
 354  351      0.494     -0.590      0.000 4
 355  352      0.497      0.207      0.000 4
 367   -2      0.506     -1.161      0.000 4
  -1  354      0.507      0.733      0.000 4
 357  355      0.509      0.123      0.000 4
  -1   -2      0.514     -0.431      0.000 4
 360  357      0.516     -0.405      0.000 4
 361  360      0.521      1.155      0.000 4
 363  362      0.539     -0.602      0.000 4
 364  364      0.550      0.006      0.000 4
 365  363      0.550     -0.302      0.000 4
 366  365      0.554      1.011      0.000 4
 368   -2      0.564     -0.711      0.000 4
 369  379      0.577     -0.464      0.000 4
  -1  367      0.581     -0.757      0.000 4
 370  368      0.589      1.146      0.000 4
 371  369      0.595      0.523      0.000 4
 372  371      0.602      0.432      0.000 4
  -1  370      0.602      0.388      0.000 4
  -1  374      0.605     -0.251      0.000 4
 385  373      0.610      0.221      0.000 4
 380  378      0.614     -1.164      0.000 4
 374  375      0.614      0.649      0.000 4
 377  376      0.618     -0.985      0.000 4
 379  377      0.623     -0.020      0.000 4
  -1   -2      0.631      1.073      0.000 4
 383   -2      0.637     -0.444      0.000 4
  -1  380      0.641      1.016      0.000 4
 384  381      0.644      0.543      0.000 4
  -1   -2      0.660     -0.745      0.000 4
 386  383      0.667     -0.610      0.000 4
 387  385      0.676     -0.706      0.000 4
 388  384      0.677      0.778      0.000 4
 390  388      0.687     -0.910      0.000 4
  -1  390      0.695     -1.174      0.000 4
 392  389      0.698      0.666      0.000 4
  -1  392      0.707     -0.566      0.000 4
 393  405      0.714      0.926      0.000 4
 395  393      0.727     -0.987      0.000 4
 396  394      0.728     -0.037      0.000 4
 397  395      0.737     -0.205      0.000 4
  -1  396      0.744     -0.764      0.000 4
 394  409      0.753     -1.036      0.000 4
 400  398      0.754      0.598      0.000 4
  -1  399      0.758      0.708      0.000 4
 401   -2      0.763      0.948      0.000 4
 402  401      0.767      0.360      0.000 4
 378   -2      0.769     -0.807      0.000 4
 403  402      0.770      0.387      0.000 4
 405  404      0.773     -0.401      0.000 4
  -1  406      0.787     -0.569      0.000 4
  -1   -2      0.790      0.942      0.000 4
 407  407      0.792      0.716      0.000 4
 408  408      0.793     -0.619      0.000 4
 409   -2      0.802     -0.976      0.000 4
 411  412      0.806      0.645      0.000 4
 412  413      0.809     -0.142      0.000 4
 413  414      0.813      0.859      0.000 4
 414  416      0.819      0.959      0.000 4
 415  417      0.821     -1.093      0.000 4
 398   -2      0.835     -0.766      0.000 4
 417  419      0.835     -1.035      0.000 4
 416   -2      0.840     -0.165      0.000 4
 420  420      0.840      0.354      0.000 4
 421  421      0.844     -0.590      0.000 4
 423  422      0.856     -0.338      0.000 4
 422  423      0.859     -0.844      0.000 4
 425  425      0.875     -1.154      0.000 4
  -1  427      0.888      1.044      0.000 4
 426  426      0.888     -0.025      0.000 4
 427  428      0.893     -0.775      0.000 4
 429  430      0.911      1.148      0.000 4
 406   -2      0.913      0.085      0.000 4
  -1  439      0.922     -0.087      0.000 4
 431   -2      0.943      0.744      0.000 4
 445   -2      0.946      0.181      0.000 4
  -1  434      0.949     -0.609      0.000 4
  -1  435      0.956     -0.819      0.000 4
 438  432      0.956      0.214      0.000 4
 435  437      0.962      1.027      0.000 4
 436   -2      0.964     -0.212      0.000 4
 430  447      0.968     -0.899      0.000 4
  -1   -2      0.977     -0.044      0.000 4
 439  438      0.977      0.930      0.000 4
 443  440      0.986      0.745      0.000 4
 444  441      0.986      0.506      0.000 4
 446  442      1.003      0.294      0.000 4
 447  443      1.006      0.252      0.000 4
 448  444      1.020     -0.480      0.000 4
 449  445      1.020     -0.574      0.000 4
 450  446      1.037     -0.074      0.000 4
 451  448      1.043     -0.293      0.000 4
  -1  449      1.050      0.922      0.000 4
 453  450      1.068      0.039      0.000 4
 442   -2      1.070     -0.194      0.000 4
 455  452      1.080     -1.176      0.000 4
 458  453      1.094     -0.667      0.000 4
 457   -2      1.098      0.604      0.000 4
 459  456      1.100     -1.085      0.000 4
 464  457      1.106      0.556      0.000 4
 465  458      1.110      0.104      0.000 4
  -1   -2      1.110     -0.371      0.000 4
 463   -2      1.111     -0.479      0.000 4
 469   -2      1.126     -0.308      0.000 4
  -1   -2      1.130     -0.964      0.000 4
 470  463      1.137      0.350      0.000 4
 471  465      1.149     -0.759      0.000 4
 472  466      1.153     -0.214      0.000 4
 473  469      1.159     -0.997      0.000 4
  -1   -2      1.159     -0.951      0.000 4
 477  468      1.159      0.993      0.000 4
 475  471      1.170     -0.911      0.000 4
 476   -2      1.172     -0.416      0.000 4
  -1  462      1.173     -0.315      0.000 4
 478  470      1.174      0.173      0.000 4
 479   -2      1.189      0.322      0.000 4
 482  473      1.198      0.466      0.000 4
 481  474      1.199      1.005      0.000 4
  -1  475      1.206     -1.145      0.000 4
 484  476      1.216     -0.104      0.000 4
 491   -2      1.217      0.399      0.000 4
 483  478      1.218     -0.689      0.000 4
 485  477      1.219      0.802      0.000 4
 487  490      1.225     -1.076      0.000 4
 490   -2      1.253      0.691      0.000 4
 492  483      1.262     -0.080      0.000 4
 494  484      1.287      0.985      0.000 4
 495  485      1.293     -0.660      0.000 4
  -1  479      1.294      0.575      0.000 4
 502  486      1.296     -0.964      0.000 4
 496  488      1.298     -0.742      0.000 4
  -1   -2      1.300     -1.091      0.000 4
 497  492      1.307      0.213      0.000 4
 500  491      1.308      0.036      0.000 4
 499   -2      1.314      0.885      0.000 4
 503  493      1.317     -0.521      0.000 4
 501   -2      1.323     -0.328      0.000 4
 504  494      1.323      1.044      0.000 4
 505  495      1.335     -0.691      0.000 4
 507  489      1.338     -1.157      0.000 4
  -1   -2      1.355     -0.638      0.000 4
 509   -2      1.368     -0.679      0.000 4
 508  498      1.368     -0.770      0.000 4
 510  500      1.377      1.012      0.000 4
 512  481      1.399      0.708      0.000 4
 513  499      1.402     -0.280      0.000 4
  -1  497      1.407     -0.662      0.000 4
  -1  501      1.414     -1.173      0.000 4
  -1  503      1.431      0.027      0.000 4
 515  502      1.433      0.271      0.000 4
  -1   -2      1.440     -0.132      0.000 4
  -1  505      1.467      0.420      0.000 4
 526   -2      1.467     -0.690      0.000 4
 517  507      1.468      0.492      0.000 4
 518  508      1.475     -0.545      0.000 4
 519  509      1.477     -0.619      0.000 4
 520  510      1.488     -0.426      0.000 4
 524   -2      1.505     -0.589      0.000 4
 525  512      1.507     -1.011      0.000 4
  -1  511      1.509      0.493      0.000 4
 527   -2      1.527      0.044      0.000 4
 528  515      1.531      0.149      0.000 4
 529  514      1.534     -1.173      0.000 4
 530  513      1.567     -0.882      0.000 4
 532  517      1.568      0.247      0.000 4
 533  518      1.569     -0.461      0.000 4
  -1  519      1.575     -1.081      0.000 4
  -1  520      1.576     -0.386      0.000 4
