538
   0    0     -1.572      0.252      0.000 4
  -1    2     -1.571      0.379      0.000 4
   1    1     -1.569     -0.869      0.000 4
   2    3     -1.561      0.322      0.000 4
   3    6     -1.551      0.479      0.000 4
   4    5     -1.550      0.614      0.000 4
   5    7     -1.544      1.063      0.000 4
   7    8     -1.535      0.173      0.000 4
   8    9     -1.533      0.757      0.000 4
   9   10     -1.530     -0.359      0.000 4
  -1   32     -1.527     -0.556      0.000 4
  10   15     -1.521      0.405      0.000 4
  -1   -2     -1.518     -0.944      0.000 4
  11   -2     -1.517     -0.323      0.000 4
  -1   -2     -1.515     -0.524      0.000 4
  -1   -2     -1.514     -0.469      0.000 4
  12   12     -1.511     -0.119      0.000 4
  -1   16     -1.508     -1.020      0.000 4
  13   -2     -1.506      0.562      0.000 4
  14   14     -1.500      0.968      0.000 4
  15   -2     -1.499      0.391      0.000 4
  -1   -2     -1.481     -0.597      0.000 4
  17   17     -1.479     -0.418      0.000 4
  18   18     -1.474      0.327      0.000 4
  29   13     -1.465     -1.165      0.000 4
  21   20     -1.462     -0.700      0.000 4
  20   22     -1.461      0.804      0.000 4
  22   19     -1.461      1.119      0.000 4
  -1   -2     -1.444     -0.261      0.000 4
  23   23     -1.440     -0.455      0.000 4
  24   24     -1.439      0.853      0.000 4
  25   25     -1.436      0.724      0.000 4
  -1   -2     -1.425      0.688      0.000 4
  -1   26     -1.417     -1.073      0.000 4
  -1   27     -1.416     -0.803      0.000 4
  26   28     -1.416     -0.019      0.000 4
  28   29     -1.405      0.187      0.000 4
  38   -2     -1.396     -0.561      0.000 4
  30   -2     -1.395     -0.609      0.000 4
  31   -2     -1.378      0.772      0.000 4
  -1   33     -1.363      0.618      0.000 4
  33   35     -1.358     -0.388      0.000 4
  35   38     -1.334      1.011      0.000 4
  36   37     -1.334     -0.984      0.000 4
  -1   51     -1.307      1.167      0.000 4
  40   41     -1.304     -1.124      0.000 4
  39   42     -1.300     -0.147      0.000 4
  41   43     -1.293     -0.898      0.000 4
  42   45     -1.286     -0.589      0.000 4
  44   44     -1.285     -1.088      0.000 4
  43   46     -1.283     -0.695      0.000 4
  46   48     -1.273     -0.926      0.000 4
  -1   -2     -1.273     -1.151      0.000 4
  45   49     -1.270     -0.119      0.000 4
  47   47     -1.264     -1.176      0.000 4
  -1   50     -1.262     -0.646      0.000 4
  49   52     -1.241      0.895      0.000 4
  50   56     -1.236      0.436      0.000 4
  -1   53     -1.235     -1.062      0.000 4
  51   55     -1.232      0.686      0.000 4
  53   57     -1.230      0.782      0.000 4
  54   58     -1.224     -0.906      0.000 4
  55   59     -1.222     -0.704      0.000 4
  -1   60     -1.216      0.471      0.000 4
  -1   61     -1.211     -0.387      0.000 4
  -1   -2     -1.206     -1.156      0.000 4
  59   62     -1.201     -0.120      0.000 4
  61   64     -1.179      0.694      0.000 4
  -1   63     -1.173     -1.173      0.000 4
  62   65     -1.171      0.425      0.000 4
  63   67     -1.165     -0.406      0.000 4
  65   66     -1.163      1.060      0.000 4
  -1   68     -1.161      1.099      0.000 4
  64   70     -1.158     -0.309      0.000 4
  66   69     -1.157     -0.896      0.000 4
  67   71     -1.156     -0.934      0.000 4
  68   72     -1.146      0.507      0.000 4
  60   -2     -1.135     -0.519      0.000 4
  69   74     -1.134      0.200      0.000 4
  70   75     -1.133     -0.174      0.000 4
  71   76     -1.127      0.410      0.000 4
  72   77     -1.112      1.093      0.000 4
  -1   78     -1.109     -1.070      0.000 4
  74   79     -1.106      0.843      0.000 4
  73   80     -1.105      0.610      0.000 4
  75   82     -1.102     -0.234      0.000 4
  76   83     -1.094      0.355      0.000 4
  92   -2     -1.074     -1.168      0.000 4
  79   85     -1.070      0.451      0.000 4
  77   88     -1.066     -0.457      0.000 4
  78   87     -1.063     -1.086      0.000 4
  -1   86     -1.062     -1.123      0.000 4
  81   91     -1.056     -0.770      0.000 4
  83   89     -1.033      0.316      0.000 4
  84   90     -1.025      0.943      0.000 4
  87   92     -1.013     -0.906      0.000 4
  88   95     -1.011     -0.604      0.000 4
  89   97     -1.007      0.585      0.000 4
  -1   -2     -1.005      0.513      0.000 4
  90   98     -1.001      1.060      0.000 4
  91   99     -0.990     -1.109      0.000 4
  93  100     -0.974     -0.029      0.000 4
  94  101     -0.960     -0.136      0.000 4
  96  102     -0.951     -0.911      0.000 4
  -1   -2     -0.945      0.337      0.000 4
  98  103     -0.943     -0.215      0.000 4
  99  105     -0.941     -0.006      0.000 4
 101  104     -0.936     -0.976      0.000 4
 102  111     -0.936      1.150      0.000 4
 103  106     -0.930      0.918      0.000 4
 108   -2     -0.929     -1.047      0.000 4
 100  107     -0.926     -0.035      0.000 4
  -1  108     -0.920      0.263      0.000 4
 104  110     -0.918     -0.448      0.000 4
 105   -2     -0.916      0.433      0.000 4
 110   -2     -0.907      1.104      0.000 4
  -1   -2     -0.905      0.317      0.000 4
 111  112     -0.905     -0.624      0.000 4
 107  109     -0.904      0.396      0.000 4
 112  116     -0.892      0.738      0.000 4
 113  115     -0.891     -0.759      0.000 4
  -1  122     -0.891     -1.166      0.000 4
  -1  117     -0.882     -0.706      0.000 4
 114  118     -0.880     -0.053      0.000 4
 116  119     -0.869      0.040      0.000 4
 121  113     -0.848     -0.228      0.000 4
  -1   -2     -0.848     -1.080      0.000 4
 117  121     -0.846      0.813      0.000 4
 118  123     -0.841      0.140      0.000 4
 119  125     -0.831     -0.441      0.000 4
 120  124     -0.831      1.048      0.000 4
  -1  127     -0.824     -0.144      0.000 4
 122  126     -0.822      1.094      0.000 4
 123  128     -0.818      0.880      0.000 4
 124  129     -0.811      0.987      0.000 4
 125  130     -0.808     -0.755      0.000 4
 126  131     -0.806     -0.804      0.000 4
  -1   -2     -0.794     -0.597      0.000 4
 127  133     -0.794     -0.095      0.000 4
 128  134     -0.785      0.065      0.000 4
 133   -2     -0.764      0.780      0.000 4
  -1  136     -0.754      0.964      0.000 4
 151  132     -0.750     -0.925      0.000 4
 131  139     -0.748     -0.540      0.000 4
  -1   -2     -0.747     -1.073      0.000 4
 132  141     -0.732     -0.963      0.000 4
 136  142     -0.721     -0.289      0.000 4
 137  144     -0.719     -0.626      0.000 4
 139   -2     -0.717     -1.010      0.000 4
  -1  145     -0.707     -1.170      0.000 4
 141  143     -0.705      1.091      0.000 4
 144  146     -0.694      1.039      0.000 4
 143   -2     -0.690     -0.261      0.000 4
 146  149     -0.687      0.049      0.000 4
 148  150     -0.678     -0.410      0.000 4
 149  151     -0.666      0.332      0.000 4
 150  152     -0.662     -0.484      0.000 4
 152  154     -0.653     -0.742      0.000 4
 134  181     -0.649      0.865      0.000 4
 153   -2     -0.647      0.255      0.000 4
 155  156     -0.645      0.831      0.000 4
 156  158     -0.641      1.072      0.000 4
 157  157     -0.640      1.114      0.000 4
 158  160     -0.632     -0.215      0.000 4
 160  159     -0.631      1.040      0.000 4
 159  162     -0.630      0.453      0.000 4
 161  161     -0.627     -0.022      0.000 4
 163  163     -0.622     -1.056      0.000 4
 165  165     -0.613     -0.743      0.000 4
 166  166     -0.609     -0.479      0.000 4
 167  168     -0.601      0.082      0.000 4
 164  167     -0.600     -0.971      0.000 4
 168  169     -0.597      0.636      0.000 4
 169  170     -0.596      0.180      0.000 4
 171  173     -0.573     -0.037      0.000 4
 172  172     -0.572      1.004      0.000 4
 174  174     -0.553     -0.111      0.000 4
  -1  178     -0.552     -1.166      0.000 4
 175  176     -0.531     -0.254      0.000 4
 178  177     -0.527      1.129      0.000 4
  -1   -2     -0.523      0.003      0.000 4
 180  179     -0.519     -0.630      0.000 4
 179  180     -0.517      0.417      0.000 4
 177  191     -0.491     -1.163      0.000 4
 183  182     -0.487      0.301      0.000 4
  -1   -2     -0.474      0.473      0.000 4
 184  183     -0.471     -0.156      0.000 4
 185  193     -0.449      0.681      0.000 4
 187  192     -0.449     -0.251      0.000 4
 190  188     -0.447     -0.779      0.000 4
 189  190     -0.447     -0.547      0.000 4
 191  189     -0.446     -0.888      0.000 4
 192   -2     -0.440     -0.218      0.000 4
  -1  196     -0.433     -1.074      0.000 4
 196  195     -0.422      1.139      0.000 4
 195  197     -0.420     -0.604      0.000 4
 198  198     -0.408      0.990      0.000 4
  -1   -2     -0.398     -0.673      0.000 4
 182   -2     -0.389      0.832      0.000 4
 199  201     -0.385     -0.888      0.000 4
  -1  202     -0.383      0.978      0.000 4
 201  203     -0.381      0.796      0.000 4
 202  204     -0.381      0.907      0.000 4
 203  205     -0.376      0.281      0.000 4
 204  206     -0.369     -0.508      0.000 4
 193  216     -0.360     -1.138      0.000 4
 205  209     -0.358      0.256      0.000 4
  -1  208     -0.354     -1.078      0.000 4
 207  207     -0.346     -1.168      0.000 4
 208  210     -0.342      0.719      0.000 4
 209  211     -0.339     -0.163      0.000 4
  -1   -2     -0.337      0.440      0.000 4
  -1   -2     -0.335     -0.408      0.000 4
 210  212     -0.331      1.167      0.000 4
  -1  213     -0.326     -1.142      0.000 4
  -1  199     -0.323     -0.670      0.000 4
 211  214     -0.322      0.371      0.000 4
 212  215     -0.316     -0.844      0.000 4
 213  217     -0.302     -0.340      0.000 4
 214  219     -0.297      0.116      0.000 4
 217   -2     -0.297     -1.129      0.000 4
 216  218     -0.296     -0.894      0.000 4
 215   -2     -0.295      0.700      0.000 4
 218  221     -0.284      0.668      0.000 4
 219  222     -0.276     -0.593      0.000 4
 228   -2     -0.273     -0.485      0.000 4
 222  224     -0.259     -0.976      0.000 4
 221  226     -0.258      0.021      0.000 4
 225   -2     -0.254     -1.170      0.000 4
 224  228     -0.247      0.628      0.000 4
  -1  227     -0.244     -1.092      0.000 4
  -1   -2     -0.232     -0.034      0.000 4
 227   -2     -0.231      0.039      0.000 4
  -1  230     -0.221     -0.147      0.000 4
 229  231     -0.215     -0.211      0.000 4
  -1  243     -0.191      0.967      0.000 4
 230  240     -0.191     -0.508      0.000 4
 232  234     -0.185     -0.147      0.000 4
 233  237     -0.182      1.116      0.000 4
 231  236     -0.180     -1.086      0.000 4
 235   -2     -0.178      1.162      0.000 4
 238   -2     -0.173     -0.558      0.000 4
 236  246     -0.166      0.339      0.000 4
 237  239     -0.163      0.424      0.000 4
 239  241     -0.157     -0.057      0.000 4
 241  244     -0.146      0.542      0.000 4
  -1   -2     -0.143     -1.121      0.000 4
  -1  245     -0.141     -0.274      0.000 4
  -1   -2     -0.137     -0.580      0.000 4
 243  247     -0.133     -0.906      0.000 4
 245  249     -0.122      1.172      0.000 4
 247  248     -0.122     -1.172      0.000 4
 244  250     -0.121      0.204      0.000 4
 246  251     -0.117     -0.124      0.000 4
 234  266     -0.116     -0.711      0.000 4
 248   -2     -0.099     -0.533      0.000 4
 242  255     -0.095      0.307      0.000 4
 258  252     -0.095     -0.267      0.000 4
  -1  256     -0.093     -1.022      0.000 4
 252  257     -0.084      1.010      0.000 4
 253  260     -0.078      0.508      0.000 4
 259  259     -0.077     -0.969      0.000 4
 256  261     -0.072      0.006      0.000 4
 257  262     -0.068      1.123      0.000 4
  -1   -2     -0.052     -0.342      0.000 4
  -1  253     -0.044     -0.586      0.000 4
  -1  254     -0.034     -0.390      0.000 4
 262  268     -0.026     -0.099      0.000 4
 264  258     -0.023     -1.164      0.000 4
 263  269     -0.018      0.487      0.000 4
 266  270     -0.001      0.050      0.000 4
 267  272      0.000      0.321      0.000 4
 255  290      0.003      0.115      0.000 4
 269  273      0.010      0.850      0.000 4
 270  274      0.012      0.743      0.000 4
  -1  275      0.017     -1.100      0.000 4
 271  276      0.022      0.494      0.000 4
 272  277      0.027      0.292      0.000 4
 274  278      0.043     -0.035      0.000 4
 273  280      0.048     -1.133      0.000 4
 277  281      0.055      0.559      0.000 4
  -1  282      0.061      0.781      0.000 4
 280  283      0.064     -0.947      0.000 4
 283  284      0.070     -0.788      0.000 4
  -1   -2      0.071     -1.120      0.000 4
 284  286      0.080      0.137      0.000 4
 285  288      0.085     -0.598      0.000 4
 275   -2      0.091     -1.074      0.000 4
 289  287      0.091     -1.171      0.000 4
  -1   -2      0.093      0.102      0.000 4
 290  291      0.098      0.388      0.000 4
 291  292      0.101      1.065      0.000 4
  -1   -2      0.137      0.752      0.000 4
 303   -2      0.137     -0.488      0.000 4
 292  294      0.138     -0.948      0.000 4
 278  295      0.142      0.722      0.000 4
 294  296      0.143     -0.391      0.000 4
 295  297      0.145     -1.061      0.000 4
 296  299      0.149      0.579      0.000 4
  -1   -2      0.151     -1.017      0.000 4
 297  300      0.154     -0.561      0.000 4
 298  301      0.155     -1.098      0.000 4
 299  302      0.163      0.908      0.000 4
 300  303      0.177      0.314      0.000 4
 301  304      0.187     -0.580      0.000 4
 302  305      0.191     -1.066      0.000 4
  -1  306      0.199     -0.373      0.000 4
 306  309      0.213     -0.881      0.000 4
 312  308      0.213      1.117      0.000 4
 304   -2      0.214     -1.093      0.000 4
  -1  310      0.217      0.836      0.000 4
 308  312      0.219      0.035      0.000 4
 309  313      0.225      0.479      0.000 4
 310  314      0.229     -0.756      0.000 4
 313  317      0.245     -0.114      0.000 4
  -1  316      0.253     -1.002      0.000 4
  -1  319      0.266     -0.544      0.000 4
 315  320      0.269     -0.299      0.000 4
 316  321      0.271      0.837      0.000 4
 317  322      0.283      1.048      0.000 4
 318  323      0.289      0.976      0.000 4
 319  324      0.293      0.215      0.000 4
 320   -2      0.296      0.618      0.000 4
 322   -2      0.304     -0.892      0.000 4
 321  325      0.310     -1.095      0.000 4
  -1   -2      0.321     -1.164      0.000 4
 323  326      0.325      0.502      0.000 4
 325  327      0.327     -0.265      0.000 4
 326  328      0.339     -0.323      0.000 4
 327  330      0.341      0.056      0.000 4
 329  331      0.347      0.892      0.000 4
  -1  332      0.350     -0.132      0.000 4
 339  333      0.358      0.302      0.000 4
 330  334      0.361     -1.068      0.000 4
  -1  335      0.374      0.938      0.000 4
 331  337      0.378     -0.338      0.000 4
 332  338      0.384     -0.704      0.000 4
 334  340      0.388      0.549      0.000 4
 328   -2      0.389     -1.122      0.000 4
  -1   -2      0.396      0.997      0.000 4
 335  341      0.408      0.056      0.000 4
 337  342      0.416     -0.344      0.000 4
 336  343      0.418     -1.012      0.000 4
  -1   -2      0.419      1.164      0.000 4
 338   -2      0.423     -0.392      0.000 4
 340  344      0.429     -0.787      0.000 4
 341  345      0.436      0.149      0.000 4
 342   -2      0.444     -0.578      0.000 4
  -1   -2      0.445     -1.165      0.000 4
 344  351      0.454      1.097      0.000 4
 349  346      0.469     -0.525      0.000 4
 347  353      0.473      0.614      0.000 4
 348  354      0.474      0.005      0.000 4
 350  355      0.480     -1.019      0.000 4
  -1  358      0.491     -1.152      0.000 4
 352  357      0.492     -0.370      0.000 4
 353  361      0.507     -0.711      0.000 4
 358  360      0.509      0.277      0.000 4
 354  362      0.510      0.538      0.000 4
  -1   -2      0.510     -0.864      0.000 4
 356   -2      0.511      0.644      0.000 4
  -1  363      0.512      0.485      0.000 4
  -1  364      0.520      0.063      0.000 4
 359  365      0.526     -0.551      0.000 4
 360  367      0.531     -0.022      0.000 4
 355  375      0.532      0.589      0.000 4
 361  368      0.537      0.795      0.000 4
 362  369      0.548     -0.831      0.000 4
 363  372      0.554      0.668      0.000 4
 365   -2      0.565      0.611      0.000 4
 364  374      0.567     -0.882      0.000 4
 366  376      0.579     -0.513      0.000 4
 367  377      0.595      0.339      0.000 4
  -1   -2      0.596      0.745      0.000 4
 351  400      0.596     -1.150      0.000 4
  -1   -2      0.602     -0.660      0.000 4
 371  378      0.609      0.930      0.000 4
 370  379      0.609     -0.922      0.000 4
 372  380      0.612      0.805      0.000 4
 374  383      0.623     -0.682      0.000 4
 375  382      0.625     -0.033      0.000 4
 377  384      0.629     -1.075      0.000 4
 373  385      0.635     -1.170      0.000 4
 379  386      0.643      0.444      0.000 4
 378  387      0.646     -0.778      0.000 4
  -1   -2      0.647      0.081      0.000 4
 380   -2      0.647      0.477      0.000 4
  -1  388      0.652      0.720      0.000 4
 381  389      0.657     -0.626      0.000 4
  -1  390      0.669      1.077      0.000 4
 383  391      0.675     -0.362      0.000 4
 385   -2      0.680      0.289      0.000 4
 386  393      0.693      0.843      0.000 4
 387  394      0.698     -0.436      0.000 4
 388  395      0.701      0.765      0.000 4
 389  396      0.706      0.432      0.000 4
 390  398      0.716     -0.817      0.000 4
  -1   -2      0.716     -0.242      0.000 4
  -1   -2      0.731     -1.134      0.000 4
 384  409      0.732     -1.039      0.000 4
 392  403      0.739      1.075      0.000 4
 394  404      0.741     -0.656      0.000 4
 395  406      0.749     -0.851      0.000 4
 396  407      0.750      0.989      0.000 4
  -1  408      0.758     -0.011      0.000 4
 397   -2      0.760     -1.081      0.000 4
 399  410      0.764     -0.349      0.000 4
  -1   -2      0.775      1.158      0.000 4
 400  411      0.776      1.086      0.000 4
  -1  416      0.777      0.111      0.000 4
 401  414      0.785     -1.039      0.000 4
 391  426      0.790     -0.994      0.000 4
 402  415      0.791     -0.613      0.000 4
 405  417      0.805     -0.790      0.000 4
 403   -2      0.806      0.264      0.000 4
  -1  428      0.811     -0.032      0.000 4
 406   -2      0.821      0.975      0.000 4
  -1  419      0.836     -0.137      0.000 4
  -1   -2      0.837      0.651      0.000 4
 398  451      0.837      0.260      0.000 4
 408  421      0.837     -1.115      0.000 4
 409  422      0.840     -0.859      0.000 4
 411  423      0.846      0.841      0.000 4
  -1   -2      0.846     -1.054      0.000 4
 412  424      0.847      0.579      0.000 4
 413  425      0.850      0.349      0.000 4
 415  427      0.851      0.302      0.000 4
 416  430      0.863      1.154      0.000 4
 417  429      0.863     -0.781      0.000 4
 418  432      0.869     -1.157      0.000 4
  -1   -2      0.869      1.009      0.000 4
  -1  431      0.869     -0.285      0.000 4
 420  433      0.886      0.831      0.000 4
 421  435      0.898     -0.048      0.000 4
 410   -2      0.899     -1.005      0.000 4
 423  437      0.912      1.004      0.000 4
  -1  438      0.916     -0.873      0.000 4
 440   -2      0.920      0.077      0.000 4
 425  440      0.930      1.039      0.000 4
 426  439      0.930      1.115      0.000 4
 427  442      0.932     -0.805      0.000 4
 429  441      0.933     -0.266      0.000 4
 430  444      0.941     -0.456      0.000 4
  -1  453      0.950     -0.161      0.000 4
  -1  445      0.955      0.713      0.000 4
 431  446      0.956     -0.545      0.000 4
 432   -2      0.957      0.143      0.000 4
 433  447      0.962      0.656      0.000 4
 434  448      0.963      0.607      0.000 4
 445  443      0.967     -1.134      0.000 4
 419   -2      0.968      0.478      0.000 4
 436   -2      0.972      0.213      0.000 4
 437  450      0.977      0.389      0.000 4
 454   -2      0.995      0.758      0.000 4
 438  457      0.998     -0.325      0.000 4
 441  456      1.017      0.208      0.000 4
 442   -2      1.020     -0.268      0.000 4
 443  459      1.027      0.359      0.000 4
 444  460      1.031     -0.171      0.000 4
 446  461      1.043      0.495      0.000 4
 447  462      1.047     -0.615      0.000 4
  -1   -2      1.056      0.542      0.000 4
  -1  470      1.062      1.000      0.000 4
 449  464      1.062      0.428      0.000 4
 450  465      1.066     -0.261      0.000 4
 451   -2      1.083     -0.356      0.000 4
 455  467      1.083     -0.055      0.000 4
 463  468      1.102      0.641      0.000 4
 459  469      1.108      0.946      0.000 4
  -1   -2      1.109      1.022      0.000 4
 458  471      1.111     -1.015      0.000 4
 460  472      1.116     -0.685      0.000 4
 461  473      1.119      0.814      0.000 4
 462  474      1.126     -0.029      0.000 4
 466  476      1.130     -1.140      0.000 4
 470  475      1.139      0.235      0.000 4
 465  477      1.144      1.165      0.000 4
 467  478      1.151      1.019      0.000 4
 474  481      1.155     -0.825      0.000 4
 448   -2      1.157     -0.911      0.000 4
  -1   -2      1.161     -0.006      0.000 4
 468  482      1.163      0.559      0.000 4
  -1  483      1.169      0.245      0.000 4
 471  484      1.170      0.077      0.000 4
  -1   -2      1.177     -0.399      0.000 4
 473  485      1.183     -0.595      0.000 4
 476  486      1.218      0.962      0.000 4
  -1   -2      1.229     -0.002      0.000 4
 478  488      1.235     -0.290      0.000 4
  -1   -2      1.240     -1.060      0.000 4
 479  490      1.247     -0.549      0.000 4
 480  491      1.254     -0.416      0.000 4
 481  492      1.263     -0.624      0.000 4
  -1  499      1.265     -0.920      0.000 4
  -1   -2      1.266     -0.099      0.000 4
 482  493      1.275      1.011      0.000 4
  -1  495      1.296     -0.566      0.000 4
  -1  497      1.309     -1.033      0.000 4
 483   -2      1.310     -0.187      0.000 4
 484  496      1.318     -1.159      0.000 4
  -1   -2      1.325     -0.966      0.000 4
 487  501      1.327     -0.546      0.000 4
 488  500      1.331      0.392      0.000 4
 489  502      1.340     -0.632      0.000 4
 490  503      1.373     -1.010      0.000 4
 492  504      1.384      0.444      0.000 4
  -1  505      1.386     -1.071      0.000 4
  -1  512      1.388     -0.162      0.000 4
 496  507      1.403      1.134      0.000 4
 495  508      1.415     -1.024      0.000 4
 498  509      1.426      0.167      0.000 4
 497  510      1.428     -0.402      0.000 4
 501  513      1.431     -0.536      0.000 4
 500   -2      1.431     -0.291      0.000 4
 502  514      1.439     -0.467      0.000 4
 503   -2      1.439      0.573      0.000 4
 508   -2      1.444     -0.233      0.000 4
 493  523      1.452     -1.174      0.000 4
 505  516      1.453     -1.138      0.000 4
 507  517      1.470      0.238      0.000 4
 509  518      1.475      0.550      0.000 4
  -1   -2      1.487     -1.079      0.000 4
 511   -2      1.488     -0.800      0.000 4
 510  520      1.492     -0.836      0.000 4
 512  522      1.505      0.629      0.000 4
 513  524      1.517      0.881      0.000 4
 514  525      1.525      0.282      0.000 4
 515  527      1.530     -0.321      0.000 4
 516  526      1.531     -0.255      0.000 4
 518  528      1.532     -0.084      0.000 4
 519  529      1.534     -1.170      0.000 4
 523  521      1.538     -1.014      0.000 4
 521  531      1.554     -1.123      0.000 4
 522   -2      1.556     -0.703      0.000 4
 525  534      1.559      1.153      0.000 4
 524  533      1.560      0.053      0.000 4
 526  535      1.567      0.464      0.000 4
 527  536      1.572     -0.909      0.000 4
