526
  -1   -2     -1.575     -0.484      0.000 4
  -1   -2     -1.574     -0.104      0.000 4
   0    1     -1.571      0.909      0.000 4
   1    2     -1.564      0.398      0.000 4
   2    4     -1.547     -0.609      0.000 4
   3    6     -1.547      0.052      0.000 4
   4    5     -1.542     -1.030      0.000 4
   5    7     -1.539      0.738      0.000 4
   6    8     -1.524     -0.548      0.000 4
   9   10     -1.515      0.002      0.000 4
  10   11     -1.511     -0.053      0.000 4
  11   12     -1.509      0.212      0.000 4
  12   -2     -1.503     -1.023      0.000 4
  13   13     -1.499      1.121      0.000 4
  16   14     -1.490      0.859      0.000 4
  17   15     -1.486     -0.585      0.000 4
  18   16     -1.485      0.817      0.000 4
  20   20     -1.464      0.524      0.000 4
  22   21     -1.462     -0.849      0.000 4
  23   19     -1.460     -0.989      0.000 4
   7   32     -1.456     -1.171      0.000 4
  24   22     -1.456     -0.060      0.000 4
  25   23     -1.442      0.732      0.000 4
  28   26     -1.427      0.902      0.000 4
  27   27     -1.426     -0.501      0.000 4
  -1   29     -1.417      0.665      0.000 4
  42   -2     -1.415     -0.742      0.000 4
  30   30     -1.414     -0.205      0.000 4
  31   31     -1.401      0.848      0.000 4
  -1   38     -1.375     -0.605      0.000 4
  32   33     -1.362      0.506      0.000 4
  34   36     -1.333      1.132      0.000 4
  33   35     -1.333     -0.162      0.000 4
  38   39     -1.312      0.777      0.000 4
  39   40     -1.309      0.483      0.000 4
  40   41     -1.301     -0.468      0.000 4
  -1   42     -1.299     -0.813      0.000 4
  43   46     -1.291      0.220      0.000 4
  44   44     -1.288      0.878      0.000 4
  45   43     -1.287     -1.114      0.000 4
  -1   -2     -1.286     -0.942      0.000 4
  -1   -2     -1.281     -1.005      0.000 4
  46   47     -1.272      0.569      0.000 4
  48   48     -1.271     -0.218      0.000 4
  47   49     -1.270      0.463      0.000 4
  49   50     -1.269     -0.372      0.000 4
  50   52     -1.267      0.995      0.000 4
  51   -2     -1.263      0.778      0.000 4
  52   51     -1.263     -1.023      0.000 4
  -1   54     -1.261     -0.548      0.000 4
  53   -2     -1.255     -0.482      0.000 4
  54   55     -1.248      0.394      0.000 4
  55   57     -1.241     -0.232      0.000 4
  56   56     -1.238     -1.045      0.000 4
  41   58     -1.238     -0.812      0.000 4
  57   60     -1.233     -0.280      0.000 4
  36   59     -1.232     -0.708      0.000 4
  58   61     -1.226      1.169      0.000 4
  62   66     -1.222     -1.172      0.000 4
  61   53     -1.215      0.785      0.000 4
  60   62     -1.214      0.671      0.000 4
  63   68     -1.202     -0.596      0.000 4
  64   65     -1.199      0.346      0.000 4
  -1   -2     -1.197     -0.950      0.000 4
  65   64     -1.196     -1.019      0.000 4
  68   -2     -1.177     -0.113      0.000 4
  69   -2     -1.156     -0.517      0.000 4
  70   67     -1.155      0.914      0.000 4
  -1   -2     -1.149      1.137      0.000 4
  71   69     -1.134     -0.998      0.000 4
  72   70     -1.129      0.627      0.000 4
  73   71     -1.125     -1.033      0.000 4
  74   72     -1.122     -0.156      0.000 4
  75   73     -1.117      0.358      0.000 4
  76   74     -1.114     -0.015      0.000 4
  -1   76     -1.096     -0.040      0.000 4
  80   75     -1.094      1.164      0.000 4
  78   77     -1.094     -0.240      0.000 4
  79   78     -1.092      0.505      0.000 4
  83   80     -1.072     -0.847      0.000 4
  82   81     -1.069      0.409      0.000 4
  84   82     -1.055     -0.062      0.000 4
  86   83     -1.051      0.996      0.000 4
  85   84     -1.050      0.035      0.000 4
  87   85     -1.043      0.732      0.000 4
  89   87     -1.025     -0.481      0.000 4
  90   89     -1.023      0.141      0.000 4
  -1   86     -1.022     -1.167      0.000 4
  92   88     -1.019     -0.884      0.000 4
  93   90     -1.000     -0.979      0.000 4
  94   91     -0.998      1.106      0.000 4
  95   93     -0.993     -0.151      0.000 4
  -1   92     -0.992     -0.520      0.000 4
  99   97     -0.970     -0.660      0.000 4
  -1   96     -0.969     -1.033      0.000 4
  -1   99     -0.969     -0.100      0.000 4
 101   95     -0.969     -0.845      0.000 4
  -1  100     -0.960      1.128      0.000 4
 103  101     -0.948     -0.975      0.000 4
 102  102     -0.946     -0.457      0.000 4
 104  103     -0.931     -0.743      0.000 4
  -1  109     -0.930     -1.173      0.000 4
 105  105     -0.925      0.822      0.000 4
 106  104     -0.924     -0.797      0.000 4
 107   -2     -0.918     -1.103      0.000 4
 111  106     -0.904     -1.034      0.000 4
  -1  108     -0.899      1.128      0.000 4
  -1  115     -0.896      0.609      0.000 4
  -1   -2     -0.891     -1.169      0.000 4
 110  111     -0.886     -1.102      0.000 4
 112  112     -0.879      0.883      0.000 4
 113  113     -0.872     -0.287      0.000 4
 114  114     -0.869      0.048      0.000 4
 148   -2     -0.856      0.744      0.000 4
 115  116     -0.849     -0.773      0.000 4
 121  117     -0.844      1.055      0.000 4
 117  118     -0.844     -0.544      0.000 4
 118  120     -0.844     -0.254      0.000 4
 119  121     -0.843      0.321      0.000 4
 122  119     -0.843      0.988      0.000 4
 132   -2     -0.821      1.095      0.000 4
 138   -2     -0.821     -1.171      0.000 4
 124   -2     -0.820     -0.991      0.000 4
 129  123     -0.809      0.836      0.000 4
 128  124     -0.807     -0.400      0.000 4
 135  125     -0.799     -0.627      0.000 4
 133  128     -0.794     -0.203      0.000 4
  -1  126     -0.793      0.948      0.000 4
 134  129     -0.791      0.432      0.000 4
 137  131     -0.782      0.079      0.000 4
 139  133     -0.776      0.172      0.000 4
 140  132     -0.775     -0.470      0.000 4
  -1  134     -0.771      0.545      0.000 4
 141   -2     -0.756     -0.944      0.000 4
  -1   -2     -0.752     -1.159      0.000 4
 142  135     -0.750     -0.247      0.000 4
 144  136     -0.748     -0.029      0.000 4
 145   -2     -0.729     -0.969      0.000 4
 146  140     -0.724     -0.454      0.000 4
 147  141     -0.723      0.596      0.000 4
  -1  139     -0.723      0.816      0.000 4
 149  143     -0.720     -0.098      0.000 4
 150  142     -0.719      1.007      0.000 4
 125   -2     -0.709      1.061      0.000 4
 151  145     -0.709     -0.724      0.000 4
 155  137     -0.705     -1.014      0.000 4
 153  147     -0.704      0.003      0.000 4
  -1  148     -0.694     -1.095      0.000 4
 156  150     -0.682     -0.230      0.000 4
 157  151     -0.675      0.385      0.000 4
  -1  156     -0.670     -1.174      0.000 4
 159  154     -0.650      0.274      0.000 4
 160  153     -0.647      1.066      0.000 4
 161  155     -0.644      1.170      0.000 4
 164   -2     -0.633      0.146      0.000 4
  -1   -2     -0.630      0.066      0.000 4
 163  157     -0.628     -0.134      0.000 4
 165  158     -0.622     -0.958      0.000 4
 166  159     -0.617      0.424      0.000 4
  -1  160     -0.610      0.944      0.000 4
 168  162     -0.604     -0.583      0.000 4
 169  161     -0.603     -1.033      0.000 4
 170  165     -0.596     -0.221      0.000 4
 171  166     -0.587     -0.187      0.000 4
 173  167     -0.581     -0.921      0.000 4
 174  169     -0.579     -0.414      0.000 4
 167   -2     -0.576      0.837      0.000 4
 162   -2     -0.570     -0.745      0.000 4
 175  171     -0.569      0.619      0.000 4
 176  172     -0.560      0.416      0.000 4
 181   -2     -0.546     -1.160      0.000 4
 177  173     -0.545     -0.489      0.000 4
 178  179     -0.545     -0.653      0.000 4
 179  174     -0.539      0.591      0.000 4
 180   -2     -0.537      1.048      0.000 4
 182  177     -0.522      0.244      0.000 4
 183  178     -0.506     -0.536      0.000 4
 184   -2     -0.504     -0.706      0.000 4
 186  182     -0.480     -0.125      0.000 4
 187  181     -0.477     -0.814      0.000 4
 188  183     -0.474     -0.597      0.000 4
 185  180     -0.471     -1.172      0.000 4
  -1  175     -0.470      1.157      0.000 4
 189  184     -0.468     -0.438      0.000 4
 190  185     -0.466      0.698      0.000 4
 192  187     -0.458      0.322      0.000 4
 193  189     -0.440      0.798      0.000 4
 194  190     -0.438      0.107      0.000 4
 195  191     -0.436      0.621      0.000 4
 197  193     -0.431      0.865      0.000 4
 196  192     -0.430      1.027      0.000 4
 198  195     -0.420     -0.280      0.000 4
 199  194     -0.419     -0.796      0.000 4
 200  196     -0.415      0.257      0.000 4
 203  197     -0.395     -0.576      0.000 4
  -1  198     -0.387      0.599      0.000 4
 204   -2     -0.379      0.567      0.000 4
 205  199     -0.359     -0.498      0.000 4
 206  200     -0.358     -0.736      0.000 4
 207  202     -0.353      0.073      0.000 4
  -1  207     -0.353     -0.068      0.000 4
 202   -2     -0.347     -1.166      0.000 4
 201   -2     -0.342     -1.038      0.000 4
 210  203     -0.341      1.027      0.000 4
 209  204     -0.340      0.527      0.000 4
 211  205     -0.329     -0.778      0.000 4
  -1   -2     -0.313      1.123      0.000 4
  -1  206     -0.297      0.774      0.000 4
 212   -2     -0.291     -0.105      0.000 4
 214  209     -0.278     -0.847      0.000 4
 215  210     -0.273      0.280      0.000 4
  -1  218     -0.267     -1.036      0.000 4
 218  223     -0.263      1.173      0.000 4
  -1  211     -0.263      0.352      0.000 4
  -1  212     -0.260     -0.035      0.000 4
 220   -2     -0.249     -0.960      0.000 4
 219  214     -0.249     -0.448      0.000 4
 222  213     -0.240      0.243      0.000 4
  -1  225     -0.240     -0.911      0.000 4
 213  221     -0.239     -1.160      0.000 4
 238   -2     -0.233     -0.548      0.000 4
  -1   -2     -0.230      1.110      0.000 4
 224  217     -0.230      0.444      0.000 4
 225   -2     -0.229     -1.093      0.000 4
 227  219     -0.220      0.173      0.000 4
 228  220     -0.211     -0.084      0.000 4
 230  233     -0.208      0.901      0.000 4
 229  226     -0.207     -0.465      0.000 4
 232  222     -0.199     -1.062      0.000 4
 233  224     -0.186      0.981      0.000 4
 235   -2     -0.181     -0.938      0.000 4
 234  227     -0.181      0.254      0.000 4
 236  228     -0.179     -0.198      0.000 4
 237   -2     -0.166      0.489      0.000 4
 240  229     -0.161     -0.750      0.000 4
 239   -2     -0.160     -0.415      0.000 4
 217  246     -0.156      0.019      0.000 4
 242  232     -0.147      0.412      0.000 4
  -1   -2     -0.147      0.900      0.000 4
 245  234     -0.143     -1.116      0.000 4
  -1   -2     -0.141     -0.275      0.000 4
 246  235     -0.123      0.982      0.000 4
 244  236     -0.122     -0.255      0.000 4
 247  238     -0.108     -1.142      0.000 4
  -1  239     -0.103      0.829      0.000 4
 249  240     -0.100     -0.063      0.000 4
  -1   -2     -0.096     -0.801      0.000 4
 250  241     -0.096     -0.317      0.000 4
  -1   -2     -0.095     -0.293      0.000 4
 251  242     -0.086      0.228      0.000 4
  -1  237     -0.081     -1.172      0.000 4
 252  243     -0.080     -1.055      0.000 4
 253  244     -0.075      0.927      0.000 4
 254  245     -0.069      0.394      0.000 4
  -1   -2     -0.067     -0.477      0.000 4
 255   -2     -0.066      0.056      0.000 4
 256   -2     -0.055      0.263      0.000 4
  -1  247     -0.048     -0.233      0.000 4
 257  248     -0.045      0.875      0.000 4
 264   -2     -0.040     -1.040      0.000 4
 263  249     -0.023      0.899      0.000 4
 260  251     -0.023      0.397      0.000 4
 276  231     -0.023     -0.006      0.000 4
 262  250     -0.023      0.863      0.000 4
 261  252     -0.022      0.239      0.000 4
 259  253     -0.020     -0.055      0.000 4
  -1  255     -0.015     -1.109      0.000 4
 268  254     -0.012      0.681      0.000 4
 269  256      0.026      0.445      0.000 4
  -1   -2      0.030     -1.112      0.000 4
  -1   -2      0.035      1.112      0.000 4
 266   -2      0.037     -1.169      0.000 4
 270  257      0.040      1.057      0.000 4
 271  258      0.044      0.621      0.000 4
 272  260      0.051      0.107      0.000 4
  -1   -2      0.051     -1.059      0.000 4
 273  261      0.053     -0.622      0.000 4
 275  263      0.053     -0.763      0.000 4
 274  262      0.053      0.542      0.000 4
 290   -2      0.058     -0.948      0.000 4
  -1   -2      0.060      0.837      0.000 4
  -1  264      0.063     -0.307      0.000 4
 277  265      0.072      0.311      0.000 4
 278  266      0.073     -1.111      0.000 4
 280  259      0.086     -1.169      0.000 4
 282  268      0.095      0.809      0.000 4
 283  269      0.096     -0.159      0.000 4
 285  270      0.104     -0.991      0.000 4
  -1   -2      0.105      0.863      0.000 4
 286  271      0.118     -0.363      0.000 4
 287  272      0.118     -0.287      0.000 4
  -1   -2      0.122     -1.166      0.000 4
 288  273      0.131      1.075      0.000 4
 284  284      0.135     -1.071      0.000 4
 292   -2      0.136     -0.947      0.000 4
  -1   -2      0.139     -0.426      0.000 4
 291  277      0.141      0.580      0.000 4
 293  279      0.173      0.728      0.000 4
 294  280      0.175      0.255      0.000 4
  -1  281      0.178     -0.445      0.000 4
  -1  286      0.185     -0.883      0.000 4
 295  282      0.194     -0.274      0.000 4
 310  274      0.202     -1.095      0.000 4
 297  285      0.212     -0.708      0.000 4
  -1   -2      0.223     -1.004      0.000 4
 298  287      0.223      0.916      0.000 4
 306  288      0.226      0.043      0.000 4
 300  289      0.230     -0.597      0.000 4
 302  291      0.236      0.667      0.000 4
 303  292      0.240      0.382      0.000 4
 305  293      0.255     -0.073      0.000 4
 307   -2      0.266     -0.621      0.000 4
 308  296      0.271     -1.073      0.000 4
 309  297      0.281     -0.221      0.000 4
  -1   -2      0.284     -1.158      0.000 4
 311   -2      0.292      1.074      0.000 4
 312  295      0.298     -0.580      0.000 4
 313  299      0.299      0.673      0.000 4
  -1   -2      0.300      0.109      0.000 4
 314   -2      0.308     -0.728      0.000 4
 315  300      0.308      0.857      0.000 4
  -1   -2      0.310      0.995      0.000 4
 317  301      0.319      0.791      0.000 4
 318  302      0.324      0.179      0.000 4
 329  298      0.342     -1.173      0.000 4
 319  304      0.344     -1.058      0.000 4
 320  305      0.348      1.162      0.000 4
 322  306      0.359     -0.911      0.000 4
 323  310      0.365     -0.234      0.000 4
 328  307      0.374     -0.978      0.000 4
 327  308      0.374     -0.113      0.000 4
  -1  313      0.385      0.052      0.000 4
 331  315      0.389      0.723      0.000 4
  -1   -2      0.404     -0.725      0.000 4
 334  316      0.408     -0.575      0.000 4
 336  318      0.417     -0.262      0.000 4
 337  319      0.421     -0.869      0.000 4
 338  320      0.436     -1.127      0.000 4
 339  321      0.439      0.820      0.000 4
  -1  322      0.440     -0.966      0.000 4
 340  323      0.449     -0.659      0.000 4
 342  325      0.461     -1.176      0.000 4
 343  324      0.462     -0.272      0.000 4
 344   -2      0.464      0.619      0.000 4
 345  327      0.467     -0.314      0.000 4
 346  326      0.468      0.050      0.000 4
 348  328      0.479      1.090      0.000 4
 349  329      0.480     -0.480      0.000 4
 350  331      0.489      0.919      0.000 4
 351  334      0.491     -0.599      0.000 4
 359   -2      0.495      0.209      0.000 4
 353  336      0.503     -1.162      0.000 4
 354   -2      0.504      0.742      0.000 4
 355  335      0.506      0.123      0.000 4
 356   -2      0.510      0.625      0.000 4
 357  337      0.512     -0.428      0.000 4
 358   -2      0.516      0.661      0.000 4
 360  339      0.521      1.162      0.000 4
 361  338      0.522      0.814      0.000 4
 366   -2      0.535     -1.077      0.000 4
 362  340      0.539     -0.608      0.000 4
 330  375      0.546      0.006      0.000 4
 363  342      0.546     -0.305      0.000 4
 365  363      0.554      1.020      0.000 4
 367  347      0.564     -0.718      0.000 4
  -1  345      0.567      1.107      0.000 4
  -1  346      0.572     -0.471      0.000 4
  -1   -2      0.578     -0.750      0.000 4
  -1   -2      0.585     -0.785      0.000 4
 368  348      0.588      1.154      0.000 4
 369  359      0.592      0.525      0.000 4
 371  349      0.598      0.437      0.000 4
 370  350      0.598      0.390      0.000 4
  -1  356      0.601     -1.135      0.000 4
 374  352      0.604     -0.261      0.000 4
 373  351      0.605      0.223      0.000 4
 375  353      0.610      0.654      0.000 4
  -1  354      0.612      0.151      0.000 4
 378   -2      0.615     -1.165      0.000 4
 372   -2      0.617     -1.053      0.000 4
 377  355      0.619     -0.020      0.000 4
 376  357      0.619     -0.988      0.000 4
  -1  358      0.622     -0.841      0.000 4
 380   -2      0.626      1.096      0.000 4
 379  361      0.635     -0.446      0.000 4
 381  362      0.640      0.548      0.000 4
 382   -2      0.641      0.253      0.000 4
  -1   -2      0.655     -0.749      0.000 4
  -1  373      0.664     -1.017      0.000 4
 383  366      0.665     -0.613      0.000 4
 384  367      0.674      0.785      0.000 4
 385  368      0.676     -0.709      0.000 4
  -1  379      0.677     -0.344      0.000 4
  -1  365      0.684      0.514      0.000 4
 388  369      0.686     -0.915      0.000 4
 389  370      0.694      0.671      0.000 4
 390  371      0.696     -1.172      0.000 4
 392  372      0.706     -0.569      0.000 4
  -1   -2      0.722     -1.079      0.000 4
 391   -2      0.727     -0.037      0.000 4
 393  376      0.728     -0.989      0.000 4
 396  377      0.744     -0.766      0.000 4
 398  378      0.750      0.605      0.000 4
 397  380      0.755     -1.038      0.000 4
 400   -2      0.755     -0.333      0.000 4
 401  381      0.762      0.363      0.000 4
 402  382      0.764      0.394      0.000 4
 404  384      0.771     -0.411      0.000 4
  -1  383      0.772      0.950      0.000 4
  -1   -2      0.775      0.054      0.000 4
 407  385      0.777      0.719      0.000 4
 406  386      0.788     -0.623      0.000 4
 411   -2      0.800      0.530      0.000 4
 412  387      0.800      0.651      0.000 4
 409  388      0.802     -0.978      0.000 4
 413  389      0.803     -0.142      0.000 4
 414  390      0.812      0.864      0.000 4
 416  392      0.817      0.963      0.000 4
 417  393      0.822     -1.093      0.000 4
  -1   -2      0.826     -1.165      0.000 4
 420  394      0.833      0.359      0.000 4
 418  395      0.834     -0.767      0.000 4
 419  396      0.837     -1.036      0.000 4
 421  397      0.842     -0.591      0.000 4
 422  398      0.852     -0.338      0.000 4
 423  399      0.859     -0.845      0.000 4
 425   -2      0.864     -1.125      0.000 4
  -1   -2      0.868     -0.068      0.000 4
 426  402      0.880     -0.024      0.000 4
 427   -2      0.887      1.053      0.000 4
 428  404      0.893     -0.776      0.000 4
 430  405      0.908      1.152      0.000 4
  -1  403      0.915      1.053      0.000 4
  -1  416      0.923     -0.085      0.000 4
 432  408      0.936      0.185      0.000 4
  -1  409      0.940      0.751      0.000 4
 433  407      0.943      0.674      0.000 4
 434  410      0.947     -0.608      0.000 4
  -1  401      0.949     -1.162      0.000 4
 436   -2      0.955     -0.664      0.000 4
 435  412      0.956     -0.819      0.000 4
 437  413      0.962      1.031      0.000 4
 431  425      0.966     -0.895      0.000 4
 438  414      0.970      0.920      0.000 4
  -1   -2      0.975     -0.043      0.000 4
  -1   -2      0.977     -0.103      0.000 4
 449   -2      0.979      0.957      0.000 4
 440  418      0.980      0.748      0.000 4
 441  417      0.981      0.508      0.000 4
 442  419      0.996      0.296      0.000 4
 443  420      0.998      0.255      0.000 4
 444  422      1.017     -0.478      0.000 4
 445  423      1.018     -0.572      0.000 4
 446  424      1.030     -0.072      0.000 4
 447   -2      1.035     -0.887      0.000 4
 462  411      1.039     -0.289      0.000 4
 439   -2      1.061      0.042      0.000 4
 451  429      1.075      0.656      0.000 4
 452  430      1.081     -1.174      0.000 4
 454  431      1.091      0.606      0.000 4
 453  432      1.093     -0.665      0.000 4
 455   -2      1.098     -0.230      0.000 4
 457  433      1.100      0.559      0.000 4
 456  435      1.101     -1.079      0.000 4
 458  434      1.103      0.105      0.000 4
 460  436      1.111     -0.270      0.000 4
  -1   -2      1.119      0.432      0.000 4
 463  438      1.129      0.351      0.000 4
 464   -2      1.136     -0.030      0.000 4
  -1   -2      1.139     -1.175      0.000 4
 466   -2      1.148     -0.213      0.000 4
 465  440      1.150     -0.755      0.000 4
 469  441      1.160     -0.995      0.000 4
  -1   -2      1.163     -0.953      0.000 4
 470  442      1.167      0.175      0.000 4
  -1  444      1.171     -0.414      0.000 4
 471  443      1.171     -0.906      0.000 4
 472  445      1.176      0.922      0.000 4
  -1  446      1.188      0.323      0.000 4
 473  447      1.191      0.466      0.000 4
 468  448      1.198      1.006      0.000 4
 475   -2      1.200     -1.145      0.000 4
 476  449      1.211     -0.101      0.000 4
  -1  450      1.212      0.401      0.000 4
 477  451      1.216      0.802      0.000 4
  -1  439      1.216     -0.498      0.000 4
 478  452      1.223     -0.684      0.000 4
  -1  453      1.226     -1.072      0.000 4
 479  454      1.231      0.632      0.000 4
 483  455      1.257     -0.077      0.000 4
  -1   -2      1.266     -1.032      0.000 4
 484  457      1.280      0.978      0.000 4
 488   -2      1.281     -0.690      0.000 4
 482   -2      1.282     -1.172      0.000 4
 487   -2      1.291     -0.060      0.000 4
 485  459      1.293     -0.655      0.000 4
 486  458      1.293     -0.959      0.000 4
 492  462      1.299      0.212      0.000 4
  -1  460      1.300     -1.153      0.000 4
 491  463      1.304      0.037      0.000 4
  -1   -2      1.314      0.881      0.000 4
 493  465      1.315     -0.517      0.000 4
 500  466      1.323      1.042      0.000 4
 495  467      1.336     -0.684      0.000 4
  -1  469      1.367     -0.669      0.000 4
 498  470      1.368     -0.763      0.000 4
 496  471      1.369     -1.146      0.000 4
 504  464      1.372     -0.167      0.000 4
 501  475      1.415     -1.169      0.000 4
  -1  478      1.420      0.596      0.000 4
 502   -2      1.449      0.190      0.000 4
 505  477      1.462      0.418      0.000 4
 506  479      1.465     -0.684      0.000 4
 508  480      1.474     -0.537      0.000 4
 509  481      1.476     -0.611      0.000 4
 519   -2      1.484     -1.078      0.000 4
 510  482      1.486     -0.418      0.000 4
 514   -2      1.496     -1.161      0.000 4
 511  486      1.504      0.489      0.000 4
 512  484      1.507     -0.998      0.000 4
  -1  485      1.527     -1.176      0.000 4
 515  487      1.527      0.150      0.000 4
 517  491      1.565      0.246      0.000 4
  -1  490      1.567     -1.174      0.000 4
 518  493      1.568     -0.456      0.000 4
 520  495      1.574     -0.377      0.000 4
