521
   1   -2     -1.572     -0.026      0.000 4
  -1    0     -1.568     -0.157      0.000 4
   2    1     -1.568      0.860      0.000 4
  -1   -2     -1.566     -1.131      0.000 4
  -1   15     -1.566     -1.014      0.000 4
   3    3     -1.563      0.262      0.000 4
  -1    2     -1.562     -0.061      0.000 4
   5    4     -1.550     -0.234      0.000 4
   6   -2     -1.534     -1.061      0.000 4
  -1   -2     -1.524      1.068      0.000 4
  -1   10     -1.519      0.641      0.000 4
  -1   -2     -1.516     -1.041      0.000 4
   9    6     -1.513      0.222      0.000 4
  10    7     -1.509      0.325      0.000 4
  11    8     -1.498      0.279      0.000 4
  12    9     -1.497      0.527      0.000 4
  13   -2     -1.490      0.657      0.000 4
   0   11     -1.488     -0.737      0.000 4
  14   14     -1.488      0.411      0.000 4
  15   12     -1.487     -0.290      0.000 4
  16    5     -1.485      0.863      0.000 4
   8   -2     -1.478     -0.979      0.000 4
   4   -2     -1.474     -0.383      0.000 4
  17   17     -1.467      0.157      0.000 4
  18   16     -1.466      1.011      0.000 4
  19   18     -1.449     -0.977      0.000 4
  20   19     -1.447     -0.604      0.000 4
  21   20     -1.441      0.486      0.000 4
  23   23     -1.433      0.344      0.000 4
  24   22     -1.431     -0.342      0.000 4
  27   -2     -1.418     -0.710      0.000 4
  26   -2     -1.417      0.709      0.000 4
  28   25     -1.411      0.137      0.000 4
  -1   26     -1.404      0.758      0.000 4
  29   27     -1.393     -0.381      0.000 4
  30   28     -1.393      0.286      0.000 4
  33   24     -1.387     -1.156      0.000 4
  31   29     -1.382      0.639      0.000 4
  -1   30     -1.377     -0.852      0.000 4
  34   33     -1.368      1.112      0.000 4
  32   31     -1.362      0.057      0.000 4
  35   34     -1.362      0.607      0.000 4
  37   35     -1.358     -0.893      0.000 4
  38   36     -1.348     -1.035      0.000 4
  -1   37     -1.334      1.023      0.000 4
  39   40     -1.328     -0.005      0.000 4
  41   41     -1.324      0.924      0.000 4
  42   -2     -1.322      1.080      0.000 4
  43   43     -1.313      0.169      0.000 4
  44   44     -1.303     -0.970      0.000 4
  45   -2     -1.302     -0.815      0.000 4
  46   47     -1.293     -0.334      0.000 4
  47   49     -1.286      0.553      0.000 4
  -1   45     -1.286     -0.840      0.000 4
  51   -2     -1.284      0.658      0.000 4
  49   50     -1.270     -0.981      0.000 4
  53   52     -1.262     -0.626      0.000 4
  54   54     -1.247     -0.522      0.000 4
  55   55     -1.242      0.994      0.000 4
  56   57     -1.233     -0.834      0.000 4
  -1   63     -1.226     -1.175      0.000 4
  59   60     -1.205     -0.123      0.000 4
  60   58     -1.204      0.826      0.000 4
  62   59     -1.199     -1.123      0.000 4
  65   64     -1.175      0.724      0.000 4
  67   65     -1.168     -0.866      0.000 4
  66   -2     -1.167     -1.170      0.000 4
  68   66     -1.165     -0.830      0.000 4
  69   67     -1.164      1.037      0.000 4
  71   -2     -1.158      0.997      0.000 4
  63   -2     -1.158      0.631      0.000 4
  -1   -2     -1.151     -0.561      0.000 4
  72   70     -1.143     -1.004      0.000 4
  74   71     -1.141     -1.099      0.000 4
  73   72     -1.135     -0.348      0.000 4
  75   73     -1.129      0.401      0.000 4
  76   74     -1.116      1.040      0.000 4
  -1   77     -1.107      0.649      0.000 4
  78   76     -1.105     -1.020      0.000 4
  79   75     -1.104     -1.060      0.000 4
  88   62     -1.102     -1.108      0.000 4
  80   78     -1.091     -0.104      0.000 4
  81   79     -1.088     -0.372      0.000 4
  84   80     -1.067     -0.282      0.000 4
  85   81     -1.061      0.396      0.000 4
  86   82     -1.058      0.800      0.000 4
  89   84     -1.041      0.477      0.000 4
  -1   -2     -1.039     -0.727      0.000 4
  90   85     -1.032     -1.056      0.000 4
  91   87     -1.024     -0.160      0.000 4
  93   88     -1.018     -0.861      0.000 4
  92   89     -1.016      0.579      0.000 4
  94   90     -1.013      0.388      0.000 4
  95   91     -1.009      0.192      0.000 4
  -1   92     -1.003     -0.775      0.000 4
  98   94     -0.997     -0.214      0.000 4
  99   93     -0.996      1.026      0.000 4
 100   95     -0.993      0.910      0.000 4
  97   96     -0.993     -0.431      0.000 4
  -1  104     -0.985     -0.996      0.000 4
 103   99     -0.973     -1.105      0.000 4
 102  101     -0.972      0.338      0.000 4
 104  100     -0.968      1.055      0.000 4
  -1  102     -0.966      0.621      0.000 4
 105  105     -0.951      0.777      0.000 4
 101  106     -0.941     -0.936      0.000 4
  -1  108     -0.937      1.123      0.000 4
 107  109     -0.912      0.569      0.000 4
 109   -2     -0.909      1.083      0.000 4
 108  110     -0.907      0.305      0.000 4
 111   -2     -0.895     -0.089      0.000 4
 115  111     -0.868      0.690      0.000 4
 116  112     -0.864     -0.741      0.000 4
 117  114     -0.856     -0.613      0.000 4
 118  115     -0.846     -0.693      0.000 4
 119  117     -0.841     -0.136      0.000 4
 120  116     -0.839     -0.442      0.000 4
 114  122     -0.839     -1.168      0.000 4
  -1  118     -0.831     -0.215      0.000 4
 125  123     -0.822     -0.054      0.000 4
 124  119     -0.822      1.089      0.000 4
 121  120     -0.821      0.330      0.000 4
 126  124     -0.812     -0.010      0.000 4
 113  136     -0.807     -1.098      0.000 4
  -1  125     -0.806      0.445      0.000 4
 129  128     -0.791      0.258      0.000 4
 130  126     -0.790      0.815      0.000 4
 131  127     -0.787      0.992      0.000 4
 135  130     -0.785     -0.799      0.000 4
 136   -2     -0.784     -1.029      0.000 4
 127  140     -0.783      0.396      0.000 4
 133  133     -0.780      0.312      0.000 4
 137  131     -0.779     -0.753      0.000 4
  -1  134     -0.778     -0.041      0.000 4
 138  135     -0.774      0.886      0.000 4
 128   -2     -0.765     -0.233      0.000 4
  -1   -2     -0.764     -0.021      0.000 4
 122  148     -0.755     -0.930      0.000 4
 142  138     -0.753     -0.059      0.000 4
 145  139     -0.750     -0.448      0.000 4
 144   -2     -0.747      0.382      0.000 4
 146  143     -0.739      0.035      0.000 4
 148  137     -0.738     -0.963      0.000 4
 155  129     -0.735     -1.010      0.000 4
 149  144     -0.724      0.981      0.000 4
 151  146     -0.708      0.139      0.000 4
 152  147     -0.706     -0.151      0.000 4
 153  145     -0.703      1.112      0.000 4
 154   -2     -0.692     -0.487      0.000 4
 156  149     -0.687      0.874      0.000 4
 158  150     -0.683      1.063      0.000 4
 157  151     -0.681     -0.556      0.000 4
 159  153     -0.680     -0.688      0.000 4
  -1  152     -0.679      1.007      0.000 4
 161  155     -0.675     -0.105      0.000 4
 160  154     -0.674      0.732      0.000 4
 140   -2     -0.660     -0.276      0.000 4
  -1  161     -0.646     -0.569      0.000 4
  -1  159     -0.645     -1.076      0.000 4
 163  160     -0.643      1.146      0.000 4
  -1   -2     -0.641      0.216      0.000 4
 164  156     -0.635     -1.117      0.000 4
 167  162     -0.625     -1.004      0.000 4
 166  166     -0.620     -0.309      0.000 4
 168  164     -0.618     -0.766      0.000 4
 179   -2     -0.617      1.073      0.000 4
 171   -2     -0.603     -0.548      0.000 4
 172  167     -0.601      0.890      0.000 4
 173  168     -0.595     -0.433      0.000 4
 174  169     -0.588     -0.513      0.000 4
 182  163     -0.587     -1.108      0.000 4
 175  170     -0.586     -0.283      0.000 4
 177  172     -0.570      0.409      0.000 4
 178  174     -0.564      0.042      0.000 4
  -1  175     -0.557     -0.980      0.000 4
 180  177     -0.550      0.348      0.000 4
 181  179     -0.548     -1.168      0.000 4
 183  180     -0.535     -0.516      0.000 4
 184  182     -0.529     -0.237      0.000 4
 185  181     -0.529      0.266      0.000 4
 170  205     -0.526      0.481      0.000 4
 188  185     -0.520      0.677      0.000 4
 191  188     -0.483      0.079      0.000 4
 192  189     -0.480      0.186      0.000 4
 193  187     -0.480      0.976      0.000 4
 190  190     -0.471     -0.681      0.000 4
 194  192     -0.463     -1.166      0.000 4
 196  191     -0.462     -0.050      0.000 4
 197  193     -0.445     -0.132      0.000 4
  -1   -2     -0.442     -0.773      0.000 4
 200  194     -0.439     -0.953      0.000 4
 199  195     -0.436     -0.290      0.000 4
 202  198     -0.422     -0.843      0.000 4
 201  199     -0.420      0.448      0.000 4
 203  200     -0.399      0.755      0.000 4
 206   -2     -0.393      1.075      0.000 4
 205  203     -0.391      0.637      0.000 4
  -1   -2     -0.388     -0.360      0.000 4
 207  204     -0.387     -0.610      0.000 4
 222  184     -0.385      0.518      0.000 4
 208  206     -0.382      0.324      0.000 4
 210  207     -0.377     -0.964      0.000 4
 209  208     -0.374     -0.186      0.000 4
 211  209     -0.371     -0.673      0.000 4
 214  197     -0.369     -1.170      0.000 4
 212  210     -0.368      1.068      0.000 4
 213  211     -0.367      0.731      0.000 4
  -1  212     -0.361     -0.294      0.000 4
 216  196     -0.354     -1.078      0.000 4
 217  214     -0.352      0.994      0.000 4
 215  215     -0.352     -0.257      0.000 4
  -1   -2     -0.347      0.680      0.000 4
 218  216     -0.340      0.879      0.000 4
  -1  217     -0.339     -0.674      0.000 4
 220  218     -0.310     -0.581      0.000 4
 221  219     -0.302     -0.936      0.000 4
  -1   -2     -0.297     -0.846      0.000 4
 223  220     -0.294      0.803      0.000 4
 224  221     -0.290     -0.988      0.000 4
  -1   -2     -0.289     -0.756      0.000 4
 226  222     -0.287      0.309      0.000 4
 228  224     -0.270      0.282      0.000 4
 227  223     -0.270     -0.481      0.000 4
 229  225     -0.269     -1.167      0.000 4
 230  226     -0.265     -1.076      0.000 4
 231  240     -0.259     -0.195      0.000 4
 232  228     -0.247      0.418      0.000 4
 233  230     -0.237     -0.407      0.000 4
 234  229     -0.237     -0.686      0.000 4
 236  232     -0.226     -1.093      0.000 4
 237  233     -0.216      0.123      0.000 4
 240   -2     -0.207      0.334      0.000 4
  -1  238     -0.207     -1.051      0.000 4
 239  236     -0.199      0.715      0.000 4
 219   -2     -0.198      0.543      0.000 4
  -1   -2     -0.183     -0.236      0.000 4
 241   -2     -0.155      0.070      0.000 4
 243  242     -0.148     -0.780      0.000 4
  -1  245     -0.147     -1.118      0.000 4
 244  243     -0.146     -0.270      0.000 4
 246  246     -0.137     -0.661      0.000 4
 247  247     -0.131     -1.028      0.000 4
 248  248     -0.122     -0.194      0.000 4
 249  249     -0.116      0.487      0.000 4
 250  250     -0.114      0.382      0.000 4
 252  251     -0.105      0.624      0.000 4
 253  252     -0.097     -0.087      0.000 4
 254  254     -0.090      0.328      0.000 4
 255  255     -0.087      1.143      0.000 4
 260   -2     -0.083     -0.660      0.000 4
 256  256     -0.079     -1.097      0.000 4
 257  259     -0.068      0.225      0.000 4
 258   -2     -0.067     -0.167      0.000 4
 251  257     -0.064     -1.168      0.000 4
 261  263     -0.051     -0.336      0.000 4
 262  264     -0.050      0.350      0.000 4
 264  265     -0.045      0.588      0.000 4
 265  266     -0.028     -0.013      0.000 4
  -1   -2     -0.023     -1.015      0.000 4
 269   -2     -0.017     -0.429      0.000 4
  -1  268      0.007      0.571      0.000 4
 271  270      0.012      0.312      0.000 4
 272  269      0.012      0.982      0.000 4
 273  271      0.020      0.859      0.000 4
 274  272      0.028      0.369      0.000 4
 276  273      0.030     -1.120      0.000 4
  -1  274      0.031      0.041      0.000 4
  -1  260      0.038     -0.244      0.000 4
 277  275      0.039      0.577      0.000 4
  -1  276      0.047     -0.914      0.000 4
  -1  297      0.048     -0.703      0.000 4
 278  277      0.052      0.331      0.000 4
 280  278      0.061      0.906      0.000 4
 296   -2      0.064      0.655      0.000 4
 279  279      0.064     -1.082      0.000 4
  -1   -2      0.065     -0.307      0.000 4
 283  282      0.077     -0.924      0.000 4
 286   -2      0.097     -0.719      0.000 4
 287  283      0.097      0.146      0.000 4
  -1  293      0.104     -0.527      0.000 4
 289  284      0.106      0.450      0.000 4
 285  292      0.106     -0.973      0.000 4
  -1  285      0.106     -1.165      0.000 4
 290  286      0.109      0.101      0.000 4
 275   -2      0.112     -0.062      0.000 4
  -1   -2      0.114     -0.170      0.000 4
  -1  287      0.124      0.400      0.000 4
 282  304      0.135      0.851      0.000 4
 294   -2      0.137     -0.949      0.000 4
 297  296      0.145     -0.597      0.000 4
 298   -2      0.150     -0.487      0.000 4
 299  295      0.151      1.047      0.000 4
 300   -2      0.158     -0.679      0.000 4
  -1  298      0.165     -0.266      0.000 4
 301  299      0.175      0.362      0.000 4
  -1  300      0.187     -0.698      0.000 4
 302  305      0.200     -1.173      0.000 4
 292   -2      0.200      0.965      0.000 4
 304  306      0.211      0.559      0.000 4
 306  307      0.213     -1.013      0.000 4
 305  308      0.213      0.021      0.000 4
  -1  310      0.227     -0.885      0.000 4
 307  311      0.237     -0.158      0.000 4
 308  312      0.250      0.966      0.000 4
 309  314      0.259     -0.378      0.000 4
 310  315      0.259     -0.902      0.000 4
 311  316      0.267      0.728      0.000 4
 312  317      0.272      1.114      0.000 4
  -1  318      0.272      0.240      0.000 4
  -1   -2      0.275     -0.236      0.000 4
  -1   -2      0.284     -0.848      0.000 4
  -1   -2      0.295      0.582      0.000 4
 316  322      0.302     -1.014      0.000 4
 318  324      0.314      0.049      0.000 4
 324  328      0.315     -1.170      0.000 4
 319  326      0.317     -0.203      0.000 4
 321  327      0.318     -0.404      0.000 4
 322  329      0.325      1.022      0.000 4
 323   -2      0.332     -0.600      0.000 4
  -1  331      0.354     -0.412      0.000 4
 328  332      0.370      0.050      0.000 4
 329  333      0.373     -0.810      0.000 4
 331  335      0.380      0.291      0.000 4
 333  337      0.389     -0.414      0.000 4
 334  338      0.392      0.163      0.000 4
 335  339      0.397     -0.466      0.000 4
  -1  356      0.411      0.885      0.000 4
  -1   -2      0.417      0.926      0.000 4
 336  341      0.419     -0.889      0.000 4
 337  343      0.422     -1.118      0.000 4
 338  342      0.423     -0.005      0.000 4
 332  357      0.433     -0.930      0.000 4
  -1  350      0.436     -1.175      0.000 4
  -1  346      0.441     -0.608      0.000 4
 341   -2      0.448     -0.562      0.000 4
 344  348      0.457     -0.435      0.000 4
  -1  349      0.460      0.740      0.000 4
  -1   -2      0.462      0.011      0.000 4
 348  347      0.462      0.317      0.000 4
 349  352      0.477     -0.034      0.000 4
 351  353      0.486     -1.113      0.000 4
 352  355      0.489     -0.797      0.000 4
 343   -2      0.490      0.680      0.000 4
  -1  363      0.490     -1.153      0.000 4
  -1  358      0.491     -0.357      0.000 4
 354   -2      0.494      0.902      0.000 4
 353  359      0.494      0.436      0.000 4
 356  361      0.499      0.764      0.000 4
 358  360      0.501     -0.627      0.000 4
 357  362      0.503     -0.964      0.000 4
 359  364      0.521      0.326      0.000 4
 350   -2      0.528      0.822      0.000 4
 360  366      0.539     -0.913      0.000 4
 361  367      0.543     -0.577      0.000 4
 362  368      0.555     -0.045      0.000 4
  -1   -2      0.560     -0.958      0.000 4
 364  369      0.560     -0.438      0.000 4
 365  370      0.563      0.908      0.000 4
  -1  371      0.568      0.506      0.000 4
 367  373      0.574      1.039      0.000 4
 368  372      0.575      0.543      0.000 4
  -1   -2      0.586     -0.894      0.000 4
 370  375      0.595      0.814      0.000 4
 371  376      0.599     -0.745      0.000 4
 373  374      0.603      0.333      0.000 4
 372  377      0.604     -0.990      0.000 4
  -1  380      0.615     -0.634      0.000 4
 374  378      0.619      0.558      0.000 4
 376  379      0.623      0.490      0.000 4
 375   -2      0.624     -0.682      0.000 4
  -1  381      0.627     -0.162      0.000 4
 377  382      0.627     -0.838      0.000 4
 378   -2      0.627     -1.069      0.000 4
 386  383      0.639     -1.153      0.000 4
 380  384      0.644      0.938      0.000 4
 381  385      0.645      0.856      0.000 4
  -1  387      0.649     -0.185      0.000 4
 387  386      0.650     -0.475      0.000 4
 395  389      0.682     -1.030      0.000 4
  -1   -2      0.697     -0.648      0.000 4
 388  392      0.702     -0.859      0.000 4
 389  390      0.702     -0.449      0.000 4
 391  391      0.705      0.255      0.000 4
 390  393      0.706     -0.376      0.000 4
 384   -2      0.709     -0.063      0.000 4
 393   -2      0.713      0.295      0.000 4
 392  394      0.713     -0.698      0.000 4
 394  395      0.720      1.079      0.000 4
  -1   -2      0.725     -0.992      0.000 4
 397  398      0.738     -1.076      0.000 4
 399  399      0.750      0.391      0.000 4
 401  400      0.752      0.340      0.000 4
 400  402      0.753     -0.641      0.000 4
  -1  405      0.754     -0.143      0.000 4
  -1  396      0.760      1.171      0.000 4
 402  403      0.763      0.639      0.000 4
  -1  404      0.764     -0.075      0.000 4
  -1  415      0.785     -0.817      0.000 4
 405  407      0.790      0.916      0.000 4
  -1  401      0.792     -0.465      0.000 4
 406  409      0.807     -0.038      0.000 4
 408  410      0.820      0.094      0.000 4
 407  413      0.823     -1.136      0.000 4
 396  428      0.826     -0.875      0.000 4
 410  411      0.826      0.899      0.000 4
  -1  412      0.828     -0.544      0.000 4
 403   -2      0.838      1.067      0.000 4
 411   -2      0.843     -0.794      0.000 4
  -1   -2      0.844      0.622      0.000 4
 417  419      0.845     -0.202      0.000 4
 414   -2      0.851     -1.066      0.000 4
 415  417      0.852      0.164      0.000 4
 425   -2      0.867     -0.272      0.000 4
 418  420      0.869      0.517      0.000 4
 419  421      0.870      0.426      0.000 4
 420  422      0.871      0.657      0.000 4
 421  423      0.876      0.705      0.000 4
 422  424      0.877      0.765      0.000 4
 423  426      0.880      1.067      0.000 4
 424  427      0.884     -0.455      0.000 4
 434  418      0.901     -1.006      0.000 4
 409  442      0.901     -0.874      0.000 4
 413  430      0.901      1.107      0.000 4
 429  429      0.906      0.235      0.000 4
 430  431      0.910     -0.543      0.000 4
 431   -2      0.913     -0.801      0.000 4
 432  433      0.916      1.173      0.000 4
  -1  432      0.921      0.803      0.000 4
  -1  434      0.923     -0.325      0.000 4
 435  436      0.932      0.026      0.000 4
 428  446      0.933     -1.078      0.000 4
 436  438      0.938      0.527      0.000 4
  -1   -2      0.939      0.197      0.000 4
  -1   -2      0.941      0.743      0.000 4
 439  440      0.943     -0.154      0.000 4
 440  444      0.953      0.455      0.000 4
  -1   -2      0.979     -1.119      0.000 4
 443  447      0.981     -0.036      0.000 4
 442  448      0.989     -0.241      0.000 4
 444  451      1.003     -0.822      0.000 4
 445  453      1.007     -0.591      0.000 4
 446  452      1.008      0.671      0.000 4
  -1  454      1.015     -0.448      0.000 4
 447   -2      1.017     -0.328      0.000 4
  -1  455      1.026      0.294      0.000 4
 450  456      1.030     -0.006      0.000 4
 453  457      1.044      0.256      0.000 4
 452  458      1.048      0.836      0.000 4
 455  460      1.062      0.970      0.000 4
 460   -2      1.066      0.170      0.000 4
 441   -2      1.066     -1.172      0.000 4
 456  461      1.066      0.100      0.000 4
 451  476      1.083      0.634      0.000 4
 458  463      1.085     -0.646      0.000 4
 459  465      1.102     -0.561      0.000 4
 462  466      1.108      1.031      0.000 4
 461  467      1.113     -0.968      0.000 4
  -1   -2      1.120     -1.013      0.000 4
  -1  450      1.126      0.715      0.000 4
 483   -2      1.141     -0.771      0.000 4
 472  462      1.142     -1.172      0.000 4
 466  470      1.143     -0.546      0.000 4
 464  472      1.155     -1.072      0.000 4
 468  473      1.157      1.028      0.000 4
 469  474      1.162      0.878      0.000 4
 470   -2      1.163     -0.245      0.000 4
 471  475      1.171      0.960      0.000 4
 479  464      1.177     -0.064      0.000 4
 473  477      1.194      0.282      0.000 4
  -1  479      1.195     -0.362      0.000 4
 474  480      1.205     -0.488      0.000 4
 475  481      1.218      0.560      0.000 4
 478  482      1.229      0.386      0.000 4
 476  483      1.229     -0.556      0.000 4
 477  484      1.233      0.993      0.000 4
  -1  498      1.235      0.007      0.000 4
 480  486      1.256     -0.495      0.000 4
  -1   -2      1.262      0.923      0.000 4
 485  488      1.287     -0.468      0.000 4
 482   -2      1.305     -0.950      0.000 4
 487  490      1.307     -0.549      0.000 4
 484  500      1.333     -1.165      0.000 4
  -1   -2      1.340      0.291      0.000 4
 489  493      1.341      0.176      0.000 4
 488  494      1.343     -1.057      0.000 4
  -1   -2      1.347      0.104      0.000 4
 491  495      1.367     -0.914      0.000 4
 492  496      1.375      1.085      0.000 4
 493  497      1.376     -0.221      0.000 4
 494  499      1.380     -0.323      0.000 4
 495  503      1.384     -0.972      0.000 4
 496  501      1.386      0.238      0.000 4
 497  502      1.389      0.510      0.000 4
  -1  504      1.396     -0.445      0.000 4
 499  505      1.399     -0.381      0.000 4
 500  506      1.409     -0.920      0.000 4
 503  507      1.424      0.578      0.000 4
 505  510      1.451     -1.072      0.000 4
 507  509      1.451      0.269      0.000 4
 508  511      1.453      0.809      0.000 4
 506   -2      1.455     -1.032      0.000 4
 509  512      1.475     -0.721      0.000 4
 510  513      1.480     -0.040      0.000 4
  -1   -2      1.483     -1.078      0.000 4
 530   -2      1.484      0.871      0.000 4
 512  514      1.487     -0.188      0.000 4
 513  515      1.493      0.420      0.000 4
 516  516      1.502      0.075      0.000 4
 517  518      1.527      0.692      0.000 4
 519  519      1.530      1.072      0.000 4
 520  520      1.530      0.570      0.000 4
 502   -2      1.530     -1.167      0.000 4
 522  522      1.538     -0.586      0.000 4
 523  523      1.544      0.372      0.000 4
  -1  524      1.548      0.105      0.000 4
 525   -2      1.548      0.022      0.000 4
  -1  526      1.548     -1.007      0.000 4
 526  525      1.548     -0.891      0.000 4
 529  527      1.559     -0.788      0.000 4
 531  528      1.565      1.115      0.000 4
 532  529      1.568      0.441      0.000 4
