528
   1    1     -1.573      0.271      0.000 4
   3    2     -1.571      0.886      0.000 4
   7    3     -1.542      0.973      0.000 4
  -1   -2     -1.541      0.836      0.000 4
  -1   -2     -1.533      0.880      0.000 4
  -1    5     -1.530      0.659      0.000 4
   2    4     -1.528     -1.168      0.000 4
   9    6     -1.527      0.228      0.000 4
  -1   -2     -1.527     -1.085      0.000 4
  -1   -2     -1.523      1.096      0.000 4
  -1    7     -1.522      0.335      0.000 4
  14    8     -1.513      0.288      0.000 4
  15    9     -1.508      0.545      0.000 4
  -1   10     -1.502      0.425      0.000 4
  16   11     -1.501      0.677      0.000 4
  17   12     -1.496     -0.301      0.000 4
  -1   -2     -1.490      0.886      0.000 4
   4   25     -1.486     -0.758      0.000 4
  19   15     -1.482      0.160      0.000 4
  22   16     -1.467      1.035      0.000 4
  -1   -2     -1.456      0.502      0.000 4
  26   17     -1.451     -0.997      0.000 4
  23   18     -1.451     -0.625      0.000 4
  -1   -2     -1.450     -0.307      0.000 4
  24   19     -1.448      0.353      0.000 4
  25   28     -1.441     -0.358      0.000 4
  29   -2     -1.427      0.727      0.000 4
  33   27     -1.413      0.292      0.000 4
  -1   26     -1.413      0.778      0.000 4
  21   44     -1.411     -1.171      0.000 4
  27   -2     -1.406     -0.397      0.000 4
  35   29     -1.401      0.067      0.000 4
  37   30     -1.396      0.657      0.000 4
  39   31     -1.380     -0.872      0.000 4
  32   38     -1.379      0.623      0.000 4
  41   51     -1.372     -0.543      0.000 4
  42   33     -1.360      1.131      0.000 4
  43   34     -1.355     -0.913      0.000 4
  -1   35     -1.347     -0.007      0.000 4
  45   36     -1.345      0.035      0.000 4
  47   37     -1.339     -1.055      0.000 4
  46   39     -1.334      0.173      0.000 4
  48   40     -1.328      0.943      0.000 4
  49   42     -1.310     -0.347      0.000 4
  51   32     -1.304      0.564      0.000 4
  52   43     -1.302     -0.834      0.000 4
  -1   -2     -1.299     -0.947      0.000 4
  -1   41     -1.291      1.048      0.000 4
  53   47     -1.287      0.398      0.000 4
  56   45     -1.287     -0.860      0.000 4
  -1   -2     -1.284     -0.300      0.000 4
  62   46     -1.282     -0.024      0.000 4
  58   49     -1.267     -0.640      0.000 4
  59   -2     -1.264     -0.997      0.000 4
  60   -2     -1.259      0.521      0.000 4
  61   -2     -1.255     -0.537      0.000 4
  63   52     -1.244      1.009      0.000 4
  -1   -2     -1.241     -0.593      0.000 4
  64   53     -1.232     -0.848      0.000 4
  65   54     -1.226     -0.127      0.000 4
  50   75     -1.219     -1.165      0.000 4
  67   56     -1.213      0.840      0.000 4
  66   66     -1.204     -0.654      0.000 4
  -1   50     -1.199     -0.993      0.000 4
  77   59     -1.193     -1.145      0.000 4
  71   62     -1.174      0.641      0.000 4
  72   61     -1.173     -1.102      0.000 4
  73   63     -1.166     -0.882      0.000 4
  -1   65     -1.164      1.047      0.000 4
  74   64     -1.164     -0.844      0.000 4
  -1   -2     -1.160     -0.571      0.000 4
  -1   67     -1.155      1.007      0.000 4
  75   69     -1.153      0.407      0.000 4
  76   68     -1.153     -0.355      0.000 4
  78   -2     -1.135     -1.017      0.000 4
  -1   -2     -1.134      0.442      0.000 4
  79   71     -1.134     -1.111      0.000 4
  80   72     -1.124      0.659      0.000 4
  82   73     -1.116      1.051      0.000 4
  81   74     -1.116     -0.108      0.000 4
  83   76     -1.105     -0.378      0.000 4
  -1   77     -1.097     -1.074      0.000 4
  84   78     -1.096     -1.033      0.000 4
  88   79     -1.087     -0.488      0.000 4
  87   80     -1.087     -0.287      0.000 4
  86   81     -1.086      0.402      0.000 4
  -1   82     -1.080      0.262      0.000 4
  89   83     -1.070      0.809      0.000 4
  90   84     -1.065      0.482      0.000 4
  -1   85     -1.048     -0.162      0.000 4
  93   86     -1.043     -0.736      0.000 4
  94   87     -1.037      0.390      0.000 4
  95   89     -1.035      0.583      0.000 4
  92   -2     -1.022     -1.068      0.000 4
  96   92     -1.020     -0.220      0.000 4
 100   91     -1.018     -0.872      0.000 4
  97   -2     -1.016     -0.183      0.000 4
 102   94     -1.007     -0.436      0.000 4
 103   93     -1.006     -0.784      0.000 4
 105   97     -1.000      0.342      0.000 4
 106   95     -0.999      0.918      0.000 4
 107   96     -0.996      1.032      0.000 4
  -1   98     -0.980     -1.005      0.000 4
 104   -2     -0.968     -0.660      0.000 4
  -1   -2     -0.967      1.062      0.000 4
 101  108     -0.965     -1.124      0.000 4
 109  100     -0.962      0.782      0.000 4
 111  102     -0.953     -0.976      0.000 4
  -1  101     -0.950     -1.017      0.000 4
 114   -2     -0.939     -0.943      0.000 4
  -1  105     -0.939      1.128      0.000 4
 113  104     -0.934      0.308      0.000 4
 115  103     -0.933      0.572      0.000 4
 118  107     -0.910      1.088      0.000 4
 119  109     -0.905      0.903      0.000 4
  -1  111     -0.884      0.692      0.000 4
  -1  110     -0.878     -1.168      0.000 4
 122  112     -0.869     -0.745      0.000 4
 124  113     -0.866     -0.615      0.000 4
 123  114     -0.865     -0.135      0.000 4
 125   -2     -0.857     -0.443      0.000 4
 126  116     -0.854     -0.214      0.000 4
 127  115     -0.854     -0.694      0.000 4
  -1  124     -0.846      0.330      0.000 4
 128  121     -0.840     -0.009      0.000 4
 132  141     -0.834     -0.941      0.000 4
  -1  120     -0.834      0.733      0.000 4
  -1  127     -0.827      0.445      0.000 4
 133   -2     -0.826      0.387      0.000 4
  -1  122     -0.823      1.046      0.000 4
  -1   -2     -0.823      0.419      0.000 4
 136  123     -0.821      1.090      0.000 4
 137  125     -0.818      0.258      0.000 4
 139  128     -0.808      0.816      0.000 4
 134   -2     -0.805      0.313      0.000 4
 129  134     -0.799     -1.100      0.000 4
 141  129     -0.792      0.990      0.000 4
 142  130     -0.790     -0.798      0.000 4
 143  131     -0.785     -0.753      0.000 4
 145  132     -0.783      0.884      0.000 4
 144  133     -0.780     -0.056      0.000 4
 147  139     -0.769      0.035      0.000 4
 148  137     -0.768     -0.446      0.000 4
 120  157     -0.765     -1.166      0.000 4
  -1  138     -0.761     -1.073      0.000 4
  -1  140     -0.760     -0.600      0.000 4
 150   -2     -0.750     -0.925      0.000 4
  -1  154     -0.747      0.641      0.000 4
 153  142     -0.738     -0.964      0.000 4
 151  144     -0.736      0.139      0.000 4
 156  143     -0.732     -1.009      0.000 4
 155  145     -0.731      0.976      0.000 4
 154  146     -0.730     -0.149      0.000 4
 161   -2     -0.720     -1.161      0.000 4
  -1  148     -0.713      0.765      0.000 4
  -1  149     -0.706      1.107      0.000 4
 158  150     -0.702     -0.103      0.000 4
 159  151     -0.696     -0.552      0.000 4
  -1  152     -0.695      0.870      0.000 4
  -1  155     -0.690     -0.684      0.000 4
 162  156     -0.685      1.058      0.000 4
 160   -2     -0.684      1.003      0.000 4
  -1   -2     -0.679      0.064      0.000 4
 163   -2     -0.678      0.918      0.000 4
  -1   -2     -0.661     -0.564      0.000 4
  -1   -2     -0.661     -1.172      0.000 4
 173  153     -0.653     -1.114      0.000 4
 168  163     -0.642     -0.304      0.000 4
 169  161     -0.641      1.139      0.000 4
 170  162     -0.637     -1.071      0.000 4
  -1  166     -0.628      1.003      0.000 4
 171  165     -0.625     -0.761      0.000 4
 172  164     -0.625     -0.999      0.000 4
 174   -2     -0.618      1.067      0.000 4
 176  167     -0.611      0.883      0.000 4
 175  168     -0.609     -0.427      0.000 4
 177  170     -0.605     -0.275      0.000 4
 178  169     -0.603     -0.505      0.000 4
 179  171     -0.591      0.045      0.000 4
 180  172     -0.585     -0.767      0.000 4
 181  178     -0.580     -1.115      0.000 4
 183   -2     -0.557      1.046      0.000 4
 184  173     -0.554     -0.970      0.000 4
 185  174     -0.552     -0.506      0.000 4
 187  175     -0.549     -0.231      0.000 4
 186  176     -0.546      0.473      0.000 4
 165   -2     -0.540     -1.169      0.000 4
 188  180     -0.536      0.667      0.000 4
 189   -2     -0.535     -1.086      0.000 4
 190  179     -0.534      1.171      0.000 4
  -1   -2     -0.522      0.699      0.000 4
 191  181     -0.507      0.079      0.000 4
 192  182     -0.505      0.184      0.000 4
 193  183     -0.488      0.961      0.000 4
 194  185     -0.483     -0.047      0.000 4
 195  186     -0.481     -0.669      0.000 4
  -1   -2     -0.476      0.829      0.000 4
 196  184     -0.463     -1.168      0.000 4
 197  188     -0.455     -0.281      0.000 4
  -1   -2     -0.440     -0.013      0.000 4
 199  190     -0.439      0.440      0.000 4
 200  189     -0.438     -0.939      0.000 4
 201  191     -0.431     -1.043      0.000 4
 202  192     -0.426     -0.829      0.000 4
 203  193     -0.420     -1.120      0.000 4
 205  194     -0.410      0.740      0.000 4
 206  195     -0.408     -0.509      0.000 4
 207  196     -0.404      0.318      0.000 4
 209  197     -0.399     -0.596      0.000 4
 208  198     -0.394     -0.179      0.000 4
 210  199     -0.380     -0.656      0.000 4
 211  201     -0.379     -0.284      0.000 4
 212  202     -0.377      0.717      0.000 4
 213  200     -0.377     -0.948      0.000 4
 214  205     -0.370     -0.247      0.000 4
 215  203     -0.369      1.049      0.000 4
  -1  204     -0.364     -1.169      0.000 4
 218   -2     -0.360      0.896      0.000 4
 217   -2     -0.359     -1.134      0.000 4
 219  207     -0.358      0.976      0.000 4
  -1   -2     -0.351     -0.655      0.000 4
  -1  217     -0.349     -0.411      0.000 4
 221  209     -0.347      0.862      0.000 4
 222  210     -0.323     -0.564      0.000 4
 237  211     -0.308      0.524      0.000 4
 223  212     -0.308      0.301      0.000 4
 224  213     -0.304     -0.916      0.000 4
 225  214     -0.303      0.785      0.000 4
 216  237     -0.295     -0.739      0.000 4
 220  227     -0.294     -1.138      0.000 4
 240   -2     -0.291     -0.969      0.000 4
 229  216     -0.286      0.275      0.000 4
  -1  225     -0.281     -0.866      0.000 4
 230  218     -0.277     -0.186      0.000 4
 232  219     -0.263     -1.054      0.000 4
 233  220     -0.260      0.407      0.000 4
 234  222     -0.250     -0.391      0.000 4
 248   -2     -0.244     -1.131      0.000 4
 235  224     -0.244     -0.664      0.000 4
  -1   -2     -0.236     -0.852      0.000 4
 239   -2     -0.227     -1.090      0.000 4
  -1  229     -0.212     -0.202      0.000 4
  -1  231     -0.212     -1.171      0.000 4
 241  230     -0.208      0.696      0.000 4
  -1  233     -0.179     -1.063      0.000 4
 244  234     -0.177     -0.123      0.000 4
 238  235     -0.171      0.073      0.000 4
 246  236     -0.160     -0.256      0.000 4
 249   -2     -0.155     -0.757      0.000 4
  -1  238     -0.142     -1.117      0.000 4
  -1  239     -0.138     -0.641      0.000 4
 250  241     -0.131     -0.183      0.000 4
 251  240     -0.131     -1.001      0.000 4
 252  242     -0.126      0.471      0.000 4
 253  243     -0.124      0.370      0.000 4
 255  244     -0.112      0.605      0.000 4
 254  245     -0.110     -0.078      0.000 4
  -1  246     -0.103     -1.123      0.000 4
 256  248     -0.100      0.320      0.000 4
 257   -2     -0.088     -0.635      0.000 4
 258  249     -0.084      1.117      0.000 4
 259  250     -0.079      0.219      0.000 4
 260  251     -0.079     -1.069      0.000 4
 263  252     -0.075     -0.166      0.000 4
 262  253     -0.070     -0.613      0.000 4
 265  254     -0.061     -0.320      0.000 4
 270   -2     -0.061      0.497      0.000 4
 266  255     -0.058      0.340      0.000 4
  -1  256     -0.055     -1.169      0.000 4
 267  257     -0.051      0.573      0.000 4
 281  262     -0.009     -0.462      0.000 4
 272   -2     -0.000     -0.133      0.000 4
 274   -2      0.007      0.305      0.000 4
 275  265      0.010     -1.169      0.000 4
 269  267      0.011      0.952      0.000 4
 277  268      0.015      0.837      0.000 4
  -1  264      0.023     -1.098      0.000 4
 264  282      0.023     -0.223      0.000 4
  -1  269      0.024      0.043      0.000 4
 280  270      0.024      0.359      0.000 4
 282  271      0.038      0.557      0.000 4
 283  272      0.048      0.322      0.000 4
 278   -2      0.055     -0.049      0.000 4
 286  274      0.059      0.879      0.000 4
 288  275      0.064     -1.056      0.000 4
 304   -2      0.065      0.634      0.000 4
 290  277      0.075     -0.893      0.000 4
  -1   -2      0.087     -0.954      0.000 4
 293  279      0.095      0.145      0.000 4
  -1  292      0.096     -0.691      0.000 4
 308  273      0.103     -0.163      0.000 4
 297  281      0.106      0.101      0.000 4
 306  283      0.113     -1.165      0.000 4
 299  284      0.123      0.389      0.000 4
 302  285      0.136      0.822      0.000 4
 301  286      0.138     -0.949      0.000 4
 305  289      0.147     -0.464      0.000 4
 307  291      0.154      1.017      0.000 4
 310  296      0.173      0.350      0.000 4
 303   -2      0.185     -0.670      0.000 4
  -1  298      0.197     -1.170      0.000 4
 321  290      0.198     -0.444      0.000 4
 300   -2      0.204      0.937      0.000 4
 313  300      0.212      0.540      0.000 4
 315  303      0.214      0.025      0.000 4
 314  301      0.214     -0.987      0.000 4
 317  304      0.228     -0.856      0.000 4
 318  305      0.238     -0.148      0.000 4
 319  306      0.255      0.940      0.000 4
  -1  297      0.258     -0.631      0.000 4
  -1  307      0.259     -0.873      0.000 4
  -1  308      0.260     -0.360      0.000 4
  -1   -2      0.266     -0.328      0.000 4
 322  310      0.271      1.159      0.000 4
  -1   -2      0.274     -0.234      0.000 4
 323  311      0.276      1.083      0.000 4
 324  312      0.276      0.235      0.000 4
  -1  314      0.303     -0.987      0.000 4
  -1  313      0.303      0.564      0.000 4
 327   -2      0.303     -1.171      0.000 4
  -1  316      0.316     -0.318      0.000 4
 328  318      0.318      0.050      0.000 4
 330   -2      0.319     -0.193      0.000 4
 331  320      0.328      0.993      0.000 4
  -1  325      0.337      0.181      0.000 4
 332  322      0.354      1.040      0.000 4
 335  321      0.358     -1.158      0.000 4
 333   -2      0.358      0.616      0.000 4
 334  324      0.359     -0.395      0.000 4
 326  342      0.373      0.235      0.000 4
 337  327      0.374     -0.786      0.000 4
 338  326      0.376      0.053      0.000 4
  -1   -2      0.385      0.479      0.000 4
 341  329      0.388      0.286      0.000 4
 340  330      0.389     -0.953      0.000 4
 342  331      0.394     -0.399      0.000 4
 343  332      0.401      0.161      0.000 4
 344   -2      0.409      0.529      0.000 4
  -1  353      0.410      0.431      0.000 4
  -1  352      0.416      0.865      0.000 4
 345  334      0.420     -0.867      0.000 4
 329   -2      0.421     -1.095      0.000 4
 349  338      0.435     -0.003      0.000 4
 350  340      0.450     -0.588      0.000 4
 346   -2      0.459     -1.173      0.000 4
 354  343      0.462     -0.420      0.000 4
 356  345      0.468      0.543      0.000 4
 355  344      0.470      0.720      0.000 4
 358   -2      0.474      0.308      0.000 4
 359  347      0.480     -1.095      0.000 4
  -1  346      0.482      0.056      0.000 4
 361  348      0.488     -0.031      0.000 4
 360   -2      0.490     -1.152      0.000 4
 363  349      0.492     -0.777      0.000 4
 371  337      0.499     -0.612      0.000 4
 366  354      0.503     -0.353      0.000 4
 367  355      0.511      0.743      0.000 4
  -1   -2      0.512     -0.971      0.000 4
 362   -2      0.518      0.667      0.000 4
  -1   -2      0.523      1.024      0.000 4
 369  357      0.530     -0.881      0.000 4
 368   -2      0.549     -0.909      0.000 4
 372   -2      0.554     -0.200      0.000 4
  -1   -2      0.555      0.822      0.000 4
 373  360      0.559     -0.941      0.000 4
 375  362      0.570     -0.040      0.000 4
  -1  375      0.570     -0.430      0.000 4
 374  363      0.572      0.886      0.000 4
 376  364      0.579      1.015      0.000 4
 377  365      0.586      0.490      0.000 4
 378  366      0.588      0.529      0.000 4
 382  369      0.604     -0.979      0.000 4
 383  368      0.605     -0.731      0.000 4
 381  367      0.605      0.794      0.000 4
 384  370      0.620     -0.621      0.000 4
 386  371      0.626     -1.128      0.000 4
 388  372      0.630     -0.825      0.000 4
 387   -2      0.631     -0.670      0.000 4
  -1  373      0.636      0.543      0.000 4
  -1   -2      0.640     -0.397      0.000 4
 390  374      0.640      0.477      0.000 4
 392   -2      0.644     -1.165      0.000 4
 393  377      0.651      0.918      0.000 4
 394  379      0.655      0.836      0.000 4
 395  380      0.659     -0.462      0.000 4
 380  402      0.664     -0.257      0.000 4
 397   -2      0.702     -0.637      0.000 4
 398  385      0.703     -0.849      0.000 4
 399  386      0.706      1.161      0.000 4
  -1  395      0.708     -1.091      0.000 4
 400  387      0.709     -0.447      0.000 4
 415   -2      0.716     -0.688      0.000 4
 401  388      0.716     -0.370      0.000 4
 403  390      0.721      1.055      0.000 4
 404  389      0.724      0.252      0.000 4
 409   -2      0.730      1.149      0.000 4
 405  393      0.731     -0.983      0.000 4
 408  394      0.732     -0.880      0.000 4
 406   -2      0.735     -1.067      0.000 4
  -1   -2      0.741     -0.025      0.000 4
 410  397      0.760     -0.635      0.000 4
 411  399      0.771      0.382      0.000 4
 412  400      0.772      0.331      0.000 4
 418  401      0.777      0.628      0.000 4
  -1  403      0.786      1.040      0.000 4
 416   -2      0.789     -1.057      0.000 4
 417  405      0.797     -0.981      0.000 4
  -1  404      0.799      0.901      0.000 4
 421  406      0.825     -0.038      0.000 4
 422  408      0.837      0.884      0.000 4
  -1  407      0.842     -1.135      0.000 4
 423  409      0.846     -0.790      0.000 4
 424  413      0.854     -1.065      0.000 4
 440  410      0.873     -0.263      0.000 4
 427  411      0.874      0.161      0.000 4
  -1   -2      0.883      0.233      0.000 4
  -1  420      0.885      1.054      0.000 4
 433  414      0.887      0.510      0.000 4
 432  416      0.890      0.645      0.000 4
 435  417      0.892      0.417      0.000 4
 434  418      0.892      0.752      0.000 4
 436  419      0.893      0.695      0.000 4
 437  421      0.897     -0.454      0.000 4
 441  424      0.903     -0.875      0.000 4
 430  422      0.909      1.086      0.000 4
 445  426      0.918      1.160      0.000 4
 446  427      0.920     -0.541      0.000 4
 449  428      0.928      0.228      0.000 4
 420  458      0.932     -1.078      0.000 4
  -1  430      0.936      0.792      0.000 4
  -1  432      0.944     -0.866      0.000 4
 450  433      0.958     -0.255      0.000 4
 451  435      0.961     -0.155      0.000 4
 452  434      0.961      0.518      0.000 4
 454  436      0.975      0.446      0.000 4
 453  437      0.977     -1.124      0.000 4
 456  439      1.003     -0.038      0.000 4
  -1   -2      1.007      0.466      0.000 4
  -1  440      1.008     -0.828      0.000 4
 458  441      1.012      0.757      0.000 4
 457  442      1.016     -0.596      0.000 4
 460  444      1.028      0.657      0.000 4
 459  445      1.028     -0.334      0.000 4
  -1   -2      1.047      0.287      0.000 4
 462  446      1.049     -0.009      0.000 4
 465  448      1.063      0.830      0.000 4
 467  450      1.070      0.965      0.000 4
 461   -2      1.077      1.165      0.000 4
 469  452      1.079      0.256      0.000 4
  -1  454      1.085      0.164      0.000 4
 470   -2      1.087      0.095      0.000 4
 471  455      1.090     -0.653      0.000 4
  -1  456      1.099     -0.395      0.000 4
 472   -2      1.109     -0.979      0.000 4
 473  457      1.113      1.029      0.000 4
  -1   -2      1.125      0.198      0.000 4
 476  459      1.142     -0.783      0.000 4
 466  467      1.143     -1.176      0.000 4
 477  461      1.150     -0.867      0.000 4
  -1   -2      1.151     -1.132      0.000 4
 479  462      1.151     -0.554      0.000 4
 478  463      1.152     -1.083      0.000 4
  -1  464      1.156      1.028      0.000 4
 480  465      1.175      0.880      0.000 4
 474   -2      1.179      0.255      0.000 4
 482   -2      1.188     -1.177      0.000 4
 483  468      1.199     -0.071      0.000 4
 499   -2      1.208      0.653      0.000 4
 486  470      1.214     -0.500      0.000 4
 487  471      1.219      0.278      0.000 4
 484  474      1.231     -0.201      0.000 4
 488  472      1.236     -0.572      0.000 4
 489  473      1.242      0.995      0.000 4
 490   -2      1.251     -0.151      0.000 4
 491  475      1.254      0.392      0.000 4
 492   -2      1.260      0.442      0.000 4
  -1   -2      1.283     -0.094      0.000 4
 495   -2      1.294     -0.484      0.000 4
 497  480      1.306      0.430      0.000 4
 494   -2      1.309     -0.968      0.000 4
 498  482      1.315     -0.566      0.000 4
 501  484      1.332     -1.168      0.000 4
  -1  479      1.332     -0.456      0.000 4
  -1   -2      1.336     -1.123      0.000 4
 500  485      1.343     -1.075      0.000 4
 502  486      1.361      0.167      0.000 4
 503  487      1.369     -0.935      0.000 4
 506  488      1.382      1.095      0.000 4
 505  490      1.385     -0.993      0.000 4
 507  491      1.389     -0.231      0.000 4
 508  492      1.390     -0.338      0.000 4
 511  493      1.406      0.236      0.000 4
 512  494      1.406      0.518      0.000 4
 509  495      1.406     -0.462      0.000 4
 510  496      1.407     -0.397      0.000 4
 513  497      1.409     -0.941      0.000 4
  -1  502      1.427     -1.033      0.000 4
 514  500      1.441      0.588      0.000 4
  -1  501      1.451     -1.093      0.000 4
 515   -2      1.453     -1.056      0.000 4
  -1   -2      1.455     -1.170      0.000 4
  -1   -2      1.465      1.058      0.000 4
 517  503      1.468      0.272      0.000 4
 516  504      1.468      0.822      0.000 4
  -1  505      1.472      0.053      0.000 4
 518   -2      1.477     -0.746      0.000 4
  -1   -2      1.483      1.017      0.000 4
 519   -2      1.487     -0.711      0.000 4
 520  507      1.490     -0.048      0.000 4
 521  509      1.494     -0.198      0.000 4
 523  511      1.499     -0.255      0.000 4
 525  506      1.508     -0.740      0.000 4
 524  513      1.508     -0.316      0.000 4
 526  512      1.509      0.429      0.000 4
  -1   -2      1.510     -1.156      0.000 4
 527  515      1.516      0.074      0.000 4
 529  518      1.535      1.090      0.000 4
  -1  514      1.538     -1.123      0.000 4
 528  516      1.540     -1.176      0.000 4
  -1  520      1.544     -0.611      0.000 4
 531  521      1.547      0.585      0.000 4
 533  522      1.547     -0.917      0.000 4
 532  523      1.549     -1.033      0.000 4
  -1   -2      1.559      0.105      0.000 4
 534  524      1.560      0.379      0.000 4
 535  525      1.561     -0.811      0.000 4
 536  519      1.564      0.793      0.000 4
 538  526      1.570      1.134      0.000 4
