540
   1    2     -1.567      0.518      0.000 4
   2    3     -1.556     -0.998      0.000 4
   3    4     -1.551      0.372      0.000 4
   4    5     -1.549      0.787      0.000 4
  11    0     -1.537     -0.135      0.000 4
   6    6     -1.535     -0.008      0.000 4
   7   -2     -1.529      0.875      0.000 4
   9    7     -1.522      0.240      0.000 4
  -1   -2     -1.520      0.997      0.000 4
  -1    8     -1.517     -0.194      0.000 4
  -1   11     -1.484      0.581      0.000 4
  25   12     -1.477     -1.169      0.000 4
   5   -2     -1.474     -1.105      0.000 4
  -1   14     -1.472     -0.910      0.000 4
  -1   -2     -1.464      0.796      0.000 4
  15   16     -1.461      0.943      0.000 4
  16   18     -1.453      0.599      0.000 4
  18   -2     -1.452      0.480      0.000 4
  17   -2     -1.451      0.266      0.000 4
  19   19     -1.448     -0.251      0.000 4
  -1   28     -1.446      1.048      0.000 4
  -1   21     -1.441     -0.340      0.000 4
  20   22     -1.438      0.375      0.000 4
  21   23     -1.429     -0.548      0.000 4
  22   24     -1.414      0.148      0.000 4
  23   33     -1.412      0.520      0.000 4
  27   25     -1.393     -0.305      0.000 4
  26   26     -1.392      0.446      0.000 4
  28   27     -1.382      0.655      0.000 4
  31   29     -1.374      0.316      0.000 4
  30   -2     -1.370      0.704      0.000 4
  37   30     -1.367     -0.978      0.000 4
  33   -2     -1.367      1.051      0.000 4
  34   31     -1.366     -0.836      0.000 4
  35   34     -1.354     -0.343      0.000 4
  -1   -2     -1.352      0.131      0.000 4
  38   35     -1.351     -1.080      0.000 4
  39   37     -1.338      0.591      0.000 4
  60   20     -1.336      0.265      0.000 4
  -1   -2     -1.329      0.971      0.000 4
  -1   -2     -1.324     -0.189      0.000 4
  43   39     -1.322      1.022      0.000 4
  42   41     -1.319      0.067      0.000 4
  44   -2     -1.314      0.562      0.000 4
  45   42     -1.306      0.871      0.000 4
  47   43     -1.301      1.171      0.000 4
  46   -2     -1.300      0.029      0.000 4
  48   44     -1.297     -0.775      0.000 4
  51   45     -1.286     -1.171      0.000 4
  50   46     -1.286     -0.937      0.000 4
  52   -2     -1.279      1.150      0.000 4
  56   -2     -1.259     -0.653      0.000 4
  75   -2     -1.259      0.036      0.000 4
  58   49     -1.245      0.160      0.000 4
  59   48     -1.243     -0.306      0.000 4
  61   50     -1.240     -0.583      0.000 4
  -1   -2     -1.237      0.298      0.000 4
  65   53     -1.233      0.946      0.000 4
  66   51     -1.231     -0.786      0.000 4
  64   54     -1.230      0.517      0.000 4
  -1   52     -1.230     -1.077      0.000 4
  67   55     -1.214     -0.489      0.000 4
  -1   57     -1.206     -0.549      0.000 4
  -1   58     -1.195      0.367      0.000 4
  70   59     -1.178      0.600      0.000 4
  71   60     -1.176     -0.604      0.000 4
  -1   61     -1.176      0.482      0.000 4
  72   62     -1.173      0.789      0.000 4
  69   -2     -1.169     -1.053      0.000 4
  73   63     -1.168     -0.826      0.000 4
  74   64     -1.163     -0.791      0.000 4
  68   75     -1.152     -1.167      0.000 4
  -1   -2     -1.141      0.956      0.000 4
  77   67     -1.135     -0.113      0.000 4
  78   69     -1.129      0.691      0.000 4
  80   68     -1.127     -1.018      0.000 4
  -1   -2     -1.118     -0.729      0.000 4
  82   72     -1.110      1.002      0.000 4
  79   -2     -1.100      0.607      0.000 4
  85   74     -1.080     -0.331      0.000 4
  86   77     -1.055      0.384      0.000 4
  87   78     -1.053      0.626      0.000 4
  84   -2     -1.044     -1.170      0.000 4
  91   79     -1.031     -0.359      0.000 4
  -1   -2     -1.022      0.053      0.000 4
  93   80     -1.022     -0.704      0.000 4
  92   81     -1.021      0.779      0.000 4
  94   83     -1.016     -0.101      0.000 4
  95   82     -1.015     -0.836      0.000 4
 113   -2     -1.002     -1.073      0.000 4
  98   85     -1.001     -0.272      0.000 4
 100   87     -0.986      1.005      0.000 4
  99   88     -0.983      0.385      0.000 4
 102   89     -0.968      0.893      0.000 4
 101   -2     -0.967      0.464      0.000 4
 103   86     -0.963     -0.981      0.000 4
 104   90     -0.953      0.565      0.000 4
 105   92     -0.949     -0.158      0.000 4
 106   91     -0.948     -0.918      0.000 4
  -1   -2     -0.944     -0.379      0.000 4
 107   93     -0.939     -0.426      0.000 4
  -1   -2     -0.935     -1.167      0.000 4
 108   94     -0.934      0.380      0.000 4
  -1  102     -0.924     -0.569      0.000 4
 109   96     -0.923     -0.209      0.000 4
 110   95     -0.920      0.757      0.000 4
  -1   -2     -0.919     -1.103      0.000 4
 111   98     -0.908      1.072      0.000 4
  -1   99     -0.906     -1.072      0.000 4
 112  100     -0.904     -0.761      0.000 4
 114  101     -0.891      0.333      0.000 4
 115   -2     -0.886      0.433      0.000 4
 116  103     -0.869      0.895      0.000 4
 118  105     -0.847      0.566      0.000 4
 119  106     -0.842     -0.735      0.000 4
  -1  107     -0.829     -1.082      0.000 4
 120   -2     -0.824      0.303      0.000 4
 123  108     -0.822      1.088      0.000 4
 121  109     -0.821     -0.690      0.000 4
 122  110     -0.820     -0.611      0.000 4
  -1  114     -0.816     -1.161      0.000 4
  -1   -2     -0.816      0.422      0.000 4
 117   -2     -0.815      0.693      0.000 4
  -1  112     -0.815     -0.092      0.000 4
 125  111     -0.815      1.044      0.000 4
 128  115     -0.785     -0.446      0.000 4
 129   -2     -0.777     -0.494      0.000 4
 131  116     -0.775      0.996      0.000 4
 134  117     -0.762     -0.142      0.000 4
 132   -2     -0.760      0.476      0.000 4
 135  119     -0.759     -0.222      0.000 4
 136  118     -0.759     -0.755      0.000 4
 126  128     -0.756     -0.932      0.000 4
  -1  123     -0.749      0.825      0.000 4
 138   -2     -0.746      0.893      0.000 4
 140  122     -0.744     -1.011      0.000 4
 141  125     -0.741     -0.966      0.000 4
  -1  121     -0.731      0.447      0.000 4
 142  126     -0.730     -0.014      0.000 4
 148  124     -0.715      0.325      0.000 4
  -1  143     -0.713     -0.606      0.000 4
 145  130     -0.712      0.253      0.000 4
 146  129     -0.712      0.992      0.000 4
 147  131     -0.706      0.397      0.000 4
 149  132     -0.697     -0.460      0.000 4
 150   -2     -0.696     -1.126      0.000 4
  -1   -2     -0.677      0.656      0.000 4
 153  134     -0.676      1.080      0.000 4
  -1  142     -0.672     -1.172      0.000 4
 151  135     -0.672     -0.065      0.000 4
 154  137     -0.666      1.021      0.000 4
 156  138     -0.661     -1.085      0.000 4
  -1  139     -0.659      0.895      0.000 4
 155  140     -0.655      0.031      0.000 4
 158   -2     -0.650      1.168      0.000 4
  -1   -2     -0.646     -1.128      0.000 4
 159   -2     -0.640     -0.571      0.000 4
 160  144     -0.637     -1.018      0.000 4
 161  146     -0.631     -0.163      0.000 4
 162  147     -0.627      0.139      0.000 4
 163  148     -0.620      0.749      0.000 4
 164  150     -0.606     -0.589      0.000 4
 166  151     -0.599     -0.789      0.000 4
 165  153     -0.597     -0.115      0.000 4
  -1   -2     -0.589      0.084      0.000 4
 167  154     -0.576      0.919      0.000 4
 171   -2     -0.559     -0.803      0.000 4
 169  155     -0.558     -1.009      0.000 4
 170  156     -0.557     -0.329      0.000 4
 172  157     -0.549      1.091      0.000 4
 174  159     -0.543     -0.540      0.000 4
 175  158     -0.542     -1.169      0.000 4
 173   -2     -0.541     -0.459      0.000 4
 176  160     -0.535     -1.087      0.000 4
 178  161     -0.503      0.833      0.000 4
 177  162     -0.492     -0.547      0.000 4
 179  163     -0.490      0.038      0.000 4
 181  164     -0.474      0.710      0.000 4
 184  166     -0.468      0.503      0.000 4
  -1  165     -0.468      1.018      0.000 4
 185  168     -0.467     -1.172      0.000 4
 183  167     -0.465     -0.260      0.000 4
 186  169     -0.458      0.277      0.000 4
  -1  170     -0.445     -1.098      0.000 4
 187  171     -0.442     -0.722      0.000 4
 191  172     -0.437     -0.996      0.000 4
 190  174     -0.436      0.287      0.000 4
 192  176     -0.413      0.075      0.000 4
 194  175     -0.410     -0.891      0.000 4
  -1  177     -0.410      0.192      0.000 4
 195  178     -0.394     -0.065      0.000 4
 200   -2     -0.387     -0.589      0.000 4
 197  180     -0.381     -0.151      0.000 4
 198  179     -0.381     -0.321      0.000 4
 199  181     -0.378     -1.015      0.000 4
 196  182     -0.376      1.129      0.000 4
 201  185     -0.365      0.804      0.000 4
 202  186     -0.364      0.475      0.000 4
 206  188     -0.357     -0.656      0.000 4
 207  189     -0.357     -0.562      0.000 4
 208  191     -0.342     -0.724      0.000 4
 209   -2     -0.342      1.055      0.000 4
  -1  190     -0.340      0.179      0.000 4
  -1   -2     -0.335      0.973      0.000 4
 211  193     -0.332      0.783      0.000 4
 212  194     -0.326      0.345      0.000 4
 213  196     -0.323     -0.217      0.000 4
 214  195     -0.320      0.939      0.000 4
 215  199     -0.310     -0.330      0.000 4
 216  201     -0.302     -0.292      0.000 4
 217  200     -0.301     -0.997      0.000 4
  -1  187     -0.296      0.052      0.000 4
 218  202     -0.293     -1.051      0.000 4
  -1   -2     -0.293     -0.469      0.000 4
 224   -2     -0.287      0.561      0.000 4
 220  204     -0.280     -0.635      0.000 4
 205   -2     -0.279     -1.148      0.000 4
  -1   -2     -0.276     -0.820      0.000 4
  -1  215     -0.272      0.498      0.000 4
 223  206     -0.270      0.864      0.000 4
 225  207     -0.238      0.328      0.000 4
 243   -2     -0.228     -0.944      0.000 4
 226  214     -0.228      0.849      0.000 4
  -1  192     -0.222      1.067      0.000 4
 229  211     -0.217     -0.750      0.000 4
 228  212     -0.216     -0.148      0.000 4
 231  222     -0.212      1.148      0.000 4
 230  213     -0.211     -0.226      0.000 4
 233   -2     -0.203      0.450      0.000 4
 234  216     -0.200     -0.458      0.000 4
 232  218     -0.191     -1.064      0.000 4
  -1  217     -0.189     -1.162      0.000 4
 236  219     -0.175      0.778      0.000 4
 237  220     -0.173      0.120      0.000 4
 241   -2     -0.142      0.415      0.000 4
 242  225     -0.141     -0.275      0.000 4
 238   -2     -0.139     -0.578      0.000 4
 244  227     -0.135     -1.107      0.000 4
  -1   -2     -0.124     -0.073      0.000 4
 247  233     -0.120     -0.734      0.000 4
 239  239     -0.117      0.007      0.000 4
  -1  234     -0.094     -1.176      0.000 4
  -1  235     -0.092     -0.913      0.000 4
  -1   -2     -0.092     -0.763      0.000 4
 252  236     -0.090      0.530      0.000 4
 253  237     -0.088     -0.228      0.000 4
 254  238     -0.084      0.685      0.000 4
  -1  226     -0.083      0.427      0.000 4
 255   -2     -0.082     -0.022      0.000 4
 246  241     -0.076     -0.155      0.000 4
  -1   -2     -0.067     -0.738      0.000 4
 256   -2     -0.065     -0.113      0.000 4
  -1  247     -0.064     -0.322      0.000 4
  -1  242     -0.061      0.355      0.000 4
  -1  223     -0.057     -1.003      0.000 4
 257  243     -0.053      0.769      0.000 4
 258  244     -0.050     -0.714      0.000 4
 259  245     -0.043      0.237      0.000 4
 260  246     -0.038     -0.199      0.000 4
 261  250     -0.030     -0.383      0.000 4
  -1  252     -0.028      0.331      0.000 4
 263  249     -0.028      0.649      0.000 4
  -1  251     -0.026      0.380      0.000 4
 265  253     -0.002     -0.030      0.000 4
 266  254      0.001      0.119      0.000 4
  -1  255      0.008     -0.592      0.000 4
 268  256      0.011      1.073      0.000 4
 269  257      0.013     -0.551      0.000 4
 270  258      0.016      0.629      0.000 4
 271   -2      0.020      0.946      0.000 4
  -1  259      0.044     -1.004      0.000 4
 264   -2      0.044      0.403      0.000 4
 273  260      0.050      0.026      0.000 4
 274  261      0.052      0.635      0.000 4
 275  264      0.058      0.303      0.000 4
  -1  263      0.058     -1.170      0.000 4
 276  262      0.059      0.996      0.000 4
 277   -2      0.064      0.363      0.000 4
  -1  266      0.068      0.050      0.000 4
 278  265      0.069      0.724      0.000 4
 280  267      0.076     -0.080      0.000 4
 285  268      0.076     -0.230      0.000 4
  -1  270      0.079     -1.014      0.000 4
 282   -2      0.092     -1.076      0.000 4
 286   -2      0.101     -0.975      0.000 4
 284  272      0.106      0.149      0.000 4
 287  273      0.113      0.496      0.000 4
 288  274      0.117      0.099      0.000 4
  -1   -2      0.122     -0.082      0.000 4
 290  276      0.126      0.960      0.000 4
 291  277      0.131      0.926      0.000 4
 292  278      0.140     -0.954      0.000 4
  -1  279      0.142      0.750      0.000 4
 293  280      0.144      1.140      0.000 4
 294  281      0.147      0.201      0.000 4
 295  282      0.153     -0.557      0.000 4
 296  283      0.154     -0.677      0.000 4
 299  286      0.172      0.396      0.000 4
 298  287      0.172     -0.127      0.000 4
  -1   -2      0.181     -0.999      0.000 4
 300  288      0.188     -0.780      0.000 4
 301  291      0.197     -1.172      0.000 4
  -1   -2      0.198     -0.530      0.000 4
 303   -2      0.201      0.616      0.000 4
 304  293      0.211      0.008      0.000 4
 305  294      0.217     -1.102      0.000 4
 307  296      0.229     -0.971      0.000 4
 308  297      0.233     -0.192      0.000 4
 309  298      0.237      1.055      0.000 4
 310  303      0.246      0.130      0.000 4
 311   -2      0.247     -1.017      0.000 4
 312  300      0.254     -0.434      0.000 4
 313  301      0.255      0.801      0.000 4
 322  289      0.258      1.028      0.000 4
 314  299      0.258     -0.989      0.000 4
 316  302      0.260      0.258      0.000 4
 306  306      0.263     -0.400      0.000 4
 317   -2      0.269      0.168      0.000 4
  -1   -2      0.275      0.551      0.000 4
  -1  305      0.277      0.499      0.000 4
  -1  304      0.286     -0.181      0.000 4
 321  308      0.299      0.042      0.000 4
 323  311      0.306     -0.242      0.000 4
 324  310      0.306     -1.095      0.000 4
 325  312      0.308      1.105      0.000 4
 326  313      0.327     -1.174      0.000 4
  -1   -2      0.339      1.156      0.000 4
  -1  324      0.346      0.726      0.000 4
 327  315      0.351      0.045      0.000 4
 328  316      0.356      0.317      0.000 4
 329  318      0.366     -0.467      0.000 4
 330  317      0.367      0.172      0.000 4
 331  319      0.371     -0.882      0.000 4
  -1  327      0.373      0.595      0.000 4
 332  321      0.384     -0.522      0.000 4
  -1  322      0.392     -1.049      0.000 4
 334  323      0.396     -0.015      0.000 4
  -1   -2      0.413     -0.734      0.000 4
  -1   -2      0.416      1.150      0.000 4
 336  325      0.417     -0.958      0.000 4
  -1   -2      0.423      0.677      0.000 4
 340  330      0.430      0.807      0.000 4
 339  329      0.430     -0.621      0.000 4
 341  331      0.430     -0.666      0.000 4
  -1   -2      0.432      1.077      0.000 4
 342  328      0.432      0.343      0.000 4
 343  332      0.438     -0.483      0.000 4
 344  333      0.446     -0.047      0.000 4
  -1   -2      0.452      0.744      0.000 4
  -1   -2      0.464      0.534      0.000 4
 345  335      0.470      0.978      0.000 4
 346  334      0.473      0.830      0.000 4
 347  337      0.483     -0.856      0.000 4
 348  336      0.486     -0.682      0.000 4
 350  338      0.490     -0.982      0.000 4
 349   -2      0.494     -1.170      0.000 4
 352  342      0.518     -0.053      0.000 4
  -1  341      0.519      0.914      0.000 4
 353  343      0.526     -0.623      0.000 4
 354  344      0.527      0.550      0.000 4
 355   -2      0.532      0.589      0.000 4
  -1   -2      0.536      0.344      0.000 4
 357  346      0.539      0.979      0.000 4
 356  345      0.541     -0.976      0.000 4
  -1  339      0.553     -1.173      0.000 4
 359   -2      0.556      0.359      0.000 4
 360  348      0.558      1.110      0.000 4
 362  350      0.563      0.878      0.000 4
 363  351      0.571      0.609      0.000 4
 364  352      0.578      0.532      0.000 4
 365  353      0.589     -0.790      0.000 4
 358   -2      0.594     -0.438      0.000 4
 367  354      0.611     -1.037      0.000 4
 370  349      0.614     -0.972      0.000 4
 368  355      0.614      0.917      0.000 4
 375  347      0.616      0.317      0.000 4
 371  358      0.619      1.003      0.000 4
 369  357      0.620     -0.878      0.000 4
 373  360      0.625     -0.006      0.000 4
  -1   -2      0.655      0.495      0.000 4
 374  361      0.657     -1.169      0.000 4
  -1   -2      0.660     -0.072      0.000 4
 378  363      0.672     -0.397      0.000 4
 379  369      0.678     -0.678      0.000 4
  -1  365      0.685     -1.061      0.000 4
 381  368      0.693     -0.891      0.000 4
 383  366      0.693      0.367      0.000 4
 382   -2      0.694     -0.726      0.000 4
 384  367      0.695      0.420      0.000 4
 385  370      0.706      1.138      0.000 4
 386  371      0.712      0.683      0.000 4
 387  372      0.713     -0.080      0.000 4
 380  374      0.715     -0.918      0.000 4
  -1   -2      0.721     -0.214      0.000 4
 390  375      0.734     -0.663      0.000 4
  -1  376      0.739     -0.979      0.000 4
  -1  378      0.745     -1.095      0.000 4
 392  379      0.754     -0.036      0.000 4
 394  380      0.760      0.103      0.000 4
 396  381      0.776     -0.838      0.000 4
  -1  383      0.780      0.655      0.000 4
 397  384      0.788     -1.040      0.000 4
 398  382      0.789      0.178      0.000 4
 399   -2      0.792     -1.078      0.000 4
 400  385      0.795      0.946      0.000 4
  -1  394      0.799     -1.141      0.000 4
 404   -2      0.806      0.549      0.000 4
 405  386      0.807      0.451      0.000 4
 406  387      0.808     -0.153      0.000 4
 401  388      0.810     -0.978      0.000 4
 407   -2      0.812     -0.268      0.000 4
  -1   -2      0.815      0.507      0.000 4
 409  389      0.818      0.692      0.000 4
 408  391      0.819     -0.888      0.000 4
 410  392      0.826      0.744      0.000 4
 413  393      0.830      0.804      0.000 4
 412  395      0.832     -0.805      0.000 4
 414  396      0.840      0.251      0.000 4
 415   -2      0.843     -0.294      0.000 4
 418   -2      0.850      0.410      0.000 4
 417  397      0.850     -0.461      0.000 4
 419  398      0.856     -1.075      0.000 4
 420  399      0.864      1.109      0.000 4
  -1  400      0.868     -0.280      0.000 4
 388  433      0.873     -0.221      0.000 4
 421   -2      0.874      0.838      0.000 4
 423  402      0.875      0.553      0.000 4
  -1   -2      0.881     -0.973      0.000 4
 424  405      0.882     -0.545      0.000 4
 425  406      0.884      0.475      0.000 4
  -1  409      0.886      1.159      0.000 4
 426  407      0.888     -0.149      0.000 4
 438  390      0.891     -0.248      0.000 4
 430  410      0.898     -0.875      0.000 4
 431  411      0.901     -0.802      0.000 4
 433   -2      0.903     -0.942      0.000 4
 432  413      0.903     -1.006      0.000 4
 416   -2      0.906     -1.135      0.000 4
 435   -2      0.910      0.029      0.000 4
 436  416      0.922     -0.025      0.000 4
  -1  417      0.931     -0.999      0.000 4
 448  412      0.933     -0.862      0.000 4
 437  419      0.938     -1.078      0.000 4
  -1   -2      0.938     -0.534      0.000 4
 440  421      0.948      0.787      0.000 4
 441  420      0.953      0.685      0.000 4
 442  422      0.966      0.007      0.000 4
 439   -2      0.970     -1.174      0.000 4
 443  423      0.971     -0.322      0.000 4
  -1  424      0.979     -0.031      0.000 4
 445  426      0.982     -0.582      0.000 4
 427  440      0.985      0.606      0.000 4
 446  428      0.987     -1.106      0.000 4
  -1   -2      0.988      0.276      0.000 4
 447  429      0.997      0.181      0.000 4
 450   -2      1.000      0.111      0.000 4
 451  430      1.006      0.853      0.000 4
  -1  431      1.026     -0.666      0.000 4
 452  432      1.033      0.987      0.000 4
 453  436      1.064     -0.624      0.000 4
 454  438      1.078     -1.176      0.000 4
 455  439      1.094      1.038      0.000 4
 456  441      1.107     -0.942      0.000 4
 457  442      1.117     -0.518      0.000 4
 458  454      1.118     -0.046      0.000 4
 459  444      1.126     -0.977      0.000 4
 460  445      1.129     -0.741      0.000 4
 464  447      1.137     -1.172      0.000 4
 462  448      1.140     -0.824      0.000 4
 466   -2      1.150      1.025      0.000 4
 465  449      1.155      0.558      0.000 4
  -1  450      1.156     -0.333      0.000 4
  -1  452      1.159     -1.041      0.000 4
 467  451      1.164      0.393      0.000 4
 468  455      1.175     -0.456      0.000 4
 463   -2      1.199     -1.128      0.000 4
 471   -2      1.199     -0.145      0.000 4
 473  457      1.204     -0.519      0.000 4
 472  458      1.205      0.985      0.000 4
 469  468      1.210     -0.065      0.000 4
 475  462      1.229      0.913      0.000 4
 474  463      1.229     -0.456      0.000 4
  -1  464      1.234     -1.061      0.000 4
  -1  465      1.241     -0.547      0.000 4
 476  466      1.249     -1.101      0.000 4
 477   -2      1.258     -0.427      0.000 4
 479  471      1.284     -0.501      0.000 4
 480  470      1.284      0.178      0.000 4
  -1  467      1.295     -0.393      0.000 4
 481   -2      1.300     -0.895      0.000 4
  -1  473      1.318     -1.167      0.000 4
  -1   -2      1.325      0.027      0.000 4
 482  475      1.329      0.491      0.000 4
 483  476      1.330      0.237      0.000 4
 485  477      1.336     -0.184      0.000 4
 486  478      1.341     -1.000      0.000 4
 487  479      1.346     -0.279      0.000 4
 489  480      1.352      1.055      0.000 4
  -1  481      1.363     -0.853      0.000 4
  -1  482      1.364      1.160      0.000 4
 492  484      1.369     -0.333      0.000 4
 493  483      1.370      0.548      0.000 4
  -1  485      1.370     -0.389      0.000 4
 494  486      1.380     -0.908      0.000 4
 495  487      1.386     -0.131      0.000 4
  -1  488      1.389     -1.137      0.000 4
 498  489      1.400      0.265      0.000 4
 499  491      1.405     -0.855      0.000 4
 500  492      1.409      0.768      0.000 4
  -1  493      1.417      0.125      0.000 4
 488  512      1.426     -1.154      0.000 4
 496   -2      1.432     -0.945      0.000 4
 501  494      1.432      0.996      0.000 4
 504  496      1.441      0.399      0.000 4
 505   -2      1.442     -0.016      0.000 4
 502   -2      1.447     -0.965      0.000 4
  -1  498      1.448     -1.003      0.000 4
 506  500      1.451     -0.142      0.000 4
  -1  499      1.451     -1.174      0.000 4
 511  509      1.459     -1.077      0.000 4
 508  502      1.463     -0.613      0.000 4
 510   -2      1.463      0.090      0.000 4
 507  501      1.463     -0.199      0.000 4
 509  504      1.464     -0.650      0.000 4
 512  497      1.469      0.008      0.000 4
 513  506      1.480      0.649      0.000 4
 514  505      1.481      0.536      0.000 4
 515  508      1.500      0.352      0.000 4
 517  510      1.504      1.019      0.000 4
  -1  511      1.505      0.400      0.000 4
 519   -2      1.525      0.942      0.000 4
 520   -2      1.526     -1.109      0.000 4
  -1  495      1.534      0.777      0.000 4
 522  515      1.537      0.417      0.000 4
 524  516      1.540      1.059      0.000 4
 525  517      1.542     -0.814      0.000 4
 523  518      1.543     -1.175      0.000 4
 526  519      1.543     -0.934      0.000 4
  -1  503      1.548      0.026      0.000 4
 527  520      1.551     -0.708      0.000 4
