550
   2    1     -1.570     -0.028      0.000 4
   1    0     -1.565      0.852      0.000 4
   4   -2     -1.563     -0.150      0.000 4
   3    2     -1.559      0.259      0.000 4
  -1   -2     -1.549     -0.427      0.000 4
  -1    3     -1.541      0.800      0.000 4
  -1   -2     -1.536     -1.056      0.000 4
  -1    4     -1.527     -0.122      0.000 4
  -1    5     -1.517     -1.035      0.000 4
   6    6     -1.509      0.220      0.000 4
   7    9     -1.495      0.288      0.000 4
   9    8     -1.491      0.521      0.000 4
  11   10     -1.488     -0.730      0.000 4
  10   12     -1.485      0.651      0.000 4
  13   15     -1.484     -1.167      0.000 4
  -1   11     -1.483      0.857      0.000 4
  14   14     -1.482      0.406      0.000 4
  12   13     -1.482     -0.284      0.000 4
  -1   -2     -1.481      1.050      0.000 4
  -1   -2     -1.471     -0.381      0.000 4
  16   16     -1.466      1.004      0.000 4
  17   17     -1.461      0.156      0.000 4
  18   19     -1.454     -0.967      0.000 4
  19   20     -1.445     -0.598      0.000 4
  20   -2     -1.434      0.482      0.000 4
  24   -2     -1.429     -1.124      0.000 4
  21   22     -1.429     -0.292      0.000 4
  23   23     -1.426      0.338      0.000 4
  22   21     -1.426     -0.339      0.000 4
  -1   24     -1.415      0.703      0.000 4
  26   -2     -1.399      0.750      0.000 4
  27   25     -1.389     -0.377      0.000 4
  28   26     -1.387      0.282      0.000 4
  30   27     -1.384     -0.849      0.000 4
  29   28     -1.379      0.632      0.000 4
  31   29     -1.370      0.065      0.000 4
  33   30     -1.368      1.101      0.000 4
  34   32     -1.359      0.602      0.000 4
  35   31     -1.359     -0.886      0.000 4
  39   34     -1.349     -1.031      0.000 4
  -1   -2     -1.345      0.547      0.000 4
  37   35     -1.331      1.018      0.000 4
  42   36     -1.323     -1.129      0.000 4
  48   -2     -1.323      0.688      0.000 4
  -1   37     -1.322      1.074      0.000 4
  41   39     -1.321      0.917      0.000 4
  40   40     -1.321     -0.004      0.000 4
  46   33     -1.316     -1.165      0.000 4
  43   43     -1.305      0.168      0.000 4
  45   42     -1.295     -0.821      0.000 4
  -1   44     -1.293     -0.223      0.000 4
  47   47     -1.289     -0.330      0.000 4
  49   48     -1.280      0.548      0.000 4
  62   -2     -1.273     -0.980      0.000 4
  51   51     -1.262     -0.425      0.000 4
  52   52     -1.260     -0.619      0.000 4
  -1   -2     -1.250      0.044      0.000 4
  54   55     -1.244     -0.521      0.000 4
  55   54     -1.241      0.989      0.000 4
  57   56     -1.233     -0.826      0.000 4
  56   58     -1.232      0.503      0.000 4
  -1   57     -1.231     -1.178      0.000 4
  59   60     -1.202     -1.117      0.000 4
  58   61     -1.201      0.822      0.000 4
  60   62     -1.197     -0.122      0.000 4
  69   59     -1.197     -0.636      0.000 4
  71   63     -1.185     -1.080      0.000 4
  63   64     -1.173     -1.168      0.000 4
  64   67     -1.169      0.719      0.000 4
  65   66     -1.167     -0.862      0.000 4
  66   68     -1.164     -0.826      0.000 4
  -1   69     -1.155      0.918      0.000 4
  67   -2     -1.155      0.991      0.000 4
  72   70     -1.128     -0.345      0.000 4
  73   71     -1.119      0.398      0.000 4
  74   72     -1.115      1.033      0.000 4
  76   74     -1.109     -1.018      0.000 4
  75   73     -1.108     -1.055      0.000 4
  77   75     -1.099      0.645      0.000 4
  78   76     -1.082     -0.105      0.000 4
  79   77     -1.081     -0.369      0.000 4
  -1   78     -1.070     -0.479      0.000 4
  80   79     -1.059     -0.281      0.000 4
  82   80     -1.054      0.799      0.000 4
  81   81     -1.053      0.394      0.000 4
  -1   83     -1.049      0.262      0.000 4
  83   84     -1.039     -1.170      0.000 4
  -1  105     -1.037     -0.724      0.000 4
  85   85     -1.033     -1.053      0.000 4
  84   86     -1.033      0.475      0.000 4
  88   87     -1.018     -0.858      0.000 4
  87   88     -1.015     -0.160      0.000 4
  -1   96     -1.011     -0.242      0.000 4
  89   89     -1.008      0.575      0.000 4
  90   90     -1.004      0.388      0.000 4
  92   -2     -1.003     -0.771      0.000 4
  91   91     -0.999      0.188      0.000 4
  93   92     -0.994      1.022      0.000 4
  -1   -2     -0.991     -0.390      0.000 4
  95   94     -0.990      0.908      0.000 4
  96   95     -0.987     -0.431      0.000 4
  97   -2     -0.987     -0.211      0.000 4
  99   98     -0.977     -1.109      0.000 4
  86  106     -0.969      1.056      0.000 4
 101  100     -0.963      0.337      0.000 4
 104  104     -0.955     -1.006      0.000 4
 105  102     -0.950      0.776      0.000 4
  98   -2     -0.941     -0.935      0.000 4
  -1  103     -0.940      1.121      0.000 4
 108   -2     -0.909      1.082      0.000 4
 107   -2     -0.909     -0.766      0.000 4
 109  107     -0.904      0.568      0.000 4
 110  108     -0.897      0.305      0.000 4
  -1  114     -0.889     -1.092      0.000 4
  -1  110     -0.885     -0.088      0.000 4
  -1  119     -0.882     -1.168      0.000 4
 111  112     -0.862      0.691      0.000 4
 112  111     -0.862     -0.741      0.000 4
 114  113     -0.850     -0.613      0.000 4
 115  115     -0.844     -0.692      0.000 4
 116  116     -0.833     -0.443      0.000 4
 117  117     -0.832     -0.136      0.000 4
  -1  129     -0.829     -0.066      0.000 4
 118  120     -0.822     -0.215      0.000 4
 119  118     -0.822      1.089      0.000 4
  -1  122     -0.814      0.384      0.000 4
 121  121     -0.813      0.735      0.000 4
 124  123     -0.804     -0.011      0.000 4
 120   -2     -0.791      0.322      0.000 4
 127  127     -0.786      0.992      0.000 4
 126  130     -0.786      0.816      0.000 4
 128  132     -0.786      0.254      0.000 4
 113  141     -0.785     -1.030      0.000 4
 130  131     -0.782     -0.800      0.000 4
 131  133     -0.776     -0.753      0.000 4
 132  135     -0.774      0.396      0.000 4
 135  134     -0.772      0.887      0.000 4
  -1  136     -0.759      0.293      0.000 4
 134   -2     -0.755     -0.021      0.000 4
 137  137     -0.754     -0.930      0.000 4
 138  139     -0.744     -0.059      0.000 4
 139  138     -0.744     -0.449      0.000 4
 141  140     -0.739     -0.964      0.000 4
 140   -2     -0.737      0.383      0.000 4
 136   -2     -0.736     -1.010      0.000 4
  -1  142     -0.735     -0.784      0.000 4
 122  154     -0.734     -1.166      0.000 4
 143  143     -0.729      0.035      0.000 4
 144  144     -0.724      0.981      0.000 4
  -1   -2     -0.706     -0.354      0.000 4
 145  145     -0.704      1.111      0.000 4
 146  146     -0.698      0.138      0.000 4
 147  147     -0.696     -0.154      0.000 4
 150  150     -0.682      1.064      0.000 4
 151  152     -0.677     -0.558      0.000 4
 152  151     -0.677      1.010      0.000 4
 155  155     -0.665     -0.106      0.000 4
 153  156     -0.661     -0.655      0.000 4
 154  157     -0.658      0.729      0.000 4
 148   -2     -0.646     -1.078      0.000 4
  -1  161     -0.643      0.065      0.000 4
 160  159     -0.643      1.148      0.000 4
 161  160     -0.642     -0.570      0.000 4
 163  162     -0.628     -1.117      0.000 4
 162  163     -0.626     -1.006      0.000 4
 164  164     -0.616     -0.769      0.000 4
 165   -2     -0.615      1.075      0.000 4
 166  165     -0.613     -0.311      0.000 4
 167  166     -0.599      0.893      0.000 4
 168  167     -0.589     -0.435      0.000 4
 173   -2     -0.587     -1.109      0.000 4
 169  168     -0.582     -0.515      0.000 4
 170  169     -0.577     -0.283      0.000 4
 171  170     -0.575     -0.777      0.000 4
 172  171     -0.562      0.411      0.000 4
 175  172     -0.555     -0.983      0.000 4
 176  173     -0.553      1.059      0.000 4
 174  175     -0.553      0.043      0.000 4
 179   -2     -0.550     -1.174      0.000 4
 177  177     -0.541      0.350      0.000 4
 180  178     -0.530     -0.519      0.000 4
 182  179     -0.521     -0.240      0.000 4
 181  180     -0.520      0.268      0.000 4
  -1   -2     -0.519      0.822      0.000 4
 183  181     -0.518      0.546      0.000 4
 185  183     -0.514      0.680      0.000 4
  -1  182     -0.514      0.483      0.000 4
 197  176     -0.487     -1.173      0.000 4
 187  186     -0.479      0.980      0.000 4
 188  187     -0.476      0.079      0.000 4
 189  188     -0.472      0.187      0.000 4
 190  189     -0.469     -0.684      0.000 4
 191  190     -0.453     -0.053      0.000 4
 194  192     -0.438     -0.957      0.000 4
 193  194     -0.437     -0.135      0.000 4
  -1  210     -0.433     -1.061      0.000 4
 195  195     -0.430     -0.294      0.000 4
 192   -2     -0.425     -1.156      0.000 4
 198  196     -0.419     -0.848      0.000 4
 199  197     -0.413      0.451      0.000 4
  -1   -2     -0.395      1.079      0.000 4
 200  199     -0.395      0.759      0.000 4
 203   -2     -0.389      0.644      0.000 4
 204  201     -0.383     -0.615      0.000 4
 206  204     -0.377      0.326      0.000 4
 207  202     -0.376     -0.970      0.000 4
 201  207     -0.371     -0.193      0.000 4
 210  205     -0.367      1.075      0.000 4
 209  206     -0.367     -0.680      0.000 4
  -1  211     -0.362     -0.400      0.000 4
 211  208     -0.360      0.738      0.000 4
 212   -2     -0.354     -0.299      0.000 4
 213  213     -0.350      0.921      0.000 4
 214  212     -0.350      1.000      0.000 4
  -1  198     -0.348     -1.164      0.000 4
 215  214     -0.345     -0.262      0.000 4
 216  215     -0.337      0.885      0.000 4
  -1   -2     -0.333     -0.171      0.000 4
  -1  226     -0.330     -0.431      0.000 4
 205   -2     -0.316      0.466      0.000 4
 218  218     -0.307     -0.586      0.000 4
 219  219     -0.301     -0.943      0.000 4
  -1  217     -0.292     -0.857      0.000 4
 221  220     -0.291     -0.997      0.000 4
 220  221     -0.290      0.809      0.000 4
  -1  222     -0.286     -0.765      0.000 4
 222   -2     -0.283      0.310      0.000 4
 225  224     -0.270     -1.169      0.000 4
 226   -2     -0.266     -1.084      0.000 4
 224  225     -0.263      0.283      0.000 4
  -1  228     -0.251     -0.202      0.000 4
 228  229     -0.240      0.420      0.000 4
 229  231     -0.234     -0.692      0.000 4
 230  233     -0.232     -0.412      0.000 4
 227   -2     -0.231      0.763      0.000 4
 232  227     -0.227     -1.092      0.000 4
  -1  240     -0.215     -0.574      0.000 4
 234   -2     -0.213     -1.006      0.000 4
 233  234     -0.212      0.123      0.000 4
 238   -2     -0.198     -1.069      0.000 4
 236  237     -0.195      0.723      0.000 4
 237  238     -0.188     -0.819      0.000 4
 239  239     -0.182      1.107      0.000 4
  -1   -2     -0.164     -0.588      0.000 4
 260  241     -0.157     -0.135      0.000 4
  -1  243     -0.152      0.069      0.000 4
  -1  242     -0.151     -0.898      0.000 4
 245   -2     -0.147     -1.120      0.000 4
 240  245     -0.146     -0.272      0.000 4
 244   -2     -0.143     -0.617      0.000 4
 247  248     -0.131     -1.037      0.000 4
 246  247     -0.130     -0.671      0.000 4
  -1   -2     -0.119     -0.968      0.000 4
 248  249     -0.118     -0.195      0.000 4
 249  250     -0.113      0.489      0.000 4
 250  251     -0.109      0.385      0.000 4
 253  253     -0.104      1.116      0.000 4
 251  254     -0.101      0.631      0.000 4
 257  246     -0.099     -1.144      0.000 4
 252  255     -0.093     -0.090      0.000 4
 255  256     -0.086      1.157      0.000 4
 254  257     -0.085      0.331      0.000 4
  -1  265     -0.082      0.592      0.000 4
 259  261     -0.064      0.226      0.000 4
  -1  259     -0.064     -0.170      0.000 4
 261  260     -0.063     -0.644      0.000 4
  -1   -2     -0.059     -1.000      0.000 4
 263  263     -0.048     -0.341      0.000 4
 264  264     -0.047      0.352      0.000 4
 262   -2     -0.046     -0.575      0.000 4
 265   -2     -0.041      0.596      0.000 4
 258  273     -0.026      0.764      0.000 4
 266  267     -0.021     -0.016      0.000 4
 267  268     -0.001     -0.490      0.000 4
 273  258      0.006     -1.151      0.000 4
 268  270      0.009      0.573      0.000 4
 269  271      0.012      0.992      0.000 4
 270  272      0.015      0.315      0.000 4
 272  274      0.031      0.373      0.000 4
 274  276      0.034      0.042      0.000 4
 275   -2      0.041      0.583      0.000 4
 276  279      0.049     -0.918      0.000 4
 277  280      0.054      0.335      0.000 4
 278  281      0.061      0.915      0.000 4
 279  284      0.066     -1.092      0.000 4
 280  283      0.067      0.663      0.000 4
  -1  288      0.067     -1.034      0.000 4
  -1  278      0.067      0.590      0.000 4
 282  286      0.077     -0.933      0.000 4
  -1   -2      0.078      0.804      0.000 4
  -1   -2      0.082      1.156      0.000 4
 283  289      0.099      0.146      0.000 4
 285   -2      0.107     -1.167      0.000 4
 284  291      0.107      0.457      0.000 4
 286  292      0.111      0.100      0.000 4
  -1  294      0.114     -0.065      0.000 4
 288   -2      0.127      0.980      0.000 4
 290   -2      0.133      0.885      0.000 4
 301  285      0.133      0.767      0.000 4
  -1   -2      0.134     -1.075      0.000 4
 291  295      0.136      0.850      0.000 4
 292  296      0.137     -0.950      0.000 4
  -1  308      0.148      0.026      0.000 4
 295  297      0.150      1.057      0.000 4
 296  299      0.151     -0.609      0.000 4
  -1  298      0.151     -0.495      0.000 4
  -1  300      0.157     -0.687      0.000 4
  -1   -2      0.163     -1.129      0.000 4
 298  301      0.167     -0.269      0.000 4
  -1  302      0.171     -0.102      0.000 4
 299  303      0.175      0.365      0.000 4
 300  304      0.186     -0.708      0.000 4
 305  293      0.189     -1.169      0.000 4
 293  318      0.199     -0.469      0.000 4
  -1  306      0.200      0.976      0.000 4
 306  307      0.210      0.563      0.000 4
 308   -2      0.213      0.020      0.000 4
 303   -2      0.216      1.056      0.000 4
 313  309      0.217     -1.022      0.000 4
 309  311      0.225     -0.579      0.000 4
 310  312      0.227     -0.895      0.000 4
 311  313      0.236     -0.161      0.000 4
 312  315      0.249      0.978      0.000 4
 297   -2      0.256     -0.664      0.000 4
 314   -2      0.258     -0.383      0.000 4
 315   -2      0.259     -0.910      0.000 4
 316   -2      0.267      0.734      0.000 4
  -1   -2      0.271      0.952      0.000 4
 318  321      0.271      0.242      0.000 4
 317  320      0.271      1.124      0.000 4
  -1   -2      0.279     -0.162      0.000 4
  -1  319      0.281     -0.856      0.000 4
 320  322      0.282      0.161      0.000 4
 322  314      0.303     -1.023      0.000 4
  -1   -2      0.309      0.714      0.000 4
 323   -2      0.310     -0.338      0.000 4
 326  325      0.313     -0.206      0.000 4
 324  324      0.313      0.048      0.000 4
 328  323      0.314     -1.172      0.000 4
 327  326      0.318     -0.406      0.000 4
 330   -2      0.323      1.030      0.000 4
  -1  317      0.332     -0.607      0.000 4
  -1   -2      0.344      1.174      0.000 4
 332  331      0.368      0.050      0.000 4
 333  333      0.373     -0.818      0.000 4
  -1   -2      0.375      1.137      0.000 4
 335  334      0.377      0.294      0.000 4
 337  336      0.387     -0.421      0.000 4
 338  337      0.389      0.164      0.000 4
 336  338      0.390     -0.984      0.000 4
  -1  344      0.391     -1.074      0.000 4
 339   -2      0.394     -0.474      0.000 4
  -1  329      0.417      1.032      0.000 4
 341  339      0.420     -0.898      0.000 4
 342  340      0.420     -0.006      0.000 4
 344  341      0.422     -0.678      0.000 4
 343  343      0.422     -1.125      0.000 4
 345   -2      0.424     -1.033      0.000 4
  -1  346      0.426      0.712      0.000 4
  -1   -2      0.434     -0.936      0.000 4
 346  345      0.441     -0.614      0.000 4
  -1   -2      0.444      1.118      0.000 4
 340   -2      0.450      0.569      0.000 4
 347  348      0.450      0.319      0.000 4
 348  347      0.456     -0.440      0.000 4
 349   -2      0.457      0.751      0.000 4
 351  351      0.473      0.689      0.000 4
 352  350      0.474     -0.035      0.000 4
 350  356      0.479     -1.162      0.000 4
 353  352      0.483     -1.118      0.000 4
 354   -2      0.485      0.319      0.000 4
 355  355      0.488     -0.803      0.000 4
 358  353      0.492     -0.360      0.000 4
 365   -2      0.497      0.772      0.000 4
 381   -2      0.497     -0.170      0.000 4
 359   -2      0.498      0.441      0.000 4
 360  358      0.499     -0.631      0.000 4
 362  359      0.504     -0.965      0.000 4
 364  361      0.520      0.329      0.000 4
  -1   -2      0.534     -0.798      0.000 4
 366   -2      0.537     -0.918      0.000 4
 367  362      0.539     -0.582      0.000 4
 368  365      0.553     -0.044      0.000 4
 363  380      0.555     -1.170      0.000 4
  -1  364      0.558     -0.963      0.000 4
 369  366      0.559     -0.441      0.000 4
 370  367      0.561      0.916      0.000 4
 371  368      0.566      0.509      0.000 4
 372  369      0.570      0.548      0.000 4
 373  370      0.572      1.045      0.000 4
 374  371      0.575      0.321      0.000 4
 375  373      0.590      0.821      0.000 4
 376  375      0.599     -0.749      0.000 4
 377   -2      0.604     -0.996      0.000 4
 379  376      0.620      0.494      0.000 4
  -1  378      0.623     -0.684      0.000 4
 382  379      0.626     -0.843      0.000 4
 384  384      0.640      0.946      0.000 4
 385  381      0.641      0.862      0.000 4
 383   -2      0.641     -1.151      0.000 4
 386   -2      0.644     -0.460      0.000 4
 388  383      0.648     -0.497      0.000 4
 389  385      0.684     -1.035      0.000 4
 401  382      0.697     -0.451      0.000 4
  -1   -2      0.698     -1.173      0.000 4
 392  389      0.702     -0.863      0.000 4
 393  388      0.703     -0.378      0.000 4
  -1  390      0.705     -0.063      0.000 4
  -1   -2      0.707     -1.098      0.000 4
 391   -2      0.707      0.300      0.000 4
 394  392      0.709     -0.700      0.000 4
 395  393      0.717      1.087      0.000 4
  -1  394      0.718     -0.999      0.000 4
 396   -2      0.723      1.173      0.000 4
 398  391      0.738     -1.077      0.000 4
 399  396      0.745      0.394      0.000 4
 400  395      0.746      0.342      0.000 4
 402  397      0.751     -0.643      0.000 4
 403  398      0.755      0.646      0.000 4
 404  399      0.758     -0.075      0.000 4
 387  412      0.762     -0.201      0.000 4
 407  403      0.786      0.921      0.000 4
 406  404      0.787     -1.030      0.000 4
 409  405      0.802     -0.038      0.000 4
 408  406      0.802     -0.984      0.000 4
 410   -2      0.815      0.095      0.000 4
 411  408      0.822      0.904      0.000 4
 412  410      0.823     -0.544      0.000 4
 414  411      0.825     -0.876      0.000 4
 413  407      0.827     -1.136      0.000 4
  -1  414      0.841     -0.795      0.000 4
 416   -2      0.843     -0.202      0.000 4
 417  413      0.845      0.166      0.000 4
  -1  415      0.851     -1.068      0.000 4
  -1   -2      0.856     -0.154      0.000 4
  -1  417      0.858     -0.268      0.000 4
 421  418      0.863      0.427      0.000 4
 422  419      0.865      0.658      0.000 4
 450   -2      0.872      0.713      0.000 4
 425   -2      0.873      0.480      0.000 4
 426  422      0.877      1.072      0.000 4
 427  423      0.881     -0.455      0.000 4
 429  424      0.898      0.235      0.000 4
 430   -2      0.901      1.111      0.000 4
  -1  425      0.901     -0.874      0.000 4
  -1  426      0.901     -1.006      0.000 4
  -1   -2      0.906     -0.172      0.000 4
 431  427      0.907     -0.543      0.000 4
 415  429      0.912     -0.801      0.000 4
 432  421      0.915      0.808      0.000 4
 433  430      0.917      1.177      0.000 4
 419   -2      0.917     -0.324      0.000 4
 435  433      0.931     -1.002      0.000 4
 436  431      0.931      0.027      0.000 4
 438  432      0.932      0.528      0.000 4
 439  434      0.934     -0.250      0.000 4
 440  435      0.935     -0.153      0.000 4
 437  436      0.937     -1.080      0.000 4
 428  437      0.941     -0.867      0.000 4
 443  438      0.942     -0.700      0.000 4
 444  439      0.945      0.455      0.000 4
 445   -2      0.975     -0.286      0.000 4
 447  440      0.975     -0.036      0.000 4
 462   -2      0.980     -1.118      0.000 4
 448  441      0.982     -0.240      0.000 4
  -1  447      0.990      0.708      0.000 4
 441   -2      0.991      0.765      0.000 4
 452   -2      1.002      0.670      0.000 4
 451   -2      1.003     -0.821      0.000 4
 453  443      1.005     -0.589      0.000 4
  -1  444      1.012     -0.327      0.000 4
 456  445      1.023     -0.005      0.000 4
 459  446      1.034      0.268      0.000 4
  -1   -2      1.036      0.718      0.000 4
 458  449      1.041      0.838      0.000 4
 461   -2      1.059      0.102      0.000 4
 460  452      1.059      0.971      0.000 4
 446   -2      1.066     -1.171      0.000 4
 463  455      1.082     -0.642      0.000 4
 481   -2      1.083      0.636      0.000 4
  -1  451      1.085      0.079      0.000 4
 465  462      1.101     -0.561      0.000 4
 466  457      1.111      1.031      0.000 4
 467  458      1.111     -0.967      0.000 4
 468  460      1.134     -1.175      0.000 4
 469  461      1.137     -0.769      0.000 4
 470   -2      1.139     -0.541      0.000 4
 471  463      1.143      0.268      0.000 4
 473  465      1.157      1.029      0.000 4
 474  464      1.157      0.879      0.000 4
 472  466      1.159     -1.069      0.000 4
 475   -2      1.167      0.960      0.000 4
 478   -2      1.187     -1.164      0.000 4
 477  468      1.187      0.284      0.000 4
 479  469      1.190     -0.358      0.000 4
 480  470      1.203     -0.485      0.000 4
 482  472      1.225      0.392      0.000 4
  -1   -2      1.228     -0.139      0.000 4
 483  473      1.229     -0.551      0.000 4
 484  474      1.230      0.992      0.000 4
  -1   -2      1.234     -1.102      0.000 4
 486  478      1.255     -0.491      0.000 4
  -1  479      1.272     -0.992      0.000 4
 485  481      1.279     -1.169      0.000 4
 488  480      1.285     -0.465      0.000 4
 489  483      1.305     -0.943      0.000 4
 490  482      1.305     -0.544      0.000 4
 492   -2      1.320     -0.436      0.000 4
 493  484      1.336      0.176      0.000 4
 494  485      1.343     -1.051      0.000 4
 495  486      1.367     -0.907      0.000 4
 496  487      1.369      1.080      0.000 4
 497  488      1.371     -0.216      0.000 4
 499  489      1.378     -0.319      0.000 4
 501  490      1.380      0.239      0.000 4
 502  491      1.381      0.509      0.000 4
 503  492      1.384     -0.965      0.000 4
 504  493      1.395     -0.437      0.000 4
 505  494      1.396     -0.375      0.000 4
 506  496      1.409     -0.914      0.000 4
 507  497      1.418      0.574      0.000 4
 500  503      1.425     -1.162      0.000 4
 509  499      1.446      0.268      0.000 4
 511  500      1.449      0.804      0.000 4
 510  502      1.451     -1.067      0.000 4
  -1  501      1.453     -1.018      0.000 4
  -1   -2      1.455      1.037      0.000 4
 512  505      1.474     -0.714      0.000 4
 513  504      1.475     -0.037      0.000 4
 514  506      1.483     -0.180      0.000 4
  -1   -2      1.487     -0.236      0.000 4
 515  508      1.488      0.418      0.000 4
 516  509      1.501      0.076      0.000 4
 517  507      1.504     -1.041      0.000 4
  -1  510      1.507     -0.706      0.000 4
  -1  514      1.510     -1.134      0.000 4
 518  511      1.522      0.687      0.000 4
 520  512      1.525      0.566      0.000 4
 519  513      1.528      1.066      0.000 4
 521   -2      1.531     -1.167      0.000 4
 522  515      1.538     -0.578      0.000 4
 523  516      1.540      0.369      0.000 4
 524  517      1.544      0.106      0.000 4
 525  519      1.545     -0.885      0.000 4
  -1  518      1.545      0.766      0.000 4
 526  520      1.547     -1.001      0.000 4
  -1   -2      1.554      0.812      0.000 4
 527  521      1.558     -0.778      0.000 4
 528  522      1.563      1.109      0.000 4
 529  523      1.570      0.442      0.000 4
