534
   0    0     -1.574      0.335      0.000 4
  -1   -2     -1.570      0.272      0.000 4
   1   -2     -1.565      0.499      0.000 4
   3    2     -1.563     -0.903      0.000 4
   2    3     -1.563      0.638      0.000 4
  -1   -2     -1.557     -1.125      0.000 4
   4    4     -1.551      0.177      0.000 4
   6   -2     -1.542      1.097      0.000 4
   7    6     -1.542      0.786      0.000 4
   5    5     -1.542     -0.385      0.000 4
   8    7     -1.524      0.411      0.000 4
   9   -2     -1.522     -0.493      0.000 4
  13    8     -1.521      0.587      0.000 4
  10   -2     -1.520     -0.947      0.000 4
  11   10     -1.495      0.339      0.000 4
  12   11     -1.490     -0.441      0.000 4
  -1   -2     -1.481     -0.872      0.000 4
  14   13     -1.479      0.063      0.000 4
  -1    9     -1.477     -0.624      0.000 4
  18   15     -1.461     -0.731      0.000 4
  20   16     -1.455      1.148      0.000 4
  19   12     -1.454     -1.166      0.000 4
  21   17     -1.451     -0.480      0.000 4
  22   18     -1.450      0.750      0.000 4
  -1   19     -1.446      0.881      0.000 4
  24   21     -1.436     -0.025      0.000 4
  25   20     -1.435      0.023      0.000 4
  26   23     -1.428      0.190      0.000 4
  -1   -2     -1.419     -0.292      0.000 4
  27   24     -1.412     -1.103      0.000 4
  15   -2     -1.396     -0.635      0.000 4
  29   33     -1.389      0.800      0.000 4
  -1   27     -1.384      0.455      0.000 4
  31   28     -1.382      0.639      0.000 4
  30   -2     -1.382     -1.124      0.000 4
  -1   29     -1.376     -0.037      0.000 4
  32   30     -1.373     -0.411      0.000 4
  33   31     -1.361     -0.771      0.000 4
  -1   32     -1.358     -0.974      0.000 4
  34   -2     -1.357      0.752      0.000 4
  37   34     -1.334      1.033      0.000 4
  38   35     -1.333     -0.513      0.000 4
  39   37     -1.326     -0.158      0.000 4
  40   36     -1.326     -1.011      0.000 4
  43   39     -1.297     -0.611      0.000 4
  -1   -2     -1.293     -0.126      0.000 4
  45   41     -1.289     -0.720      0.000 4
  44   42     -1.285     -1.160      0.000 4
  46   40     -1.280     -0.935      0.000 4
  47   43     -1.274     -1.108      0.000 4
  48   46     -1.264      0.449      0.000 4
  63   47     -1.252      0.699      0.000 4
  49   45     -1.252      0.048      0.000 4
  51   48     -1.248      0.914      0.000 4
  53   50     -1.244      0.800      0.000 4
  54   49     -1.242      1.089      0.000 4
  55   52     -1.231     -0.400      0.000 4
  56   55     -1.229     -0.126      0.000 4
  57   54     -1.227     -0.723      0.000 4
  60   56     -1.223     -1.086      0.000 4
  61   57     -1.219     -0.930      0.000 4
  -1   -2     -1.210     -0.863      0.000 4
  62   60     -1.202      0.434      0.000 4
  -1   61     -1.200      0.711      0.000 4
  64   53     -1.187      1.002      0.000 4
  65   62     -1.185     -0.418      0.000 4
  66   63     -1.182     -0.320      0.000 4
  67   64     -1.180     -0.992      0.000 4
  70   66     -1.175     -1.172      0.000 4
  68   65     -1.173      0.603      0.000 4
  69   67     -1.171      0.519      0.000 4
  -1   -2     -1.167      0.204      0.000 4
  71   68     -1.164     -0.182      0.000 4
  74   -2     -1.161      1.077      0.000 4
  72   70     -1.158      0.419      0.000 4
  -1   -2     -1.158      0.730      0.000 4
  76   73     -1.149     -0.954      0.000 4
  77   75     -1.131     -0.200      0.000 4
  79   76     -1.131      0.619      0.000 4
  78   77     -1.131     -0.242      0.000 4
  80   78     -1.126      0.362      0.000 4
  81   79     -1.118      0.858      0.000 4
  82   80     -1.110      1.110      0.000 4
  83   81     -1.105     -1.176      0.000 4
  -1   82     -1.097     -1.091      0.000 4
  84   83     -1.085     -0.467      0.000 4
  86   -2     -1.069     -1.012      0.000 4
  85   84     -1.069      0.322      0.000 4
  87   85     -1.062     -0.787      0.000 4
  88   86     -1.053     -1.098      0.000 4
  -1   87     -1.050     -0.095      0.000 4
  89   88     -1.035      0.592      0.000 4
  91   90     -1.032     -1.152      0.000 4
  90   89     -1.030      0.952      0.000 4
  -1   -2     -1.016     -0.836      0.000 4
  92   91     -1.011     -0.921      0.000 4
  93   92     -1.002      1.070      0.000 4
  94   93     -0.994     -0.139      0.000 4
  -1   95     -0.981      0.339      0.000 4
  -1   94     -0.979     -1.125      0.000 4
  95   96     -0.979     -0.019      0.000 4
  96   97     -0.974     -0.220      0.000 4
  97   98     -0.965      0.705      0.000 4
  99  101     -0.943      0.322      0.000 4
  -1  104     -0.942     -0.546      0.000 4
 101  100     -0.942      0.920      0.000 4
 100  116     -0.941     -0.453      0.000 4
 102  109     -0.939      0.397      0.000 4
 103  102     -0.933     -0.987      0.000 4
 105   -2     -0.917     -0.628      0.000 4
 107   -2     -0.916     -1.061      0.000 4
 106  107     -0.915     -0.054      0.000 4
 108   -2     -0.913      0.741      0.000 4
 109   -2     -0.912     -0.231      0.000 4
 111  106     -0.906     -1.166      0.000 4
 110  110     -0.906      0.039      0.000 4
  -1   -2     -0.903      0.381      0.000 4
 113  111     -0.898     -0.766      0.000 4
  -1  112     -0.892     -0.712      0.000 4
  -1  105     -0.879     -0.233      0.000 4
 116  114     -0.875      0.140      0.000 4
 118  115     -0.860      0.813      0.000 4
 117  117     -0.859     -0.143      0.000 4
 119   -2     -0.855     -0.444      0.000 4
 123  118     -0.837     -1.169      0.000 4
 121  119     -0.834      1.048      0.000 4
 128   -2     -0.831     -0.095      0.000 4
 122  120     -0.830      0.879      0.000 4
 112  144     -0.822      1.094      0.000 4
  -1  122     -0.819      0.070      0.000 4
 127  124     -0.818     -0.913      0.000 4
 126  123     -0.817      0.987      0.000 4
 125  125     -0.816     -0.756      0.000 4
  -1  127     -0.792     -1.174      0.000 4
 130  129     -0.767     -0.539      0.000 4
 131  130     -0.763      0.957      0.000 4
  -1  131     -0.763     -1.113      0.000 4
 133  132     -0.754     -0.933      0.000 4
 134   -2     -0.752     -1.152      0.000 4
 132  134     -0.751     -0.287      0.000 4
 129   -2     -0.750      0.850      0.000 4
 135  135     -0.737     -0.671      0.000 4
  -1  137     -0.729     -1.083      0.000 4
 138  139     -0.724      0.050      0.000 4
  -1   -2     -0.723     -0.211      0.000 4
 139  140     -0.718     -0.256      0.000 4
 146  136     -0.714     -1.012      0.000 4
 141  142     -0.706      0.332      0.000 4
 142   -2     -0.697      1.032      0.000 4
 144  143     -0.696     -1.172      0.000 4
 145  146     -0.684     -0.479      0.000 4
 147   -2     -0.682     -1.141      0.000 4
 148  148     -0.664     -0.210      0.000 4
 149  147     -0.663     -0.736      0.000 4
 151  150     -0.662      0.819      0.000 4
 150  149     -0.661      0.856      0.000 4
 152  153     -0.657      0.446      0.000 4
  -1  152     -0.656     -0.882      0.000 4
  -1   -2     -0.650      0.503      0.000 4
  -1  156     -0.642      1.066      0.000 4
 154   -2     -0.640      1.105      0.000 4
 155  157     -0.637      0.081      0.000 4
 158   -2     -0.635      1.028      0.000 4
 157  159     -0.632      0.174      0.000 4
 159  160     -0.630     -0.473      0.000 4
 161  161     -0.622      0.627      0.000 4
 162   -2     -0.622     -0.735      0.000 4
  -1  162     -0.617     -1.053      0.000 4
 163  163     -0.617     -0.976      0.000 4
 165  164     -0.608     -0.034      0.000 4
 160  174     -0.591     -1.089      0.000 4
 169  167     -0.577      0.992      0.000 4
 170  169     -0.565     -0.940      0.000 4
  -1   -2     -0.561      0.004      0.000 4
 171  170     -0.560     -0.248      0.000 4
 174  172     -0.549      0.410      0.000 4
 185  165     -0.542     -1.169      0.000 4
 175  175     -0.535     -0.617      0.000 4
  -1  173     -0.527     -1.158      0.000 4
 177  176     -0.526      1.111      0.000 4
 176  177     -0.526      0.895      0.000 4
 178  178     -0.515      0.293      0.000 4
 179  179     -0.502     -0.149      0.000 4
 180   -2     -0.484     -0.452      0.000 4
 181  183     -0.479      0.674      0.000 4
 182  184     -0.479     -0.244      0.000 4
  -1   -2     -0.478     -1.174      0.000 4
 183  186     -0.468     -0.210      0.000 4
 184  187     -0.464     -0.533      0.000 4
  -1  188     -0.457     -1.105      0.000 4
 186  189     -0.456     -0.762      0.000 4
 187  190     -0.450     -0.872      0.000 4
 188  191     -0.448      0.647      0.000 4
 190  192     -0.434     -0.588      0.000 4
 192   -2     -0.420      1.115      0.000 4
 193  196     -0.414     -0.657      0.000 4
 194  197     -0.401      0.268      0.000 4
 195  199     -0.396      0.774      0.000 4
 197  203     -0.395      0.958      0.000 4
 196  201     -0.393      0.469      0.000 4
 198  200     -0.389     -0.868      0.000 4
 201  204     -0.386     -0.493      0.000 4
 199  202     -0.386      0.882      0.000 4
 172   -2     -0.370     -1.168      0.000 4
 202  205     -0.367     -0.151      0.000 4
 203  206     -0.358      0.696      0.000 4
  -1  208     -0.356     -0.396      0.000 4
 205  207     -0.354     -1.123      0.000 4
 219   -2     -0.350     -1.081      0.000 4
 207  210     -0.347      0.361      0.000 4
 208  211     -0.337     -0.649      0.000 4
 218  194     -0.334      1.138      0.000 4
 220  213     -0.330     -0.735      0.000 4
 209   -2     -0.325      0.112      0.000 4
 211  214     -0.324     -0.327      0.000 4
 212  215     -0.321     -0.820      0.000 4
  -1  216     -0.311      0.677      0.000 4
 213  217     -0.301      0.645      0.000 4
 214  219     -0.300     -0.869      0.000 4
 215  220     -0.291     -0.571      0.000 4
  -1   -2     -0.284     -1.121      0.000 4
 216  221     -0.282      0.023      0.000 4
 221  225     -0.264      0.605      0.000 4
 222  224     -0.261     -0.949      0.000 4
 224  230     -0.260      0.855      0.000 4
 223  226     -0.252     -1.165      0.000 4
 225  227     -0.250      0.075      0.000 4
  -1  228     -0.247     -1.063      0.000 4
  -1   -2     -0.247      0.033      0.000 4
 229   -2     -0.226     -1.093      0.000 4
 226  231     -0.225     -0.202      0.000 4
  -1  218     -0.222     -0.439      0.000 4
 217  242     -0.221      0.379      0.000 4
 230  234     -0.205     -0.139      0.000 4
 231   -2     -0.186      0.324      0.000 4
 234  235     -0.186     -0.645      0.000 4
 233  236     -0.186      0.407      0.000 4
 235  238     -0.181     -1.058      0.000 4
 241  237     -0.176     -0.538      0.000 4
 237  239     -0.176      1.126      0.000 4
 236  240     -0.174     -0.051      0.000 4
 239  250     -0.162     -0.246      0.000 4
 238  241     -0.161      0.519      0.000 4
 240   -2     -0.159      0.280      0.000 4
 242  245     -0.139      0.196      0.000 4
 245  244     -0.136     -0.872      0.000 4
 244   -2     -0.134     -0.114      0.000 4
  -1   -2     -0.129     -0.332      0.000 4
  -1  243     -0.127     -1.130      0.000 4
  -1   -2     -0.123     -0.523      0.000 4
 247  249     -0.119      1.133      0.000 4
  -1   -2     -0.112     -0.250      0.000 4
 250  252     -0.110      0.295      0.000 4
 246   -2     -0.109      0.578      0.000 4
 256  251     -0.105     -1.168      0.000 4
 251  253     -0.104     -0.502      0.000 4
 252  255     -0.089      0.487      0.000 4
 254  256     -0.085      0.971      0.000 4
 255  259     -0.078     -0.934      0.000 4
 257  261     -0.067     -0.322      0.000 4
 258  260     -0.067      1.082      0.000 4
  -1   -2     -0.042     -0.365      0.000 4
  -1  247     -0.039     -0.093      0.000 4
  -1   -2     -0.037     -1.112      0.000 4
  -1  266     -0.024      0.470      0.000 4
  -1   -2     -0.024     -1.073      0.000 4
 253  286     -0.015      0.050      0.000 4
 263  265     -0.014      1.014      0.000 4
 260  269     -0.010      0.308      0.000 4
 270   -2     -0.006     -1.171      0.000 4
  -1   -2      0.003     -1.023      0.000 4
 265  270      0.003      0.115      0.000 4
 266  272      0.008      0.812      0.000 4
 267  273      0.014      0.473      0.000 4
 268  274      0.019      0.281      0.000 4
 272  264      0.020     -1.116      0.000 4
  -1  268      0.029     -0.025      0.000 4
 271  271      0.039     -1.047      0.000 4
 278  275      0.052      0.536      0.000 4
 274  277      0.059      0.743      0.000 4
 275  280      0.063     -0.908      0.000 4
 276  281      0.069     -0.752      0.000 4
  -1   -2      0.069     -1.082      0.000 4
 277  282      0.074      0.135      0.000 4
  -1  284      0.083     -0.195      0.000 4
 279  285      0.083     -0.565      0.000 4
 280   -2      0.086      0.101      0.000 4
  -1   -2      0.091     -0.026      0.000 4
 281  276      0.097     -1.161      0.000 4
 286  289      0.136      0.800      0.000 4
 283  290      0.140     -0.959      0.000 4
 288  291      0.141     -0.367      0.000 4
 289  292      0.144      0.696      0.000 4
 290  293      0.145     -1.021      0.000 4
  -1  294      0.153      0.556      0.000 4
 293   -2      0.153     -1.064      0.000 4
 294  295      0.166      0.869      0.000 4
 295  296      0.177      0.302      0.000 4
 296  297      0.184     -0.549      0.000 4
 297  298      0.192     -1.028      0.000 4
 298  299      0.193     -1.171      0.000 4
  -1  300      0.199     -0.350      0.000 4
 301  301      0.215     -0.846      0.000 4
 302  303      0.219      1.073      0.000 4
  -1  305      0.219      0.900      0.000 4
 303  304      0.220     -1.056      0.000 4
 304  306      0.221      0.037      0.000 4
  -1   -2      0.223      0.798      0.000 4
 305   -2      0.223     -0.222      0.000 4
 311  308      0.224     -0.591      0.000 4
 307  307      0.229      0.457      0.000 4
 310  309      0.240     -1.014      0.000 4
 309  310      0.247     -0.105      0.000 4
 312  311      0.272     -0.284      0.000 4
 313  312      0.280      0.799      0.000 4
 314  314      0.289      1.007      0.000 4
 315  315      0.297      0.936      0.000 4
 316  316      0.300      0.208      0.000 4
 318   -2      0.304     -0.855      0.000 4
  -1   -2      0.327     -1.076      0.000 4
 319  320      0.334     -1.174      0.000 4
  -1  318      0.339     -0.252      0.000 4
 320  319      0.350      0.057      0.000 4
 322   -2      0.353      0.744      0.000 4
 325  322      0.358      0.854      0.000 4
 324  321      0.358      1.141      0.000 4
 326  323      0.361     -1.036      0.000 4
 327  324      0.366     -1.117      0.000 4
 328  325      0.368      0.285      0.000 4
 330  326      0.386     -0.322      0.000 4
 331  327      0.387     -1.091      0.000 4
 332  328      0.391     -0.676      0.000 4
 333   -2      0.401     -1.124      0.000 4
 335  329      0.419     -0.983      0.000 4
 336  330      0.421      0.055      0.000 4
 337  331      0.425     -0.327      0.000 4
 338  333      0.432     -0.759      0.000 4
  -1   -2      0.434     -0.374      0.000 4
 339  334      0.438      0.248      0.000 4
 341  335      0.451      0.144      0.000 4
 340  336      0.453     -0.559      0.000 4
 342   -2      0.458      0.745      0.000 4
 343  337      0.459      1.057      0.000 4
  -1   -2      0.461     -1.171      0.000 4
 344   -2      0.466      0.778      0.000 4
 321  361      0.477     -0.505      0.000 4
 347   -2      0.479     -0.991      0.000 4
  -1  339      0.484     -0.465      0.000 4
  -1  341      0.485     -1.125      0.000 4
 348  340      0.488      0.007      0.000 4
 349   -2      0.491     -1.152      0.000 4
 351   -2      0.499      0.581      0.000 4
 352  344      0.503     -0.355      0.000 4
  -1   -2      0.508     -0.213      0.000 4
 353  346      0.514     -0.688      0.000 4
 354  347      0.525      0.619      0.000 4
 355   -2      0.526      0.517      0.000 4
 356  348      0.529      0.467      0.000 4
 359  349      0.529      0.267      0.000 4
  -1  350      0.534      1.154      0.000 4
 357  351      0.537     -0.532      0.000 4
 360  352      0.546     -0.797      0.000 4
 361  353      0.548     -0.020      0.000 4
  -1  364      0.550      0.763      0.000 4
  -1   -2      0.557      0.574      0.000 4
 363   -2      0.562     -0.826      0.000 4
 364  357      0.569     -0.861      0.000 4
 365  358      0.570      0.642      0.000 4
 366  362      0.583      1.148      0.000 4
 367   -2      0.588     -0.497      0.000 4
  -1  354      0.589      0.572      0.000 4
 368   -2      0.594     -1.165      0.000 4
  -1  356      0.602     -0.808      0.000 4
 370  365      0.611     -0.908      0.000 4
 362   -2      0.613      0.717      0.000 4
 371  366      0.618     -1.060      0.000 4
 372   -2      0.619      1.149      0.000 4
 373  367      0.620      0.900      0.000 4
 374  368      0.627      0.776      0.000 4
 375  369      0.633     -0.668      0.000 4
 383  363      0.644     -1.056      0.000 4
 377  372      0.652     -0.762      0.000 4
  -1  373      0.664     -0.613      0.000 4
 379  374      0.666      0.425      0.000 4
 380  376      0.671      0.457      0.000 4
 381  375      0.673      0.697      0.000 4
 382   -2      0.677      1.046      0.000 4
  -1  377      0.680      0.270      0.000 4
 384  378      0.700     -1.087      0.000 4
 385  381      0.708      0.817      0.000 4
 386  382      0.709     -0.420      0.000 4
 387  383      0.713      0.279      0.000 4
  -1  380      0.719     -0.143      0.000 4
 389  384      0.720      0.739      0.000 4
 388  385      0.721     -0.805      0.000 4
  -1  387      0.726     -1.120      0.000 4
  -1   -2      0.726      1.056      0.000 4
 391  388      0.732      0.415      0.000 4
 390  389      0.732     -1.029      0.000 4
  -1  390      0.739     -0.235      0.000 4
 394  391      0.749     -0.648      0.000 4
  -1   -2      0.752      1.048      0.000 4
 396  392      0.758     -1.075      0.000 4
 397  393      0.762      0.961      0.000 4
  -1  386      0.781      1.060      0.000 4
 402  397      0.782     -0.010      0.000 4
 398  399      0.783     -0.346      0.000 4
 401  400      0.787     -1.038      0.000 4
 403  398      0.790     -0.989      0.000 4
 404  401      0.795      0.911      0.000 4
 405  402      0.801     -0.607      0.000 4
  -1  404      0.809     -0.788      0.000 4
 406  405      0.826      0.215      0.000 4
  -1   -2      0.831      0.957      0.000 4
 407  407      0.832     -1.112      0.000 4
 409  406      0.840      0.255      0.000 4
 411  408      0.841      0.669      0.000 4
  -1  410      0.844     -0.855      0.000 4
 422   -2      0.845     -1.052      0.000 4
  -1   -2      0.865      0.751      0.000 4
 415  415      0.870     -0.779      0.000 4
 395  442      0.872     -0.202      0.000 4
 412   -2      0.873     -0.084      0.000 4
 417  416      0.874      0.563      0.000 4
 414  419      0.876      1.132      0.000 4
 420  417      0.880      0.338      0.000 4
 421  418      0.881      0.292      0.000 4
 419  420      0.890     -1.156      0.000 4
 408  421      0.898     -1.006      0.000 4
 423  412      0.903      0.813      0.000 4
 410   -2      0.911     -0.946      0.000 4
  -1  422      0.917     -0.875      0.000 4
 424  424      0.923      0.986      0.000 4
 425  423      0.924     -0.050      0.000 4
 426  431      0.936     -1.083      0.000 4
 427  426      0.936      1.098      0.000 4
 428  427      0.937     -0.807      0.000 4
  -1   -2      0.939      0.285      0.000 4
  -1  428      0.949      0.069      0.000 4
 431  429      0.957     -0.268      0.000 4
 430  430      0.957     -0.459      0.000 4
 432  432      0.970     -0.550      0.000 4
 433  433      0.971     -0.164      0.000 4
 434  434      0.981      0.699      0.000 4
 435   -2      0.982     -0.294      0.000 4
 436  436      0.989      0.643      0.000 4
 437  438      0.992      0.595      0.000 4
 439  437      0.995      0.134      0.000 4
 429   -2      0.998      0.203      0.000 4
  -1  439      1.002      0.465      0.000 4
 440  440      1.008      0.379      0.000 4
 447  441      1.016      0.745      0.000 4
  -1   -2      1.023     -0.853      0.000 4
 443   -2      1.027     -0.241      0.000 4
 446  444      1.049      0.201      0.000 4
 448  446      1.055     -0.177      0.000 4
 449  447      1.057     -0.623      0.000 4
  -1   -2      1.069      0.992      0.000 4
 451  448      1.074      0.487      0.000 4
 452  452      1.091     -0.271      0.000 4
 453  451      1.093      0.420      0.000 4
 454  453      1.101     -0.367      0.000 4
 455  455      1.109     -1.029      0.000 4
 456  454      1.110     -0.064      0.000 4
  -1  457      1.118      1.015      0.000 4
 458  456      1.119      0.939      0.000 4
 459  458      1.124     -0.698      0.000 4
  -1  461      1.139      0.809      0.000 4
 462  462      1.143     -1.144      0.000 4
 461  466      1.154      0.694      0.000 4
 463  468      1.154     -0.623      0.000 4
 465  463      1.155     -0.037      0.000 4
 466   -2      1.158     -0.928      0.000 4
 457  464      1.160      1.017      0.000 4
 468  465      1.164     -0.842      0.000 4
 470   -2      1.177      0.569      0.000 4
 472   -2      1.189     -0.025      0.000 4
 471   -2      1.193     -0.615      0.000 4
 474  469      1.200      0.070      0.000 4
 475  470      1.203      0.143      0.000 4
  -1   -2      1.241     -0.998      0.000 4
 479  471      1.243      0.877      0.000 4
  -1  472      1.252     -0.253      0.000 4
  -1   -2      1.255     -0.304      0.000 4
 481  474      1.259     -0.570      0.000 4
 477  481      1.265     -0.942      0.000 4
 482  475      1.265     -0.434      0.000 4
 483  476      1.270     -0.647      0.000 4
 484  478      1.285      1.017      0.000 4
 486  479      1.288      0.251      0.000 4
  -1   -2      1.288     -0.113      0.000 4
  -1   -2      1.291     -0.918      0.000 4
 488  482      1.305     -0.589      0.000 4
 487  477      1.308     -1.059      0.000 4
 478  491      1.324     -1.170      0.000 4
 489  485      1.327      0.276      0.000 4
  -1  486      1.338     -0.568      0.000 4
 492  488      1.347     -0.659      0.000 4
 493  489      1.366      0.402      0.000 4
 494  490      1.373     -1.038      0.000 4
 491  502      1.386     -1.167      0.000 4
 495  496      1.397     -1.080      0.000 4
  -1  480      1.407     -0.177      0.000 4
 497  494      1.409      1.148      0.000 4
 499  495      1.411      0.453      0.000 4
  -1   -2      1.422      0.032      0.000 4
  -1   -2      1.435     -1.143      0.000 4
 502  497      1.437     -0.564      0.000 4
 503  498      1.439     -0.428      0.000 4
  -1  499      1.443     -0.320      0.000 4
 504  501      1.448     -0.494      0.000 4
 506  500      1.448      0.157      0.000 4
 507   -2      1.453     -1.170      0.000 4
 508   -2      1.474     -1.136      0.000 4
 509  504      1.481      0.671      0.000 4
  -1   -2      1.491     -0.250      0.000 4
 511  505      1.491      0.238      0.000 4
 510  506      1.491     -0.869      0.000 4
 513  508      1.498      0.567      0.000 4
  -1  511      1.505      1.127      0.000 4
 516  512      1.527      0.648      0.000 4
 517  514      1.534      0.904      0.000 4
 519  517      1.534     -0.571      0.000 4
 518  516      1.537     -0.345      0.000 4
 520  518      1.541     -0.279      0.000 4
 521  519      1.545      0.287      0.000 4
 522  520      1.546     -0.099      0.000 4
 523  521      1.552     -1.162      0.000 4
 524  522      1.559     -0.735      0.000 4
 526  524      1.560     -0.309      0.000 4
 525  523      1.563     -1.048      0.000 4
 527  525      1.567      1.174      0.000 4
  -1  526      1.572      0.046      0.000 4
 529  527      1.574     -0.945      0.000 4
