530
   0    0     -1.573     -0.469      0.000 4
  -1    9     -1.572     -1.172      0.000 4
   1    2     -1.571      0.464      0.000 4
   2    3     -1.567      0.884      0.000 4
  -1    5     -1.567      0.671      0.000 4
   4    6     -1.554      0.385      0.000 4
   5    7     -1.549     -1.004      0.000 4
   7    8     -1.532      0.055      0.000 4
   8   10     -1.520     -0.526      0.000 4
  -1   -2     -1.512     -0.343      0.000 4
  -1   12     -1.505     -0.989      0.000 4
  10   13     -1.503      0.007      0.000 4
  11   -2     -1.497     -0.719      0.000 4
  12   14     -1.496     -0.047      0.000 4
  13   15     -1.495      0.208      0.000 4
  14   16     -1.492      0.924      0.000 4
  16   17     -1.483      0.838      0.000 4
  15   18     -1.482     -0.564      0.000 4
  17   -2     -1.480     -0.753      0.000 4
  19   19     -1.478      0.796      0.000 4
  24   -2     -1.467     -1.104      0.000 4
  20   20     -1.465      0.972      0.000 4
  21   22     -1.463     -0.824      0.000 4
  -1   -2     -1.463     -0.965      0.000 4
  -1   23     -1.453     -1.169      0.000 4
  23   24     -1.449     -0.058      0.000 4
  27   28     -1.418     -0.481      0.000 4
  36   11     -1.415     -0.721      0.000 4
  -1   21     -1.414     -0.932      0.000 4
  -1   -2     -1.409     -1.095      0.000 4
  29   29     -1.406      0.648      0.000 4
  30   31     -1.397     -0.195      0.000 4
  26   30     -1.395      0.833      0.000 4
  -1   -2     -1.388      0.274      0.000 4
  32   35     -1.344      0.491      0.000 4
  33   36     -1.333      1.112      0.000 4
  -1   -2     -1.322      0.525      0.000 4
  -1   39     -1.318     -0.682      0.000 4
  37   40     -1.315     -0.155      0.000 4
  39   41     -1.301      0.762      0.000 4
  38   -2     -1.299     -1.160      0.000 4
  40   43     -1.298     -0.794      0.000 4
  41   42     -1.296     -1.095      0.000 4
  43   44     -1.291     -0.456      0.000 4
  42   45     -1.290      0.472      0.000 4
  44   46     -1.281      0.864      0.000 4
  46   47     -1.273     -1.001      0.000 4
  45   -2     -1.267      0.217      0.000 4
  47   49     -1.265      0.978      0.000 4
  -1   58     -1.263     -0.651      0.000 4
  48   50     -1.254     -0.362      0.000 4
  49   51     -1.253      0.559      0.000 4
  51   52     -1.252      0.764      0.000 4
  52   54     -1.251     -0.211      0.000 4
  50   55     -1.251      0.454      0.000 4
  54   53     -1.243     -1.027      0.000 4
  53   56     -1.243     -0.467      0.000 4
  56   -2     -1.236     -1.122      0.000 4
  58   57     -1.230      1.153      0.000 4
  57   59     -1.228      0.387      0.000 4
  59   60     -1.221     -0.225      0.000 4
  60   61     -1.216     -0.274      0.000 4
  -1   -2     -1.206      0.792      0.000 4
  61   -2     -1.202     -0.935      0.000 4
  62   63     -1.201     -1.000      0.000 4
  -1   64     -1.200      0.660      0.000 4
  -1   62     -1.196     -0.480      0.000 4
  -1   65     -1.193     -1.164      0.000 4
  65   66     -1.175      0.342      0.000 4
  66   -2     -1.154     -0.108      0.000 4
  -1   67     -1.152      1.126      0.000 4
  67   68     -1.151      0.903      0.000 4
  -1   -2     -1.143      1.169      0.000 4
  68   70     -1.142     -0.507      0.000 4
  69   69     -1.141     -0.980      0.000 4
  71   71     -1.130     -1.018      0.000 4
  72   73     -1.111      0.619      0.000 4
  74   74     -1.098      1.155      0.000 4
  73   75     -1.098     -0.153      0.000 4
  75   77     -1.091     -0.016      0.000 4
  76   78     -1.087      0.348      0.000 4
  -1   80     -1.075     -0.038      0.000 4
  77   82     -1.072     -0.235      0.000 4
  78   83     -1.072      0.270      0.000 4
  79   81     -1.071     -0.835      0.000 4
  80   86     -1.055      0.437      0.000 4
  81   85     -1.053      0.327      0.000 4
  -1   87     -1.049      0.988      0.000 4
  82   88     -1.044      0.408      0.000 4
  86   84     -1.034     -1.162      0.000 4
  84   91     -1.030      0.727      0.000 4
  83   92     -1.029     -0.059      0.000 4
  85   93     -1.022      0.037      0.000 4
  -1   -2     -1.016     -0.237      0.000 4
  88   95     -1.010      0.390      0.000 4
  89   97     -1.009     -0.473      0.000 4
  90   99     -1.003     -0.968      0.000 4
  92  100     -1.000      1.100      0.000 4
  91  101     -0.996      0.140      0.000 4
  94  102     -0.969      0.754      0.000 4
  -1   -2     -0.969      0.940      0.000 4
  93  103     -0.969     -0.148      0.000 4
  97  104     -0.962     -0.653      0.000 4
 100   -2     -0.951     -0.972      0.000 4
  -1  105     -0.946     -1.029      0.000 4
 101  107     -0.945     -0.099      0.000 4
  -1   -2     -0.941      0.062      0.000 4
 109  108     -0.938     -1.169      0.000 4
 103  109     -0.929     -0.454      0.000 4
 105  110     -0.922     -0.735      0.000 4
 104  127     -0.922      0.636      0.000 4
 106  111     -0.918     -0.789      0.000 4
 107  113     -0.911      0.820      0.000 4
 108  112     -0.907     -1.022      0.000 4
 111  114     -0.901     -1.094      0.000 4
 110  115     -0.900      1.126      0.000 4
 136   96     -0.891     -1.170      0.000 4
  98  132     -0.884     -0.988      0.000 4
  -1   -2     -0.872     -0.614      0.000 4
  95   -2     -0.870      0.881      0.000 4
 115  119     -0.848     -0.286      0.000 4
 119  120     -0.843     -0.772      0.000 4
 118  121     -0.842      1.053      0.000 4
 116  124     -0.841      0.049      0.000 4
 117   -2     -0.841      0.740      0.000 4
 120  123     -0.838      0.987      0.000 4
 114  122     -0.831      0.694      0.000 4
  -1  125     -0.831      0.831      0.000 4
 122  126     -0.830     -0.541      0.000 4
  -1  118     -0.824     -1.171      0.000 4
 124  129     -0.822      1.095      0.000 4
 123  130     -0.820     -0.253      0.000 4
  -1  131     -0.814      0.321      0.000 4
 128   -2     -0.811     -0.981      0.000 4
 134   -2     -0.803     -0.945      0.000 4
 125   -2     -0.802      0.282      0.000 4
 126  134     -0.798      0.246      0.000 4
 127  135     -0.794      0.840      0.000 4
 129  136     -0.787     -0.400      0.000 4
 121  151     -0.784      0.951      0.000 4
  -1  138     -0.782     -0.672      0.000 4
 131  139     -0.768     -0.206      0.000 4
  -1  140     -0.764      0.432      0.000 4
 132  142     -0.756     -0.470      0.000 4
  -1  141     -0.755     -0.942      0.000 4
 133  144     -0.754      0.080      0.000 4
  -1   -2     -0.753     -1.155      0.000 4
 135  145     -0.748      0.172      0.000 4
  -1   -2     -0.747      0.485      0.000 4
  -1  148     -0.729     -0.967      0.000 4
 138  149     -0.721     -0.030      0.000 4
 140  143     -0.718     -1.164      0.000 4
 139  150     -0.717     -0.251      0.000 4
 141   -2     -0.715      1.012      0.000 4
 142  152     -0.712      0.820      0.000 4
 144  153     -0.707     -1.014      0.000 4
 143  154     -0.706     -0.457      0.000 4
 145  155     -0.703      0.601      0.000 4
  -1  156     -0.700     -0.724      0.000 4
 148  157     -0.693     -0.097      0.000 4
 149  158     -0.680     -1.175      0.000 4
 151  160     -0.660     -0.717      0.000 4
 150  161     -0.658     -0.232      0.000 4
 152   -2     -0.655      0.999      0.000 4
 154  162     -0.655      1.032      0.000 4
 163  164     -0.648      0.382      0.000 4
 155  163     -0.647      1.176      0.000 4
 156  165     -0.645      1.073      0.000 4
 157   -2     -0.638     -1.159      0.000 4
 158  167     -0.623      0.276      0.000 4
 159  166     -0.620     -0.960      0.000 4
 160  170     -0.608     -0.140      0.000 4
 161  169     -0.606     -1.036      0.000 4
 162  172     -0.603      0.952      0.000 4
  -1  173     -0.594      0.260      0.000 4
  -1   -2     -0.593      1.156      0.000 4
 164  174     -0.590     -0.589      0.000 4
  -1  176     -0.569     -0.222      0.000 4
 168  171     -0.566     -0.904      0.000 4
 166  177     -0.566      0.848      0.000 4
 165  178     -0.565     -0.190      0.000 4
 169  179     -0.551      0.628      0.000 4
 170   -2     -0.541      0.765      0.000 4
 172  180     -0.534      1.059      0.000 4
 171   -2     -0.532     -0.666      0.000 4
 173  181     -0.529     -0.496      0.000 4
 175  182     -0.520      0.600      0.000 4
 180  183     -0.509      0.332      0.000 4
 178  185     -0.506     -1.172      0.000 4
 177  188     -0.503      0.253      0.000 4
  -1  187     -0.493     -0.544      0.000 4
 179  186     -0.493     -0.715      0.000 4
 181  190     -0.471     -0.826      0.000 4
 182  192     -0.465     -0.608      0.000 4
  -1   -2     -0.460     -0.130      0.000 4
  -1  193     -0.454     -0.446      0.000 4
 187  191     -0.454     -0.961      0.000 4
 185  194     -0.450      0.712      0.000 4
 186  195     -0.437      0.329      0.000 4
 190  196     -0.431      0.815      0.000 4
 188  198     -0.428      0.886      0.000 4
 189  197     -0.428      1.044      0.000 4
 191  199     -0.419      0.636      0.000 4
 192  200     -0.418      0.109      0.000 4
  -1  201     -0.413     -1.157      0.000 4
 193  202     -0.412     -0.809      0.000 4
 194  204     -0.401     -0.288      0.000 4
 198   -2     -0.383     -0.589      0.000 4
 197  205     -0.371      0.610      0.000 4
 199  206     -0.363      0.579      0.000 4
 200  208     -0.349     -0.752      0.000 4
 202  209     -0.345     -0.511      0.000 4
  -1  216     -0.341     -1.052      0.000 4
 206  210     -0.334      1.048      0.000 4
 205   -2     -0.333      0.074      0.000 4
 204   -2     -0.331     -0.073      0.000 4
  -1   -2     -0.327     -0.012      0.000 4
 208  211     -0.323     -0.794      0.000 4
 207  212     -0.322      0.540      0.000 4
 203  219     -0.289     -1.168      0.000 4
  -1   -2     -0.279     -1.126      0.000 4
 211  218     -0.276     -0.112      0.000 4
 212  217     -0.274     -0.866      0.000 4
 213   -2     -0.261     -0.601      0.000 4
 214  220     -0.255      0.288      0.000 4
  -1  214     -0.253      0.821      0.000 4
 216  221     -0.248     -0.978      0.000 4
 217  223     -0.244     -0.037      0.000 4
 222   -2     -0.239      1.136      0.000 4
 219   -2     -0.233     -0.464      0.000 4
 221  225     -0.230     -1.088      0.000 4
 223  226     -0.224     -0.565      0.000 4
 220   -2     -0.223      0.251      0.000 4
 225  227     -0.218     -0.209      0.000 4
 224  228     -0.216      0.457      0.000 4
 240   -2     -0.209     -1.167      0.000 4
 226  230     -0.202      0.179      0.000 4
 227  231     -0.196     -0.088      0.000 4
 230  224     -0.192     -0.484      0.000 4
 228  233     -0.180      1.012      0.000 4
 229   -2     -0.177     -0.960      0.000 4
 231  235     -0.166      0.262      0.000 4
 232  234     -0.166     -0.206      0.000 4
 234  238     -0.154     -0.773      0.000 4
  -1   -2     -0.153      0.502      0.000 4
 235  239     -0.146     -0.431      0.000 4
 236  241     -0.141      0.018      0.000 4
 237  242     -0.135      0.425      0.000 4
 239  244     -0.122      1.011      0.000 4
  -1  245     -0.115     -0.264      0.000 4
 241  247     -0.099      0.856      0.000 4
  -1  248     -0.091     -0.827      0.000 4
  -1  249     -0.086     -1.128      0.000 4
 242  251     -0.085     -0.304      0.000 4
  -1  250     -0.083     -1.168      0.000 4
 243  252     -0.078     -1.084      0.000 4
 244  253     -0.077      0.240      0.000 4
 245  254     -0.072      0.958      0.000 4
 246  256     -0.062      0.405      0.000 4
 247  258     -0.055      0.054      0.000 4
  -1  255     -0.054     -1.000      0.000 4
 253  269     -0.020      1.145      0.000 4
 251  261     -0.018      0.891      0.000 4
 254  262     -0.015      0.410      0.000 4
 255  263     -0.014      0.247      0.000 4
 252  265     -0.011     -0.014      0.000 4
  -1  264     -0.009      0.704      0.000 4
 249  266      0.007     -0.942      0.000 4
 258   -2      0.009     -0.114      0.000 4
 259  267      0.032      0.461      0.000 4
  -1  268      0.036     -1.164      0.000 4
 262  270      0.047      0.644      0.000 4
 257  274      0.048      0.126      0.000 4
  -1  275      0.049     -1.063      0.000 4
 263  271      0.054     -0.645      0.000 4
 264  272      0.055     -0.792      0.000 4
  -1   -2      0.058     -0.973      0.000 4
 266  277      0.063     -0.011      0.000 4
 265   -2      0.064      0.096      0.000 4
  -1  281      0.076      0.323      0.000 4
  -1  282      0.086     -1.155      0.000 4
 280   -2      0.091      0.449      0.000 4
  -1  283      0.091     -0.653      0.000 4
 270  285      0.097     -0.165      0.000 4
 271  286      0.105     -1.024      0.000 4
 272  287      0.105      0.892      0.000 4
 273   -2      0.120      0.049      0.000 4
 274  288      0.121     -0.382      0.000 4
  -1  289      0.126     -0.300      0.000 4
 276  290      0.135     -1.101      0.000 4
 267  307      0.140     -0.445      0.000 4
 279  292      0.142      0.601      0.000 4
 281  293      0.145     -0.949      0.000 4
 282  296      0.172      0.753      0.000 4
 283  297      0.176      0.265      0.000 4
 284  298      0.181     -0.463      0.000 4
  -1  299      0.186     -0.910      0.000 4
 285  300      0.194     -0.286      0.000 4
 287  302      0.202     -1.124      0.000 4
 286  301      0.202     -1.165      0.000 4
 288  304      0.213     -0.736      0.000 4
 290  306      0.225      0.042      0.000 4
  -1   -2      0.226     -0.368      0.000 4
 291  308      0.228      0.945      0.000 4
 292  309      0.229     -0.621      0.000 4
 294  312      0.233     -1.146      0.000 4
 296  314      0.238      0.396      0.000 4
 297  313      0.244     -0.302      0.000 4
 289   -2      0.246     -1.022      0.000 4
 293  321      0.246      0.757      0.000 4
 298  315      0.253     -0.078      0.000 4
 299  316      0.271     -0.436      0.000 4
 300  317      0.271     -1.100      0.000 4
 301  318      0.279     -0.231      0.000 4
 302  319      0.286     -1.173      0.000 4
 304   -2      0.290      0.112      0.000 4
 305   -2      0.295      0.696      0.000 4
 307  322      0.304      0.884      0.000 4
 308   -2      0.307     -0.753      0.000 4
 309  324      0.314      0.818      0.000 4
 310  325      0.319      0.185      0.000 4
 311   -2      0.319      0.565      0.000 4
  -1  332      0.324     -0.968      0.000 4
 312  326      0.325      0.513      0.000 4
 313  328      0.341     -1.172      0.000 4
 314  329      0.344     -1.083      0.000 4
 315  330      0.347     -0.033      0.000 4
  -1  331      0.355     -0.206      0.000 4
  -1  334      0.358      0.329      0.000 4
 316   -2      0.358     -0.936      0.000 4
  -1  336      0.359     -1.015      0.000 4
 317   -2      0.362      0.416      0.000 4
 306  335      0.372      1.019      0.000 4
 319  337      0.375      0.056      0.000 4
 332   -2      0.377      0.646      0.000 4
 318   -2      0.382     -0.993      0.000 4
 320  338      0.383      0.748      0.000 4
 333  323      0.401     -0.593      0.000 4
  -1  327      0.405      0.144      0.000 4
 323  342      0.409     -0.273      0.000 4
 324  343      0.421     -0.891      0.000 4
 325  344      0.431      0.845      0.000 4
 339  339      0.436     -1.151      0.000 4
 327  346      0.445     -0.678      0.000 4
 328  347      0.454     -0.281      0.000 4
 329  348      0.457      0.051      0.000 4
 331  350      0.462     -0.323      0.000 4
 334  352      0.473      1.117      0.000 4
 335  355      0.481      0.944      0.000 4
 336  354      0.483      0.217      0.000 4
 337  357      0.486     -0.612      0.000 4
 341  359      0.495      0.127      0.000 4
 343  360      0.502     -0.448      0.000 4
 357  345      0.505     -1.170      0.000 4
  -1  363      0.517     -0.767      0.000 4
 348  364      0.532      0.007      0.000 4
 347  365      0.534     -0.623      0.000 4
 349  366      0.535     -0.314      0.000 4
  -1  367      0.536     -1.096      0.000 4
 350  368      0.551      1.044      0.000 4
  -1  369      0.554     -0.094      0.000 4
 351  370      0.555      0.365      0.000 4
 352  371      0.563     -0.483      0.000 4
 353  372      0.566     -0.746      0.000 4
 354  374      0.577      0.546      0.000 4
  -1  373      0.580      0.015      0.000 4
 356  375      0.581      0.451      0.000 4
 355  376      0.581     -0.797      0.000 4
 359  377      0.587      0.403      0.000 4
 346   -2      0.587      1.175      0.000 4
 362  379      0.596      0.676      0.000 4
 364  380      0.605     -0.019      0.000 4
 371  378      0.606      0.231      0.000 4
  -1  382      0.620     -0.852      0.000 4
 366  383      0.620     -1.000      0.000 4
 367  385      0.625     -0.455      0.000 4
 368  384      0.627      0.564      0.000 4
 369  386      0.630      1.103      0.000 4
 370  387      0.632      1.050      0.000 4
 380  381      0.634     -1.168      0.000 4
 373   -2      0.649      0.501      0.000 4
 372  388      0.658     -0.623      0.000 4
 374  389      0.663      0.806      0.000 4
 376  391      0.670     -0.719      0.000 4
 377  390      0.671      0.637      0.000 4
 378  392      0.681      0.692      0.000 4
 379  393      0.684     -0.925      0.000 4
 382  396      0.710     -0.035      0.000 4
  -1  405      0.713     -0.463      0.000 4
 384  397      0.734     -0.995      0.000 4
 383  398      0.735      0.620      0.000 4
 385   -2      0.739     -0.772      0.000 4
 386  402      0.744      0.393      0.000 4
 388   -2      0.752     -1.050      0.000 4
 389  406      0.753      0.975      0.000 4
  -1   -2      0.759     -0.407      0.000 4
 391  407      0.763      0.738      0.000 4
 392   -2      0.770     -0.815      0.000 4
 393   -2      0.774     -0.574      0.000 4
 394   -2      0.781     -0.626      0.000 4
 395  408      0.783      0.666      0.000 4
 405   -2      0.785     -0.140      0.000 4
 397  409      0.790     -0.973      0.000 4
  -1  416      0.792     -0.725      0.000 4
 398  410      0.796     -0.232      0.000 4
 400  411      0.801      0.883      0.000 4
 401  412      0.808      0.983      0.000 4
 404  413      0.810      0.370      0.000 4
 406  415      0.819     -1.099      0.000 4
  -1   -2      0.819     -0.398      0.000 4
 413  401      0.828     -0.772      0.000 4
 408  417      0.834     -0.593      0.000 4
 415  403      0.838     -1.040      0.000 4
 410  418      0.839     -0.338      0.000 4
 412  419      0.841     -1.083      0.000 4
 411  420      0.855     -0.846      0.000 4
  -1  421      0.866     -1.126      0.000 4
 402  430      0.877     -1.163      0.000 4
 414  423      0.891      1.067      0.000 4
 416  424      0.906      1.168      0.000 4
 417   -2      0.912      0.924      0.000 4
 419  425      0.923      0.207      0.000 4
 420   -2      0.927      0.693      0.000 4
 421  426      0.937     -0.608      0.000 4
 424  428      0.952     -0.816      0.000 4
  -1  436      0.954      0.987      0.000 4
 425  431      0.956      1.045      0.000 4
 422   -2      0.957     -0.095      0.000 4
 427  432      0.959      0.517      0.000 4
 429  434      0.960      0.759      0.000 4
 426  433      0.961      0.932      0.000 4
 428  435      0.964     -0.891      0.000 4
 432   -2      0.970      0.970      0.000 4
 430   -2      0.974      0.305      0.000 4
  -1  438      0.976      0.261      0.000 4
 434   -2      1.003     -0.732      0.000 4
 435  439      1.003     -0.475      0.000 4
 436  440      1.007     -0.069      0.000 4
 437  441      1.008     -0.568      0.000 4
 441  442      1.022     -0.230      0.000 4
 446  443      1.023     -0.287      0.000 4
 440  444      1.032     -0.880      0.000 4
  -1   -2      1.040      0.046      0.000 4
 443  448      1.056     -0.954      0.000 4
  -1   -2      1.057      0.664      0.000 4
  -1  450      1.069      1.159      0.000 4
 444  449      1.072      0.611      0.000 4
 445  451      1.078      0.564      0.000 4
 447  452      1.081      0.113      0.000 4
 448  453      1.086     -0.656      0.000 4
 449  454      1.088      0.714      0.000 4
  -1   -2      1.089      0.065      0.000 4
 450  456      1.093     -0.227      0.000 4
  -1   -2      1.098     -0.267      0.000 4
 452   -2      1.101     -0.770      0.000 4
 453  458      1.103     -1.071      0.000 4
 455  457      1.106     -0.298      0.000 4
 456  459      1.107      0.357      0.000 4
 451   -2      1.109      0.409      0.000 4
 454  460      1.113     -1.175      0.000 4
 457  461      1.130     -0.204      0.000 4
 459  463      1.144      0.180      0.000 4
 458  465      1.145     -0.744      0.000 4
 460  467      1.154      1.144      0.000 4
 461  466      1.154     -0.303      0.000 4
 463  468      1.158     -0.403      0.000 4
 475  464      1.161     -0.983      0.000 4
 465  471      1.164      0.926      0.000 4
 467  472      1.167      0.469      0.000 4
 466  473      1.169     -0.894      0.000 4
  -1   -2      1.177      0.519      0.000 4
 470  474      1.188      0.404      0.000 4
 469  476      1.191      1.008      0.000 4
  -1  475      1.191     -0.093      0.000 4
 472  477      1.201      0.803      0.000 4
  -1   -2      1.208     -0.485      0.000 4
  -1   -2      1.213      0.633      0.000 4
 473  478      1.219     -0.669      0.000 4
 474   -2      1.227      1.124      0.000 4
 468  493      1.228      0.689      0.000 4
  -1   -2      1.230     -0.199      0.000 4
 478  482      1.237     -0.069      0.000 4
 480  479      1.240      1.026      0.000 4
 479  486      1.260      0.215      0.000 4
 486   -2      1.268      0.251      0.000 4
  -1  485      1.273      0.976      0.000 4
 489  484      1.279     -0.947      0.000 4
  -1  480      1.279     -0.313      0.000 4
 483  488      1.285      0.044      0.000 4
 484  489      1.286     -0.637      0.000 4
  -1  491      1.291      0.901      0.000 4
 481  492      1.301     -1.137      0.000 4
 487  494      1.306     -0.498      0.000 4
 488  495      1.315      1.037      0.000 4
  -1  496      1.324     -0.046      0.000 4
 491  497      1.330     -0.666      0.000 4
 492  499      1.362     -0.649      0.000 4
 493  500      1.363     -0.741      0.000 4
  -1   -2      1.367      0.993      0.000 4
  -1  504      1.368     -1.163      0.000 4
 494  502      1.370     -1.125      0.000 4
 495   -2      1.372      0.251      0.000 4
  -1  503      1.393      0.415      0.000 4
 496   -2      1.398     -0.630      0.000 4
 499  505      1.408      0.274      0.000 4
 498  507      1.412      1.176      0.000 4
 513   -2      1.414      0.034      0.000 4
 500  501      1.430      0.190      0.000 4
  -1  508      1.441      0.411      0.000 4
  -1   -2      1.454     -1.001      0.000 4
 503  513      1.460     -0.661      0.000 4
 504  514      1.467      0.829      0.000 4
 505  515      1.468     -0.515      0.000 4
 506  516      1.471     -0.586      0.000 4
 507  517      1.479     -0.397      0.000 4
  -1  518      1.488      0.481      0.000 4
 510  520      1.498     -0.976      0.000 4
 509  526      1.500     -1.141      0.000 4
 511   -2      1.501     -0.942      0.000 4
 512  524      1.506     -0.323      0.000 4
 514  521      1.511      0.154      0.000 4
  -1  506      1.517     -0.080      0.000 4
 522  522      1.529     -0.978      0.000 4
  -1  525      1.545     -0.672      0.000 4
 517  528      1.550      0.244      0.000 4
 518  527      1.551     -1.160      0.000 4
 519  529      1.565      0.617      0.000 4
 520  531      1.568     -0.356      0.000 4
  -1   -2      1.568     -0.851      0.000 4
 521  532      1.574      0.975      0.000 4
