520
   0    1     -1.567      0.182      0.000 4
  10   -2     -1.563      0.993      0.000 4
   1    2     -1.560     -0.938      0.000 4
   2    3     -1.556     -0.414      0.000 4
   3    4     -1.552      0.822      0.000 4
   5    6     -1.539      0.426      0.000 4
   4   -2     -1.538      0.615      0.000 4
  -1   -2     -1.519     -0.942      0.000 4
   8    9     -1.517      0.355      0.000 4
   9   16     -1.514     -0.851      0.000 4
   7   10     -1.502     -0.470      0.000 4
  12   13     -1.499      0.060      0.000 4
  13   15     -1.482     -0.298      0.000 4
  14   21     -1.479      0.863      0.000 4
  -1   -2     -1.470     -1.117      0.000 4
  15   -2     -1.464     -1.052      0.000 4
  17   17     -1.463     -0.763      0.000 4
  18   18     -1.462      0.780      0.000 4
  16   19     -1.462     -0.509      0.000 4
  19   20     -1.458     -0.030      0.000 4
  20   -2     -1.456      0.019      0.000 4
  31   11     -1.454      0.914      0.000 4
  21   24     -1.454      0.196      0.000 4
  22   25     -1.452      0.679      0.000 4
  -1   -2     -1.427     -0.288      0.000 4
  26   27     -1.418     -1.140      0.000 4
  28   31     -1.408     -0.046      0.000 4
  29   29     -1.405     -0.664      0.000 4
  -1   -2     -1.402      0.828      0.000 4
  30   32     -1.400      0.664      0.000 4
  32   34     -1.390     -0.435      0.000 4
  -1   -2     -1.372      0.264      0.000 4
  -1   39     -1.372     -1.165      0.000 4
  33   35     -1.368      0.604      0.000 4
  -1   -2     -1.355      0.180      0.000 4
  34   36     -1.353     -0.168      0.000 4
  -1   38     -1.345     -0.539      0.000 4
  35   40     -1.335      1.062      0.000 4
  36   26     -1.329     -0.326      0.000 4
  38   41     -1.315     -1.041      0.000 4
  -1   -2     -1.309     -1.112      0.000 4
  39   42     -1.306     -0.636      0.000 4
  41   44     -1.293      0.460      0.000 4
  42   43     -1.292     -0.745      0.000 4
  43   45     -1.282     -0.952      0.000 4
  -1   -2     -1.278     -0.691      0.000 4
  44   48     -1.270      0.722      0.000 4
  45   51     -1.262     -0.135      0.000 4
  47   50     -1.260     -0.979      0.000 4
  46   52     -1.258      0.823      0.000 4
  40   49     -1.254      0.936      0.000 4
  -1   55     -1.253     -0.077      0.000 4
  49   54     -1.253     -0.418      0.000 4
  51   56     -1.240      1.112      0.000 4
  52   57     -1.234      0.448      0.000 4
  53   58     -1.230     -0.750      0.000 4
  54   59     -1.219      0.727      0.000 4
  56   60     -1.214     -0.955      0.000 4
  57   61     -1.210     -1.148      0.000 4
  59   -2     -1.210     -1.113      0.000 4
  -1   -2     -1.208     -0.890      0.000 4
  55   63     -1.208     -0.332      0.000 4
  58   64     -1.206     -0.435      0.000 4
  61   67     -1.203      0.531      0.000 4
  60   66     -1.203      0.206      0.000 4
  -1   65     -1.202     -0.362      0.000 4
  62   68     -1.196     -0.191      0.000 4
  63   69     -1.193      0.429      0.000 4
  77   -2     -1.173     -1.173      0.000 4
  -1   71     -1.165     -0.207      0.000 4
  67   72     -1.164      0.371      0.000 4
  68   73     -1.161     -0.250      0.000 4
  70   74     -1.157      1.092      0.000 4
  69   76     -1.155      0.632      0.000 4
  71   75     -1.153      1.135      0.000 4
  72   77     -1.150     -0.940      0.000 4
  73   78     -1.143     -0.979      0.000 4
  75   79     -1.131      0.872      0.000 4
  78   83     -1.108      0.328      0.000 4
  79   82     -1.107     -0.480      0.000 4
  80   81     -1.107      1.125      0.000 4
  81   84     -1.089     -0.096      0.000 4
  84   85     -1.082     -1.108      0.000 4
  83   89     -1.062      0.601      0.000 4
  -1   90     -1.062     -1.035      0.000 4
  90   -2     -1.056     -1.008      0.000 4
  85   92     -1.038      0.966      0.000 4
  86   94     -1.033     -0.143      0.000 4
  87   96     -1.021     -0.012      0.000 4
  -1   95     -1.019      0.339      0.000 4
  88  102     -1.017     -0.050      0.000 4
  92   99     -1.012     -0.225      0.000 4
  -1  100     -1.010      0.490      0.000 4
  93   98     -1.010     -0.940      0.000 4
  -1   93     -1.009     -1.159      0.000 4
  95  101     -1.000      1.080      0.000 4
  96   -2     -0.995      0.266      0.000 4
  97   -2     -0.989      0.711      0.000 4
  -1   -2     -0.988      0.455      0.000 4
  99   -2     -0.986     -0.026      0.000 4
  98  103     -0.982      0.321      0.000 4
 100  104     -0.978      0.397      0.000 4
 101  105     -0.966     -0.460      0.000 4
 102  106     -0.957     -0.055      0.000 4
 116   -2     -0.951      0.929      0.000 4
  -1   -2     -0.949     -0.978      0.000 4
 103  108     -0.948      0.039      0.000 4
 104   -2     -0.936     -0.501      0.000 4
 105  109     -0.934     -0.637      0.000 4
 106  110     -0.930      0.746      0.000 4
  -1  112     -0.921      1.166      0.000 4
 107  113     -0.920      0.140      0.000 4
 108  111     -0.916     -1.000      0.000 4
 109  114     -0.909     -1.070      0.000 4
 110  116     -0.904     -0.773      0.000 4
 111  117     -0.904     -0.720      0.000 4
 112  115     -0.904      1.114      0.000 4
  -1  122     -0.904     -0.105      0.000 4
 113  119     -0.898     -0.145      0.000 4
 115  121     -0.882     -0.445      0.000 4
  89   -2     -0.881     -1.170      0.000 4
  -1  120     -0.879      0.814      0.000 4
 117   -2     -0.869     -0.095      0.000 4
  -1   -2     -0.852      0.219      0.000 4
 119  124     -0.845      0.878      0.000 4
 120  126     -0.838      1.051      0.000 4
 121  127     -0.826     -0.763      0.000 4
 122  128     -0.824      0.987      0.000 4
 123  129     -0.822      1.095      0.000 4
  -1  130     -0.819     -0.811      0.000 4
  -1  141     -0.797     -1.133      0.000 4
 124  148     -0.793     -0.971      0.000 4
 127  132     -0.789     -0.538      0.000 4
 128  133     -0.786     -0.285      0.000 4
  -1  135     -0.770      0.957      0.000 4
 130  136     -0.765      0.050      0.000 4
 132  138     -0.756     -0.252      0.000 4
  -1  142     -0.753     -0.543      0.000 4
 125  157     -0.752     -0.672      0.000 4
 135   -2     -0.751     -1.148      0.000 4
 134  144     -0.743     -0.950      0.000 4
 136  143     -0.743      0.327      0.000 4
  -1   -2     -0.734     -0.402      0.000 4
 131  147     -0.732      0.899      0.000 4
 138  146     -0.723      0.252      0.000 4
 139  145     -0.723     -1.080      0.000 4
  -1   -2     -0.717      0.970      0.000 4
 141   -2     -0.712     -1.012      0.000 4
 140  149     -0.709     -0.475      0.000 4
 143  150     -0.703      1.024      0.000 4
 142  151     -0.702     -0.204      0.000 4
 144  153     -0.696      0.439      0.000 4
 145  154     -0.691     -1.173      0.000 4
 146  155     -0.684      0.497      0.000 4
 148   -2     -0.680      0.811      0.000 4
 149   -2     -0.678      0.846      0.000 4
 147  159     -0.678      0.082      0.000 4
 150   -2     -0.675     -0.732      0.000 4
 151  160     -0.672      0.175      0.000 4
 152  161     -0.660     -0.259      0.000 4
 153  162     -0.658     -0.464      0.000 4
 154  163     -0.651      0.615      0.000 4
 155  166     -0.646     -0.032      0.000 4
 156  164     -0.644      1.052      0.000 4
 158  165     -0.641      1.094      0.000 4
 157  167     -0.640      1.018      0.000 4
 159  168     -0.634     -0.727      0.000 4
 161  169     -0.623     -0.103      0.000 4
 160  156     -0.622      0.750      0.000 4
 164  170     -0.618     -0.969      0.000 4
 165  172     -0.611     -1.047      0.000 4
 166  174     -0.594     -0.240      0.000 4
 168  175     -0.585      0.979      0.000 4
 167  176     -0.583      0.401      0.000 4
 169   -2     -0.568     -1.174      0.000 4
 170  178     -0.565     -0.934      0.000 4
 171  180     -0.555      0.287      0.000 4
 172  179     -0.553     -0.607      0.000 4
 175  184     -0.536      0.879      0.000 4
 174  185     -0.536     -0.144      0.000 4
 178  187     -0.528      1.092      0.000 4
 180  188     -0.523     -1.154      0.000 4
  -1  192     -0.509     -0.443      0.000 4
 183  193     -0.504      0.658      0.000 4
 182  194     -0.504     -0.201      0.000 4
 185  195     -0.487     -0.518      0.000 4
 207  177     -0.478     -1.134      0.000 4
 186  197     -0.472      0.629      0.000 4
 187  199     -0.467     -0.744      0.000 4
 190  200     -0.456     -0.855      0.000 4
 189   -2     -0.455     -0.573      0.000 4
  -1   -2     -0.442      0.355      0.000 4
 192  203     -0.434     -0.957      0.000 4
 191  204     -0.430      0.260      0.000 4
  -1  201     -0.429     -0.639      0.000 4
  -1  205     -0.424      0.941      0.000 4
  -1  202     -0.423      0.452      0.000 4
 195   -2     -0.422      0.785      0.000 4
 194  206     -0.422      1.091      0.000 4
 196  208     -0.414      0.751      0.000 4
 197  209     -0.408     -0.475      0.000 4
 201  210     -0.400      0.855      0.000 4
 198  211     -0.399      0.928      0.000 4
 199  214     -0.398     -0.142      0.000 4
 202  213     -0.396     -0.846      0.000 4
 204  216     -0.378      0.350      0.000 4
 203  215     -0.378      0.673      0.000 4
  -1  224     -0.357      0.113      0.000 4
 200  229     -0.351     -1.085      0.000 4
 205  219     -0.350     -0.311      0.000 4
 209  221     -0.333      1.105      0.000 4
 208  223     -0.332      0.649      0.000 4
 210  222     -0.330     -0.795      0.000 4
 211   -2     -0.321      0.619      0.000 4
 212   -2     -0.310      0.027      0.000 4
 213  225     -0.309     -0.549      0.000 4
 214  226     -0.306     -0.840      0.000 4
  -1  227     -0.306      0.443      0.000 4
 206   -2     -0.289     -1.163      0.000 4
 215  228     -0.282      0.581      0.000 4
 217   -2     -0.278      0.074      0.000 4
 221  232     -0.270      0.848      0.000 4
 222  230     -0.265     -0.919      0.000 4
 223   -2     -0.258     -1.138      0.000 4
  -1  234     -0.253     -0.189      0.000 4
 234  231     -0.245     -1.032      0.000 4
 225   -2     -0.238      0.883      0.000 4
 216  244     -0.229     -0.128      0.000 4
 228  236     -0.220     -1.100      0.000 4
  -1  237     -0.211      0.308      0.000 4
 230  238     -0.206      0.389      0.000 4
 231  240     -0.199     -0.045      0.000 4
 246  241     -0.196     -0.615      0.000 4
 233  242     -0.195     -0.507      0.000 4
 224  253     -0.189     -1.067      0.000 4
 237   -2     -0.183     -0.231      0.000 4
 236  245     -0.181      0.270      0.000 4
  -1  246     -0.180      0.496      0.000 4
 238  247     -0.175      1.085      0.000 4
 239  249     -0.160      0.191      0.000 4
 240   -2     -0.152     -0.105      0.000 4
 243   -2     -0.143     -1.119      0.000 4
 242  251     -0.141     -0.836      0.000 4
  -1   -2     -0.137     -0.495      0.000 4
 229  271     -0.128      0.283      0.000 4
 249  254     -0.128     -0.232      0.000 4
 251   -2     -0.119     -0.477      0.000 4
 252  257     -0.119      1.089      0.000 4
  -1  260     -0.106      0.016      0.000 4
 255  261     -0.104      0.463      0.000 4
  -1   -2     -0.104     -0.536      0.000 4
 256   -2     -0.090     -1.157      0.000 4
 257  262     -0.088      0.929      0.000 4
 258  263     -0.085     -0.896      0.000 4
  -1  265     -0.082     -0.300      0.000 4
 260  266     -0.067      1.038      0.000 4
 259  258     -0.058     -0.373      0.000 4
  -1  269     -0.054     -0.081      0.000 4
 261   -2     -0.046      0.256      0.000 4
 263   -2     -0.036      0.985      0.000 4
 264  275     -0.027      0.051      0.000 4
  -1  274     -0.017      0.967      0.000 4
 285  250     -0.011     -0.148      0.000 4
  -1  264     -0.007     -1.172      0.000 4
 270  280      0.000      0.116      0.000 4
 250   -2      0.002      0.674      0.000 4
 269  278      0.003      0.773      0.000 4
 271  281      0.005      0.450      0.000 4
 272  282      0.008      0.269      0.000 4
 273  283      0.011     -1.011      0.000 4
 265   -2      0.014     -1.129      0.000 4
  -1   -2      0.036      1.175      0.000 4
  -1   -2      0.036     -1.167      0.000 4
 274  284      0.045      0.508      0.000 4
 275  285      0.056      0.705      0.000 4
 276  286      0.058     -0.863      0.000 4
 277  293      0.059      0.305      0.000 4
 278  287      0.064     -0.712      0.000 4
 279  288      0.066      0.132      0.000 4
  -1  290      0.077     -0.531      0.000 4
 281  291      0.078     -0.018      0.000 4
 282  292      0.080      0.099      0.000 4
 284   -2      0.091      0.355      0.000 4
 287  294      0.105      0.975      0.000 4
 288  295      0.106     -1.097      0.000 4
 286   -2      0.106      0.318      0.000 4
 289  296      0.112     -1.168      0.000 4
  -1  298      0.130     -0.432      0.000 4
 280   -2      0.135     -0.342      0.000 4
  -1  300      0.136      0.756      0.000 4
 294  304      0.141     -0.963      0.000 4
 292  302      0.143      0.662      0.000 4
 296  303      0.152      0.528      0.000 4
 297  305      0.167      0.825      0.000 4
 298  306      0.178      0.289      0.000 4
 299   -2      0.184     -0.516      0.000 4
 300  307      0.188     -0.987      0.000 4
 302  311      0.214     -0.804      0.000 4
 303  309      0.221      1.028      0.000 4
  -1  317      0.223      0.854      0.000 4
 305  313      0.223      0.040      0.000 4
 304  312      0.226     -1.011      0.000 4
  -1   -2      0.229      0.311      0.000 4
 306  315      0.229     -0.683      0.000 4
 307  316      0.233      0.434      0.000 4
  -1  308      0.235     -0.307      0.000 4
 309   -2      0.243      0.831      0.000 4
 310  318      0.246     -0.981      0.000 4
 311  319      0.249     -0.095      0.000 4
 312  322      0.255      0.077      0.000 4
 308  330      0.275     -0.262      0.000 4
 316   -2      0.280      0.115      0.000 4
 318  323      0.288      0.761      0.000 4
 319  324      0.293      0.963      0.000 4
 320  326      0.301      0.893      0.000 4
 317  328      0.303     -1.166      0.000 4
 321  327      0.308      0.200      0.000 4
 322   -2      0.318      0.140      0.000 4
  -1  329      0.319      0.572      0.000 4
  -1   -2      0.325     -0.977      0.000 4
  -1  335      0.325     -1.036      0.000 4
  -1   -2      0.343      0.455      0.000 4
  -1   -2      0.345     -0.234      0.000 4
 325  331      0.353     -0.133      0.000 4
 326  333      0.359      0.056      0.000 4
  -1   -2      0.361     -0.999      0.000 4
  -1   -2      0.362      0.555      0.000 4
 330   -2      0.363     -1.081      0.000 4
 329  336      0.367      0.814      0.000 4
  -1  337      0.377      0.277      0.000 4
  -1  338      0.385     -1.055      0.000 4
 332  340      0.393     -0.646      0.000 4
 333  341      0.395     -0.302      0.000 4
  -1   -2      0.396     -0.803      0.000 4
 336  342      0.414      0.917      0.000 4
 337  343      0.418     -0.949      0.000 4
 338  345      0.432      0.055      0.000 4
 339  346      0.435     -0.310      0.000 4
 340  347      0.437     -0.728      0.000 4
 341  348      0.444     -0.355      0.000 4
 343  349      0.454      0.238      0.000 4
 345  351      0.466      0.138      0.000 4
 335  352      0.468      1.017      0.000 4
 348  359      0.473      0.708      0.000 4
  -1  355      0.475     -0.654      0.000 4
  -1  361      0.478      0.431      0.000 4
 347  354      0.484     -1.122      0.000 4
 351   -2      0.485     -0.485      0.000 4
 353  356      0.485     -0.448      0.000 4
 358  344      0.488     -1.153      0.000 4
 354  358      0.504      0.009      0.000 4
  -1   -2      0.505      0.557      0.000 4
 355  360      0.515     -0.339      0.000 4
 356  362      0.521     -0.665      0.000 4
 359  364      0.537      0.589      0.000 4
 357  363      0.540      1.115      0.000 4
 360  367      0.548     -0.514      0.000 4
  -1  368      0.551      0.442      0.000 4
 362  369      0.556     -0.786      0.000 4
 363   -2      0.559      0.173      0.000 4
 369  366      0.565      0.253      0.000 4
 364   -2      0.566     -0.279      0.000 4
 366  371      0.569     -0.020      0.000 4
 367  373      0.574     -0.838      0.000 4
 368  374      0.590      0.613      0.000 4
 371  377      0.598     -0.991      0.000 4
 372  378      0.602     -0.481      0.000 4
 390  365      0.612     -1.163      0.000 4
 374   -2      0.612     -0.790      0.000 4
 375  380      0.615     -0.888      0.000 4
 376  376      0.622      1.112      0.000 4
 378  383      0.625     -1.039      0.000 4
  -1   -2      0.630     -0.176      0.000 4
 380  385      0.635      0.866      0.000 4
 382  387      0.642     -0.650      0.000 4
 383  388      0.645      0.746      0.000 4
 384  389      0.657     -0.746      0.000 4
 385   -2      0.668     -0.034      0.000 4
 386  390      0.677     -0.599      0.000 4
  -1  391      0.686      1.013      0.000 4
 389  392      0.693      0.407      0.000 4
 388  393      0.696      0.667      0.000 4
 391  394      0.698      0.437      0.000 4
 393  395      0.713      0.066      0.000 4
 395   -2      0.725     -0.399      0.000 4
 394  396      0.725     -0.791      0.000 4
 396  397      0.729      0.788      0.000 4
  -1   -2      0.730     -0.435      0.000 4
 397  399      0.732     -1.015      0.000 4
 398  400      0.737      1.029      0.000 4
 392  401      0.742      0.265      0.000 4
 400  402      0.742      0.712      0.000 4
 401  406      0.753     -0.589      0.000 4
 404  404      0.758      0.399      0.000 4
 403   -2      0.759     -0.233      0.000 4
  -1  405      0.759     -1.063      0.000 4
 405   -2      0.765     -0.639      0.000 4
 410   -2      0.775      0.932      0.000 4
  -1  398      0.784     -0.406      0.000 4
 407  409      0.789      1.032      0.000 4
 402  420      0.790     -0.982      0.000 4
 409  414      0.803     -0.343      0.000 4
 411  417      0.813     -0.600      0.000 4
 413  418      0.829     -1.107      0.000 4
 414  419      0.842     -1.045      0.000 4
  -1  415      0.845      0.924      0.000 4
 415   -2      0.850     -0.852      0.000 4
 416  421      0.858      0.206      0.000 4
  -1  425      0.866      1.174      0.000 4
  -1  429      0.867      0.246      0.000 4
 418  423      0.876     -0.777      0.000 4
 419  427      0.879     -1.154      0.000 4
 417   -2      0.882      1.111      0.000 4
  -1  426      0.886      0.799      0.000 4
  -1  428      0.889      0.734      0.000 4
 433  408      0.897     -0.202      0.000 4
 420  431      0.899     -1.006      0.000 4
 421  432      0.903      0.547      0.000 4
 422  433      0.907     -0.086      0.000 4
 423   -2      0.913     -0.948      0.000 4
  -1  434      0.914      0.324      0.000 4
 424  435      0.916      0.280      0.000 4
  -1   -2      0.918     -0.602      0.000 4
 425  436      0.925      0.794      0.000 4
  -1   -2      0.926      0.445      0.000 4
  -1  447      0.926     -0.662      0.000 4
  -1   -2      0.934     -1.088      0.000 4
 427  438      0.935      0.965      0.000 4
 428  439      0.942      1.078      0.000 4
 429   -2      0.943     -0.810      0.000 4
 426  440      0.950      1.004      0.000 4
 431  441      0.957     -0.058      0.000 4
  -1  442      0.961     -0.882      0.000 4
 432  443      0.974     -0.463      0.000 4
  -1  444      0.982     -0.275      0.000 4
 434  445      0.984      0.066      0.000 4
 435  446      0.986     -0.558      0.000 4
 436   -2      1.007      0.683      0.000 4
 439  450      1.017      0.125      0.000 4
 440  449      1.019      0.630      0.000 4
  -1  452      1.023      0.584      0.000 4
  -1  453      1.033      0.455      0.000 4
 443  455      1.044      0.370      0.000 4
 442  456      1.044      0.733      0.000 4
 444  454      1.045      0.254      0.000 4
  -1  473      1.057     -0.934      0.000 4
 441  461      1.063     -0.279      0.000 4
 448  459      1.067     -1.173      0.000 4
 447  458      1.069     -0.635      0.000 4
 450  460      1.083      0.195      0.000 4
 451  463      1.106     -1.045      0.000 4
 452  462      1.107      0.479      0.000 4
 453  464      1.112     -0.279      0.000 4
 454  465      1.121     -0.376      0.000 4
 462   -2      1.126      0.413      0.000 4
  -1   -2      1.128      0.718      0.000 4
 456  466      1.132     -0.714      0.000 4
 458  468      1.138      0.936      0.000 4
 459  467      1.139     -0.073      0.000 4
 460  469      1.144     -1.158      0.000 4
 445   -2      1.160     -0.946      0.000 4
 464  472      1.161      0.805      0.000 4
 463  470      1.161      0.633      0.000 4
 465  474      1.168     -0.859      0.000 4
 457  475      1.171      1.014      0.000 4
 467  477      1.179     -0.455      0.000 4
 468   -2      1.180      0.688      0.000 4
  -1   -2      1.181      0.321      0.000 4
 469  476      1.186     -0.046      0.000 4
 470  478      1.203     -0.632      0.000 4
  -1   -2      1.206      0.225      0.000 4
 472   -2      1.218      1.125      0.000 4
 474   -2      1.222     -0.031      0.000 4
 473   -2      1.231      0.235      0.000 4
 475  481      1.232      0.061      0.000 4
 471  487      1.235     -1.020      0.000 4
  -1  482      1.262      0.890      0.000 4
 476  484      1.271     -0.594      0.000 4
 477  483      1.274     -0.325      0.000 4
 478  485      1.280     -0.672      0.000 4
 490   -2      1.280     -0.024      0.000 4
 479  486      1.285     -0.458      0.000 4
 480  498      1.295     -1.172      0.000 4
 481  488      1.297      1.025      0.000 4
 482  489      1.304     -1.088      0.000 4
 483  490      1.309     -0.267      0.000 4
 484  491      1.316     -0.616      0.000 4
 492   -2      1.320     -0.968      0.000 4
 491  480      1.321      0.250      0.000 4
  -1   -2      1.339      0.976      0.000 4
 488  492      1.348     -0.597      0.000 4
  -1  493      1.353     -0.222      0.000 4
 489  494      1.355     -0.688      0.000 4
 493  497      1.373     -1.071      0.000 4
  -1  500      1.387     -1.129      0.000 4
  -1  501      1.388     -0.163      0.000 4
 496  502      1.396      0.407      0.000 4
  -1  496      1.403      0.651      0.000 4
 500  503      1.413      1.162      0.000 4
 494  513      1.417     -1.087      0.000 4
 501   -2      1.431     -1.171      0.000 4
 503  507      1.447     -0.597      0.000 4
 504  508      1.450     -0.459      0.000 4
 505  509      1.457     -0.347      0.000 4
 506  510      1.458     -0.526      0.000 4
 498   -2      1.473      0.150      0.000 4
  -1   -2      1.489     -0.053      0.000 4
  -1   -2      1.492     -1.077      0.000 4
 508  514      1.495     -0.907      0.000 4
 510  517      1.513      0.241      0.000 4
 512  518      1.523      0.584      0.000 4
 511  520      1.536     -1.172      0.000 4
 517   -2      1.541     -1.114      0.000 4
  -1   -2      1.548     -0.375      0.000 4
 513  521      1.548      0.670      0.000 4
 514  523      1.551     -0.305      0.000 4
 515  522      1.552      0.930      0.000 4
 516  524      1.561     -0.118      0.000 4
 518  525      1.566      0.293      0.000 4
 520  528      1.575     -0.987      0.000 4
