521
   0    0     -1.569      0.182      0.000 4
   3    2     -1.559     -0.943      0.000 4
   2    3     -1.558     -0.416      0.000 4
   4    4     -1.554      0.825      0.000 4
  -1    6     -1.541      0.620      0.000 4
   5    5     -1.541      0.429      0.000 4
   1   -2     -1.539      1.136      0.000 4
   6   10     -1.533     -0.530      0.000 4
   7    8     -1.520      0.358      0.000 4
  14    9     -1.515     -0.852      0.000 4
  12    1     -1.504      1.042      0.000 4
   9   -2     -1.502     -0.472      0.000 4
  10   11     -1.500      0.058      0.000 4
  -1   12     -1.484     -0.302      0.000 4
  13   13     -1.482      0.866      0.000 4
  20   15     -1.465     -1.059      0.000 4
  17   18     -1.465     -0.513      0.000 4
  19   16     -1.464     -0.767      0.000 4
  -1   17     -1.464      0.785      0.000 4
  18   19     -1.463     -0.031      0.000 4
  21   20     -1.459      0.019      0.000 4
  22   22     -1.457      0.197      0.000 4
  16   23     -1.456      0.745      0.000 4
   8   -2     -1.455      0.683      0.000 4
  -1   -2     -1.450      1.176      0.000 4
  25   -2     -1.444     -1.161      0.000 4
  -1   25     -1.418     -1.143      0.000 4
  26   -2     -1.412      0.475      0.000 4
  27   26     -1.412     -0.047      0.000 4
  -1   27     -1.406     -0.670      0.000 4
  29   29     -1.404      0.667      0.000 4
  31   21     -1.403      0.830      0.000 4
  30   30     -1.393     -0.436      0.000 4
  32   33     -1.371      0.608      0.000 4
  33   35     -1.356     -0.169      0.000 4
  36   37     -1.336      1.066      0.000 4
  -1   38     -1.328     -0.328      0.000 4
  60   -2     -1.326     -1.165      0.000 4
  37   39     -1.315     -1.044      0.000 4
  38   41     -1.307     -0.638      0.000 4
  -1   50     -1.302      0.990      0.000 4
  39   42     -1.296      0.462      0.000 4
  40   43     -1.293     -0.748      0.000 4
  41   44     -1.281     -0.954      0.000 4
  42   46     -1.273      0.726      0.000 4
  43   47     -1.266     -0.136      0.000 4
  45   49     -1.261      0.825      0.000 4
  -1   48     -1.260     -0.980      0.000 4
  44   -2     -1.258     -1.143      0.000 4
  46   52     -1.257     -0.420      0.000 4
  48   -2     -1.257      0.939      0.000 4
  51   53     -1.240      1.116      0.000 4
  50   54     -1.239      0.449      0.000 4
  52   55     -1.231     -0.753      0.000 4
  -1   56     -1.223      0.730      0.000 4
  54   61     -1.214     -0.334      0.000 4
  57   57     -1.213     -0.958      0.000 4
  -1   58     -1.210     -1.150      0.000 4
  56   62     -1.210     -0.437      0.000 4
  58   59     -1.209     -1.116      0.000 4
  55   64     -1.208      0.210      0.000 4
  59   63     -1.207      0.533      0.000 4
  61   66     -1.201     -0.191      0.000 4
  62   67     -1.197      0.430      0.000 4
  -1   -2     -1.192     -1.075      0.000 4
  -1   -2     -1.176     -1.174      0.000 4
  64   -2     -1.175      0.595      0.000 4
  65   70     -1.169      0.370      0.000 4
  69   71     -1.166     -0.253      0.000 4
  70   73     -1.160      0.634      0.000 4
  71   72     -1.157      1.091      0.000 4
  -1   74     -1.153      1.138      0.000 4
  72   75     -1.152     -0.941      0.000 4
  73   76     -1.143     -0.981      0.000 4
  -1   -2     -1.138      0.470      0.000 4
  74   77     -1.133      0.874      0.000 4
  84   -2     -1.129     -0.437      0.000 4
  -1   68     -1.118     -1.176      0.000 4
  75   78     -1.113      0.329      0.000 4
  76   79     -1.109     -0.481      0.000 4
  78   80     -1.108      1.128      0.000 4
  79   81     -1.093     -0.097      0.000 4
  80   -2     -1.082     -1.112      0.000 4
  81   83     -1.066      0.601      0.000 4
  85   82     -1.041     -1.122      0.000 4
  86   86     -1.039      0.968      0.000 4
  83   87     -1.037     -0.143      0.000 4
  90   88     -1.023     -0.010      0.000 4
  88   90     -1.022     -0.046      0.000 4
  77  120     -1.022     -1.166      0.000 4
  -1   85     -1.018     -1.001      0.000 4
  99   -2     -1.016     -0.843      0.000 4
  91   91     -1.015     -0.225      0.000 4
  93   93     -1.010     -0.941      0.000 4
  -1   -2     -1.007     -0.710      0.000 4
  95   95     -1.001      1.082      0.000 4
  94   96     -0.999      0.268      0.000 4
  96   97     -0.994      0.712      0.000 4
  97  100     -0.989      0.322      0.000 4
  -1   99     -0.988     -0.025      0.000 4
  98  101     -0.983      0.396      0.000 4
  -1  102     -0.970     -0.460      0.000 4
 100  103     -0.963     -0.056      0.000 4
 102  106     -0.954      0.039      0.000 4
  -1  107     -0.940     -0.502      0.000 4
 104  108     -0.936     -0.638      0.000 4
 105  109     -0.932      0.747      0.000 4
 106  111     -0.925      0.140      0.000 4
 107  112     -0.923     -1.002      0.000 4
  -1  113     -0.909     -1.072      0.000 4
 110  114     -0.907     -0.774      0.000 4
 111  115     -0.906     -0.721      0.000 4
 112  116     -0.904      1.115      0.000 4
 109  118     -0.904     -0.144      0.000 4
 101   -2     -0.901     -1.163      0.000 4
 113  119     -0.886     -0.447      0.000 4
 129  104     -0.884      0.815      0.000 4
 115  122     -0.878     -0.096      0.000 4
 118   -2     -0.867      0.071      0.000 4
 119  124     -0.848      0.878      0.000 4
  -1  125     -0.839      1.050      0.000 4
 121  126     -0.828     -0.764      0.000 4
 122  127     -0.826      0.987      0.000 4
 124  128     -0.822      1.095      0.000 4
 125  131     -0.816     -0.918      0.000 4
  -1  138     -0.801     -0.637      0.000 4
 123   -2     -0.794     -0.972      0.000 4
 126  132     -0.793     -0.539      0.000 4
 127  133     -0.790     -0.285      0.000 4
 120   -2     -0.772      0.957      0.000 4
 131  135     -0.770      0.050      0.000 4
  -1  143     -0.768      0.846      0.000 4
 133  136     -0.760     -0.251      0.000 4
 134   -2     -0.755     -0.672      0.000 4
 135  140     -0.755     -0.937      0.000 4
 136  139     -0.751     -1.152      0.000 4
 137  141     -0.746      0.324      0.000 4
 140   -2     -0.730     -0.965      0.000 4
 139  144     -0.724      0.253      0.000 4
 141  145     -0.723     -1.082      0.000 4
 142  148     -0.713     -0.474      0.000 4
 144  147     -0.712     -1.012      0.000 4
 143  150     -0.708     -0.203      0.000 4
 145  149     -0.705      1.024      0.000 4
 146  151     -0.701      0.439      0.000 4
 149  152     -0.698     -1.174      0.000 4
 147  153     -0.689      0.496      0.000 4
 148  156     -0.683      0.081      0.000 4
 151  154     -0.683      0.810      0.000 4
 152  155     -0.680      0.846      0.000 4
 154  157     -0.678     -0.731      0.000 4
 153  158     -0.677      0.175      0.000 4
 155  159     -0.664     -0.259      0.000 4
 156  160     -0.661     -0.464      0.000 4
 158  161     -0.655      0.615      0.000 4
 159  162     -0.652     -0.033      0.000 4
  -1  163     -0.645      1.054      0.000 4
 160  165     -0.641      1.016      0.000 4
 161  164     -0.641      1.093      0.000 4
 162  166     -0.638     -0.727      0.000 4
  -1  168     -0.633      0.741      0.000 4
 163  167     -0.628     -0.103      0.000 4
 164   -2     -0.627      0.640      0.000 4
  -1   -2     -0.626     -1.154      0.000 4
  -1  169     -0.619     -0.969      0.000 4
 167  170     -0.612     -1.047      0.000 4
 168  171     -0.599     -0.240      0.000 4
 169  173     -0.588      0.399      0.000 4
 170  172     -0.587      0.978      0.000 4
 173  174     -0.572     -1.176      0.000 4
 171  175     -0.566     -0.932      0.000 4
 172  176     -0.561      0.287      0.000 4
 174  177     -0.556     -0.605      0.000 4
 186   -2     -0.545     -0.054      0.000 4
 175  179     -0.540     -0.143      0.000 4
 176  178     -0.538      0.877      0.000 4
  -1   -2     -0.537     -1.088      0.000 4
 177   -2     -0.536      0.450      0.000 4
 178  180     -0.529      1.091      0.000 4
  -1   -2     -0.528      0.268      0.000 4
  -1  181     -0.525     -1.155      0.000 4
 179   -2     -0.513      0.550      0.000 4
 181  184     -0.508     -0.200      0.000 4
 182  183     -0.508      0.656      0.000 4
 185   -2     -0.505     -0.683      0.000 4
 184  185     -0.490     -0.516      0.000 4
 187  187     -0.477      0.627      0.000 4
 189  188     -0.470     -0.743      0.000 4
 188   -2     -0.460     -1.174      0.000 4
 191  190     -0.458     -0.570      0.000 4
 192  189     -0.457     -0.853      0.000 4
 193  193     -0.444      0.266      0.000 4
  -1  192     -0.426     -0.952      0.000 4
 194   -2     -0.426     -0.558      0.000 4
 196  198     -0.423      1.088      0.000 4
  -1  197     -0.423      0.783      0.000 4
 197  199     -0.416      0.748      0.000 4
 198  200     -0.412     -0.473      0.000 4
 195  202     -0.409      0.929      0.000 4
 199  203     -0.403     -0.141      0.000 4
  -1  208     -0.403     -1.029      0.000 4
 201  201     -0.401      0.853      0.000 4
 203  204     -0.398     -0.843      0.000 4
 205  206     -0.382      0.670      0.000 4
 204  205     -0.381      0.347      0.000 4
 208  209     -0.354     -0.309      0.000 4
  -1  218     -0.354     -1.162      0.000 4
 232  186     -0.350     -1.084      0.000 4
 211  211     -0.334      0.648      0.000 4
 212  210     -0.334      1.102      0.000 4
 213  212     -0.332     -0.792      0.000 4
 214  213     -0.324      0.620      0.000 4
 215  214     -0.315      0.026      0.000 4
  -1  215     -0.312     -0.546      0.000 4
 218  216     -0.308     -0.838      0.000 4
 220  219     -0.285      0.578      0.000 4
  -1  227     -0.283     -0.083      0.000 4
 221  220     -0.282      0.074      0.000 4
 223   -2     -0.278     -0.717      0.000 4
 226   -2     -0.277     -1.170      0.000 4
  -1   -2     -0.276      0.035      0.000 4
 224  221     -0.271      0.826      0.000 4
 225  222     -0.266     -0.915      0.000 4
 227  223     -0.261     -1.122      0.000 4
 222  234     -0.247     -1.030      0.000 4
 229  226     -0.238      0.883      0.000 4
 230   -2     -0.231     -0.993      0.000 4
 231   -2     -0.227     -0.126      0.000 4
  -1  228     -0.221     -1.097      0.000 4
 219  244     -0.214      0.308      0.000 4
 234  230     -0.212      0.387      0.000 4
 235  231     -0.204     -0.048      0.000 4
  -1   -2     -0.202      0.899      0.000 4
 236  233     -0.196     -0.507      0.000 4
 241  225     -0.190     -1.016      0.000 4
 237   -2     -0.189     -1.064      0.000 4
 238  236     -0.185      0.268      0.000 4
 239  235     -0.184     -0.231      0.000 4
 242  238     -0.176      1.079      0.000 4
 243  239     -0.164      0.190      0.000 4
  -1  240     -0.153     -0.109      0.000 4
 244   -2     -0.144     -0.073      0.000 4
 246  242     -0.143     -0.832      0.000 4
 245  241     -0.143     -1.118      0.000 4
  -1   -2     -0.142     -0.868      0.000 4
  -1   -2     -0.139     -0.202      0.000 4
 266  232     -0.137     -0.641      0.000 4
 252   -2     -0.132      0.995      0.000 4
 250   -2     -0.131      0.282      0.000 4
 249  245     -0.131     -0.231      0.000 4
 240  265     -0.126      0.548      0.000 4
 254  246     -0.123     -0.472      0.000 4
 255  247     -0.119      1.085      0.000 4
  -1   -2     -0.109      0.890      0.000 4
  -1   -2     -0.107     -0.532      0.000 4
 257  249     -0.106      0.459      0.000 4
 261  251     -0.091     -1.154      0.000 4
 259  252     -0.089      0.924      0.000 4
 260  253     -0.085     -0.891      0.000 4
 247  256     -0.083     -0.297      0.000 4
 263  255     -0.068      1.033      0.000 4
 265  258     -0.050      0.254      0.000 4
 267   -2     -0.038      0.444      0.000 4
 269  259     -0.034      0.986      0.000 4
 268  260     -0.029      0.052      0.000 4
 272  270     -0.028     -1.072      0.000 4
 271   -2     -0.024      0.295      0.000 4
 274   -2     -0.010     -0.149      0.000 4
 280   -2     -0.003     -1.172      0.000 4
 275  266      0.001      0.769      0.000 4
  -1  264      0.002      0.115      0.000 4
 277  267      0.004      0.447      0.000 4
 278  268      0.007      0.268      0.000 4
  -1  269      0.010     -1.005      0.000 4
 282  273      0.043      0.505      0.000 4
 284  274      0.054      0.702      0.000 4
 285  275      0.057     -0.861      0.000 4
 283  276      0.057      0.305      0.000 4
 287  277      0.063     -0.707      0.000 4
 288  278      0.065      0.132      0.000 4
  -1  288      0.067     -0.357      0.000 4
 279  280      0.076     -0.021      0.000 4
 290  281      0.078      0.099      0.000 4
  -1   -2      0.082     -0.663      0.000 4
 291  282      0.088      0.351      0.000 4
  -1  262      0.099     -0.168      0.000 4
 293  285      0.105      0.317      0.000 4
 292  283      0.105      0.970      0.000 4
 294  284      0.107     -1.092      0.000 4
 295  286      0.114     -1.168      0.000 4
 296   -2      0.120     -0.138      0.000 4
  -1   -2      0.129      0.047      0.000 4
 300  291      0.142      0.658      0.000 4
 299   -2      0.142     -0.964      0.000 4
  -1  290      0.144     -0.921      0.000 4
  -1   -2      0.148     -0.494      0.000 4
 301  292      0.151      0.523      0.000 4
 304  293      0.167      0.821      0.000 4
 305  294      0.177      0.286      0.000 4
 306  295      0.184     -0.513      0.000 4
 307  296      0.188     -0.980      0.000 4
 309   -2      0.200     -1.171      0.000 4
 311  297      0.213     -0.799      0.000 4
 312  298      0.213      1.025      0.000 4
 313  301      0.222     -1.010      0.000 4
 314  300      0.222      0.040      0.000 4
 316  303      0.229     -0.680      0.000 4
 317  304      0.232      0.432      0.000 4
 315  310      0.234     -0.306      0.000 4
  -1  306      0.240      0.826      0.000 4
  -1  307      0.243     -0.979      0.000 4
 319  308      0.248     -0.094      0.000 4
  -1  309      0.255      0.076      0.000 4
 310   -2      0.272     -1.111      0.000 4
 321   -2      0.274     -0.261      0.000 4
  -1   -2      0.279     -0.234      0.000 4
 322  311      0.280      0.115      0.000 4
 323  315      0.282     -1.168      0.000 4
 330  312      0.287      0.757      0.000 4
 326  313      0.294      0.958      0.000 4
 328  314      0.303      0.888      0.000 4
 329  316      0.308      0.199      0.000 4
 331  317      0.318      0.140      0.000 4
 335   -2      0.341     -0.232      0.000 4
 334   -2      0.347     -1.151      0.000 4
  -1  323      0.355     -0.132      0.000 4
 338  324      0.359      0.057      0.000 4
 332   -2      0.359     -0.996      0.000 4
  -1   -2      0.361     -1.074      0.000 4
 341  328      0.367      0.812      0.000 4
 350  327      0.384     -1.052      0.000 4
  -1   -2      0.391      0.858      0.000 4
 344  331      0.393     -0.641      0.000 4
 345  332      0.396     -0.300      0.000 4
 325   -2      0.397     -0.802      0.000 4
 340  342      0.397      1.091      0.000 4
 346  334      0.415      0.911      0.000 4
 347  335      0.418     -0.945      0.000 4
 349  336      0.432      0.055      0.000 4
 351  337      0.435     -0.308      0.000 4
 352  338      0.437     -0.726      0.000 4
 353  339      0.445     -0.351      0.000 4
  -1   -2      0.447     -0.769      0.000 4
 355  340      0.455      0.236      0.000 4
 336   -2      0.460     -0.530      0.000 4
 357  341      0.467      0.136      0.000 4
 356   -2      0.467      1.010      0.000 4
 348  346      0.470     -1.130      0.000 4
 363  343      0.472      0.834      0.000 4
  -1   -2      0.480      0.425      0.000 4
 360   -2      0.481     -0.954      0.000 4
 361  347      0.487     -0.481      0.000 4
 362   -2      0.490     -1.154      0.000 4
 364  348      0.490     -0.448      0.000 4
 365  350      0.503      0.008      0.000 4
 366  352      0.516     -0.337      0.000 4
 367  353      0.520     -0.661      0.000 4
 369  355      0.540      1.113      0.000 4
 368  349      0.541     -1.140      0.000 4
 370  354      0.546      0.589      0.000 4
 371  356      0.547     -0.511      0.000 4
 373   -2      0.552      0.251      0.000 4
 374  358      0.555     -0.782      0.000 4
 376  359      0.563      0.172      0.000 4
 375  361      0.566     -0.276      0.000 4
 358   -2      0.566      0.729      0.000 4
 379  362      0.570     -0.019      0.000 4
 380  363      0.574     -0.836      0.000 4
 381  364      0.590      0.611      0.000 4
 383  360      0.593      0.251      0.000 4
 382   -2      0.596      1.136      0.000 4
  -1  365      0.599     -0.989      0.000 4
 384  366      0.603     -0.479      0.000 4
 390   -2      0.611     -1.169      0.000 4
  -1  368      0.612     -0.786      0.000 4
 385  369      0.613     -0.884      0.000 4
 388  370      0.622      1.109      0.000 4
 389   -2      0.624      1.170      0.000 4
 391  371      0.625     -1.038      0.000 4
  -1   -2      0.634      0.684      0.000 4
 392  373      0.636      0.862      0.000 4
 409   -2      0.638     -0.363      0.000 4
 393  374      0.642     -0.649      0.000 4
 394  375      0.647      0.742      0.000 4
 396  376      0.657     -0.745      0.000 4
 397  377      0.670     -0.034      0.000 4
 398  378      0.677     -0.597      0.000 4
 399   -2      0.683     -0.947      0.000 4
 401  381      0.694      0.666      0.000 4
 402  380      0.695      0.406      0.000 4
  -1  367      0.696     -1.173      0.000 4
 403  382      0.699      0.436      0.000 4
 405  390      0.714      0.255      0.000 4
 404  383      0.714      0.067      0.000 4
 407  385      0.727     -0.790      0.000 4
  -1  384      0.728     -0.416      0.000 4
 410  386      0.729      0.785      0.000 4
 408  388      0.730     -1.013      0.000 4
 411  389      0.737      1.026      0.000 4
 418   -2      0.744     -0.142      0.000 4
 412  391      0.745      0.709      0.000 4
 413  392      0.754     -0.588      0.000 4
 406  400      0.758     -1.064      0.000 4
 415  394      0.758     -0.234      0.000 4
 417  393      0.760      0.396      0.000 4
 416  396      0.765     -0.639      0.000 4
 419   -2      0.774      0.928      0.000 4
  -1  399      0.784      1.105      0.000 4
 421   -2      0.789     -0.982      0.000 4
 423  401      0.805     -0.342      0.000 4
 424  397      0.809      0.883      0.000 4
 426  402      0.813     -0.600      0.000 4
 427   -2      0.816     -0.781      0.000 4
 428  403      0.827     -1.106      0.000 4
 429  404      0.841     -1.045      0.000 4
 431  406      0.849     -0.851      0.000 4
  -1  407      0.860      0.206      0.000 4
 432  412      0.872      1.107      0.000 4
 434  410      0.876     -0.776      0.000 4
 438  411      0.880     -1.154      0.000 4
 436  416      0.896     -1.007      0.000 4
 439  417      0.906      0.545      0.000 4
 440  418      0.911     -0.087      0.000 4
  -1  419      0.912     -0.948      0.000 4
 443  421      0.918      0.280      0.000 4
 445  423      0.927      0.792      0.000 4
  -1  430      0.936      1.022      0.000 4
 446  427      0.936      0.964      0.000 4
 447  428      0.942      1.076      0.000 4
 448  429      0.943     -0.810      0.000 4
 462   -2      0.950      1.002      0.000 4
 452  431      0.960     -0.058      0.000 4
 453  433      0.976     -0.464      0.000 4
 472  415      0.982     -0.277      0.000 4
 457  435      0.985      0.065      0.000 4
 442  436      0.986     -0.557      0.000 4
 461  437      1.011      0.683      0.000 4
  -1   -2      1.012      1.094      0.000 4
  -1   -2      1.014      0.013      0.000 4
 464  438      1.020      0.124      0.000 4
 465  439      1.024      0.597      0.000 4
 468  446      1.036     -0.353      0.000 4
 467  443      1.045      0.732      0.000 4
 469  442      1.047      0.369      0.000 4
  -1  444      1.051      0.254      0.000 4
 456  460      1.056     -0.936      0.000 4
  -1   -2      1.067     -0.280      0.000 4
 473  448      1.069     -0.636      0.000 4
 483  447      1.076     -1.173      0.000 4
 474   -2      1.085     -0.186      0.000 4
 475  449      1.086      0.194      0.000 4
 477  450      1.107     -1.046      0.000 4
 478  451      1.111      0.479      0.000 4
  -1  452      1.114     -0.281      0.000 4
 479  453      1.124     -0.377      0.000 4
  -1   -2      1.131      0.414      0.000 4
 480  456      1.132     -0.716      0.000 4
 481  464      1.132      1.007      0.000 4
 482  457      1.139      0.936      0.000 4
  -1  458      1.143     -0.074      0.000 4
  -1  459      1.148     -1.162      0.000 4
 484   -2      1.160     -0.947      0.000 4
  -1  454      1.161      0.442      0.000 4
  -1  462      1.163      0.632      0.000 4
 486  461      1.163      0.806      0.000 4
 487  463      1.167     -0.861      0.000 4
 488   -2      1.171      1.014      0.000 4
 489  465      1.180     -0.455      0.000 4
 490  466      1.185      0.687      0.000 4
 491  468      1.188     -0.048      0.000 4
 492  469      1.203     -0.635      0.000 4
 494  475      1.214     -1.045      0.000 4
 493  471      1.218      1.125      0.000 4
  -1  473      1.225      0.228      0.000 4
  -1  472      1.226     -0.031      0.000 4
 495  474      1.234      0.059      0.000 4
 496  477      1.271     -0.596      0.000 4
 498  478      1.273     -0.329      0.000 4
 499  479      1.280     -0.675      0.000 4
 501  481      1.286     -0.460      0.000 4
 500  482      1.291     -1.171      0.000 4
 503  483      1.298      1.025      0.000 4
 504  484      1.304     -1.089      0.000 4
  -1  485      1.309     -0.267      0.000 4
 505  486      1.315     -0.618      0.000 4
 502   -2      1.327     -1.022      0.000 4
  -1   -2      1.329     -0.404      0.000 4
  -1   -2      1.334     -0.566      0.000 4
 507  490      1.349     -0.599      0.000 4
 509  492      1.355     -0.691      0.000 4
  -1  480      1.358     -0.065      0.000 4
 510  488      1.363      0.270      0.000 4
  -1  487      1.372     -0.859      0.000 4
 511  493      1.372     -1.075      0.000 4
 506  499      1.381     -1.136      0.000 4
  -1   -2      1.382      1.148      0.000 4
 514  496      1.398      0.408      0.000 4
 508   -2      1.403      0.465      0.000 4
 516  505      1.405      0.097      0.000 4
 519   -2      1.415     -1.089      0.000 4
 517  498      1.416      1.166      0.000 4
 513  500      1.421     -1.171      0.000 4
 521   -2      1.442      0.462      0.000 4
 522  501      1.450     -0.600      0.000 4
 524  502      1.450     -0.462      0.000 4
 518  503      1.458     -0.350      0.000 4
 525  504      1.458     -0.532      0.000 4
 527   -2      1.475      0.158      0.000 4
  -1  508      1.495     -0.911      0.000 4
 530   -2      1.505      1.158      0.000 4
 531  509      1.514      0.241      0.000 4
 533  511      1.521     -1.174      0.000 4
 532  510      1.525      0.584      0.000 4
 538  514      1.551      0.674      0.000 4
 536  515      1.552     -0.307      0.000 4
 537  516      1.552      0.932      0.000 4
 540  517      1.562     -0.120      0.000 4
 539  512      1.562     -1.090      0.000 4
 541  518      1.567      0.294      0.000 4
  -1   -2      1.573     -0.344      0.000 4
 544  519      1.575     -0.991      0.000 4
