519
  -1    1     -1.574      0.513      0.000 4
   0    0     -1.574     -1.173      0.000 4
   4    4     -1.561     -0.922      0.000 4
   3    5     -1.560      0.179      0.000 4
   5   -2     -1.553     -1.138      0.000 4
   6    6     -1.550     -0.400      0.000 4
   7    7     -1.549      0.805      0.000 4
  -1   -2     -1.536     -0.138      0.000 4
  15   -2     -1.531     -1.174      0.000 4
  10    9     -1.530      0.418      0.000 4
  17   -2     -1.521     -0.948      0.000 4
  11   10     -1.507      0.348      0.000 4
   8   25     -1.505      1.023      0.000 4
  13   11     -1.498     -0.458      0.000 4
   9   -2     -1.498      0.649      0.000 4
  14   12     -1.490      0.060      0.000 4
  -1   26     -1.483     -1.074      0.000 4
  -1   13     -1.477      0.850      0.000 4
  16   14     -1.475     -0.288      0.000 4
  18   15     -1.464     -0.749      0.000 4
  20   17     -1.458      0.768      0.000 4
  19   16     -1.458     -0.496      0.000 4
  21   18     -1.453      1.164      0.000 4
  22   19     -1.450      0.899      0.000 4
  25   20     -1.449      0.729      0.000 4
  23   -2     -1.448      0.020      0.000 4
  24   21     -1.447     -0.028      0.000 4
  26   22     -1.443      0.195      0.000 4
  30   23     -1.428     -1.170      0.000 4
  -1   -2     -1.424     -1.123      0.000 4
  27   -2     -1.420     -0.294      0.000 4
  39   -2     -1.398      0.815      0.000 4
  -1   37     -1.397     -0.652      0.000 4
  32   -2     -1.393     -1.120      0.000 4
  31   28     -1.391      0.652      0.000 4
  33   29     -1.383     -0.424      0.000 4
  34   30     -1.368     -0.027      0.000 4
  35   -2     -1.363      0.761      0.000 4
  -1   31     -1.359     -0.772      0.000 4
  36   32     -1.358      0.594      0.000 4
  37   33     -1.352     -0.989      0.000 4
  41   35     -1.342      1.052      0.000 4
  40   -2     -1.341     -0.531      0.000 4
  38   34     -1.341     -0.163      0.000 4
  42   36     -1.321     -1.028      0.000 4
  63   -2     -1.300     -0.624      0.000 4
  44   38     -1.292     -0.733      0.000 4
  46   -2     -1.286     -0.941      0.000 4
  45   41     -1.281     -1.157      0.000 4
  47   40     -1.280      0.455      0.000 4
  48   39     -1.263     -0.963      0.000 4
  49   43     -1.260      0.713      0.000 4
  51   46     -1.253      0.813      0.000 4
  52   45     -1.252      0.926      0.000 4
  53   47     -1.247     -0.130      0.000 4
  54   49     -1.243     -0.409      0.000 4
  56   48     -1.242      1.103      0.000 4
  58   50     -1.229     -0.738      0.000 4
  59   54     -1.222      0.441      0.000 4
  -1   52     -1.219     -1.128      0.000 4
  60   53     -1.218     -0.942      0.000 4
  -1   -2     -1.216     -1.100      0.000 4
  -1   55     -1.214     -0.487      0.000 4
  62   57     -1.211      0.720      0.000 4
  64   59     -1.198     -0.330      0.000 4
  65   60     -1.197     -0.427      0.000 4
  67   61     -1.191      0.528      0.000 4
  66   62     -1.189      0.205      0.000 4
  69   63     -1.180      0.602      0.000 4
  70   65     -1.178      0.427      0.000 4
  61   69     -1.177     -0.993      0.000 4
  71   -2     -1.168      0.740      0.000 4
  79   66     -1.167     -1.172      0.000 4
  43   -2     -1.164     -0.540      0.000 4
  73   67     -1.159      1.084      0.000 4
  -1   68     -1.155      1.127      0.000 4
  74   -2     -1.153     -0.928      0.000 4
  68   -2     -1.150     -0.204      0.000 4
  76   71     -1.148     -0.247      0.000 4
  75   72     -1.148      0.365      0.000 4
  78   70     -1.147     -0.967      0.000 4
  77   73     -1.144      0.625      0.000 4
  81   75     -1.127      0.866      0.000 4
  -1   -2     -1.127      0.468      0.000 4
  82   77     -1.110      1.119      0.000 4
  83   78     -1.098     -0.474      0.000 4
  84   80     -1.090      0.324      0.000 4
  85   79     -1.089     -1.101      0.000 4
  87   82     -1.065     -0.795      0.000 4
  88   84     -1.049      0.595      0.000 4
  91   85     -1.018     -1.146      0.000 4
  92   86     -1.016     -0.142      0.000 4
  93   87     -1.010     -0.931      0.000 4
  -1   88     -1.004      0.338      0.000 4
  96   89     -1.001      1.075      0.000 4
  94   90     -0.996     -0.012      0.000 4
  97   91     -0.994     -0.221      0.000 4
  99   95     -0.980      0.264      0.000 4
 100   -2     -0.979      0.710      0.000 4
 105   -2     -0.966      0.322      0.000 4
 106   96     -0.960      0.397      0.000 4
 107   97     -0.955     -0.456      0.000 4
 111   -2     -0.944     -1.064      0.000 4
 104  110     -0.943     -1.162      0.000 4
 110   99     -0.942     -0.055      0.000 4
 112   98     -0.939      0.620      0.000 4
 113  102     -0.929      0.039      0.000 4
 114  103     -0.926     -0.633      0.000 4
 115   -2     -0.924      0.746      0.000 4
 116  100     -0.920     -0.994      0.000 4
 117  101     -0.917      1.155      0.000 4
 118  105     -0.913     -1.068      0.000 4
  -1  104     -0.909      0.785      0.000 4
 120  106     -0.904      1.114      0.000 4
 121  107     -0.902     -0.769      0.000 4
 119  109     -0.901      0.140      0.000 4
 122  108     -0.899     -0.717      0.000 4
 123  111     -0.882     -0.144      0.000 4
 124   -2     -0.880     -1.167      0.000 4
 125  112     -0.875      0.815      0.000 4
 126  113     -0.870     -0.443      0.000 4
 128  115     -0.854     -0.343      0.000 4
 127  116     -0.852     -0.097      0.000 4
  -1   -2     -0.848      0.066      0.000 4
  -1   -2     -0.842      0.385      0.000 4
 129  117     -0.839      0.879      0.000 4
 131  118     -0.838      1.050      0.000 4
 132  120     -0.824     -0.761      0.000 4
 133  121     -0.823      1.095      0.000 4
 134  122     -0.821      0.987      0.000 4
  -1   -2     -0.805     -1.100      0.000 4
  -1  123     -0.801      0.030      0.000 4
 137  125     -0.782      0.773      0.000 4
 138  126     -0.780     -0.539      0.000 4
  -1  127     -0.774      0.698      0.000 4
 139  128     -0.771     -0.286      0.000 4
 140  129     -0.767      0.957      0.000 4
 147  131     -0.754     -0.935      0.000 4
 144  134     -0.747      0.050      0.000 4
 145  133     -0.745     -0.669      0.000 4
  -1  135     -0.742     -0.547      0.000 4
 146  136     -0.740     -0.254      0.000 4
 148  138     -0.726      0.331      0.000 4
  -1  130     -0.723      0.902      0.000 4
  -1  139     -0.715      0.971      0.000 4
 149  140     -0.713     -1.012      0.000 4
 151  141     -0.701      1.027      0.000 4
 152  142     -0.699     -0.476      0.000 4
 153  144     -0.692      0.588      0.000 4
 143  168     -0.692     -1.172      0.000 4
 155  146     -0.687     -0.206      0.000 4
 156  148     -0.684      0.443      0.000 4
 158  149     -0.672      0.837      0.000 4
 160  150     -0.671     -0.733      0.000 4
  -1  152     -0.660      0.081      0.000 4
 162  154     -0.654      0.174      0.000 4
 163  153     -0.651     -0.261      0.000 4
 164  156     -0.646     -0.468      0.000 4
 165  157     -0.641      1.097      0.000 4
 166  159     -0.638      0.619      0.000 4
 167  161     -0.630     -0.032      0.000 4
 168  160     -0.630     -0.729      0.000 4
 169  163     -0.618     -0.972      0.000 4
 171   -2     -0.617      0.644      0.000 4
 172  164     -0.614     -1.050      0.000 4
 173  165     -0.606     -0.103      0.000 4
 177  167     -0.582      0.985      0.000 4
 176  169     -0.580     -0.243      0.000 4
 178  170     -0.568      0.407      0.000 4
 179   -2     -0.563     -1.172      0.000 4
 180  171     -0.562     -0.935      0.000 4
 181   -2     -0.550      1.148      0.000 4
 182  172     -0.545     -0.611      0.000 4
  -1  174     -0.538     -1.084      0.000 4
 183  175     -0.537      0.289      0.000 4
  -1  176     -0.531      0.886      0.000 4
 185  177     -0.528      1.102      0.000 4
 186  178     -0.520     -0.146      0.000 4
  -1   -2     -0.517      0.570      0.000 4
 187  179     -0.516      0.455      0.000 4
 189  181     -0.494      0.664      0.000 4
 190  182     -0.491     -0.214      0.000 4
 184   -2     -0.481     -1.139      0.000 4
 195  186     -0.463     -0.753      0.000 4
 194  187     -0.461      0.637      0.000 4
 197  189     -0.454     -0.862      0.000 4
 198  191     -0.446     -0.579      0.000 4
 193   -2     -0.437     -1.174      0.000 4
  -1  192     -0.434      0.356      0.000 4
 199  190     -0.425     -0.963      0.000 4
 200  200     -0.422      0.950      0.000 4
 201  195     -0.422     -0.646      0.000 4
 202  193     -0.421      1.103      0.000 4
 203  197     -0.418      0.263      0.000 4
 206  199     -0.406      0.761      0.000 4
  -1  194     -0.402     -1.155      0.000 4
 207  201     -0.399     -0.482      0.000 4
 196   -2     -0.395      0.867      0.000 4
 209   -2     -0.395      0.939      0.000 4
 210  203     -0.393     -0.855      0.000 4
  -1  204     -0.386     -0.141      0.000 4
 213  205     -0.368      0.684      0.000 4
 214  207     -0.364      0.352      0.000 4
 219  208     -0.358     -1.166      0.000 4
 215   -2     -0.349     -1.105      0.000 4
 216  210     -0.349     -0.632      0.000 4
 218  211     -0.343      0.113      0.000 4
 220  212     -0.339     -0.318      0.000 4
 221  214     -0.334      1.120      0.000 4
 222  215     -0.327     -0.806      0.000 4
 223  216     -0.324      0.658      0.000 4
 224  217     -0.312      0.630      0.000 4
 225  218     -0.304     -0.853      0.000 4
 226  219     -0.301     -0.559      0.000 4
 232  220     -0.298      0.025      0.000 4
  -1  198     -0.296      0.451      0.000 4
 231  209     -0.291     -1.090      0.000 4
 229  222     -0.274      0.590      0.000 4
 233   -2     -0.265      0.846      0.000 4
 234  225     -0.264     -0.932      0.000 4
 230  227     -0.263     -1.168      0.000 4
 235  228     -0.247     -1.049      0.000 4
  -1  229     -0.233     -1.002      0.000 4
 238  230     -0.228     -1.092      0.000 4
  -1  224     -0.228      0.902      0.000 4
 240  231     -0.220     -0.132      0.000 4
 242  232     -0.199      0.321      0.000 4
 243   -2     -0.199      0.397      0.000 4
 244  237     -0.191     -0.628      0.000 4
 246  236     -0.190     -1.073      0.000 4
 245  239     -0.188     -0.046      0.000 4
  -1  235     -0.187     -0.518      0.000 4
 248  242     -0.176      1.104      0.000 4
 250  238     -0.175     -1.037      0.000 4
  -1  243     -0.173     -0.238      0.000 4
 253  233     -0.172      0.507      0.000 4
 251  245     -0.171      0.274      0.000 4
 254  247     -0.151      0.193      0.000 4
  -1   -2     -0.143     -1.121      0.000 4
 255  249     -0.139     -0.852      0.000 4
  -1  248     -0.136     -0.076      0.000 4
 256   -2     -0.131     -0.208      0.000 4
 258  241     -0.125      1.023      0.000 4
 259  250     -0.122     -0.240      0.000 4
 260  252     -0.120      0.288      0.000 4
 261  251     -0.119      1.108      0.000 4
  -1  253     -0.114     -0.486      0.000 4
 263  255     -0.098      0.012      0.000 4
 264   -2     -0.097      0.475      0.000 4
 267  257     -0.087      0.948      0.000 4
 268  258     -0.080     -0.912      0.000 4
 269   -2     -0.079     -0.315      0.000 4
 283  240     -0.076     -1.168      0.000 4
 270  259     -0.067      1.058      0.000 4
  -1   -2     -0.055      0.772      0.000 4
  -1  260     -0.050     -0.084      0.000 4
 273   -2     -0.040      0.257      0.000 4
 274   -2     -0.037      1.004      0.000 4
 276  264     -0.031      0.455      0.000 4
 280  265     -0.023      0.052      0.000 4
  -1  269     -0.015      0.301      0.000 4
 281  263     -0.015      0.992      0.000 4
 284   -2      0.003      0.116      0.000 4
 286  267      0.004      0.790      0.000 4
 288   -2      0.008      0.461      0.000 4
 295  268      0.009     -1.030      0.000 4
 296  261      0.013      0.274      0.000 4
 290  270      0.018     -0.018      0.000 4
  -1   -2      0.025     -0.218      0.000 4
 293  271      0.048      0.520      0.000 4
  -1   -2      0.049      1.161      0.000 4
 285  286      0.057      0.724      0.000 4
 297  276      0.063     -0.883      0.000 4
 298  277      0.066     -0.730      0.000 4
 299  278      0.069      0.134      0.000 4
 300  279      0.079     -0.547      0.000 4
 311  266      0.080     -0.022      0.000 4
 301  280      0.084      0.098      0.000 4
  -1   -2      0.085     -0.783      0.000 4
 303  274      0.093     -1.172      0.000 4
 305  283      0.105     -1.119      0.000 4
 308  287      0.137     -0.352      0.000 4
 309  288      0.138     -0.951      0.000 4
 310  289      0.142      0.677      0.000 4
  -1  292      0.153      0.540      0.000 4
 313  294      0.166      0.845      0.000 4
 314  295      0.178      0.295      0.000 4
 315  296      0.186     -0.531      0.000 4
 316  297      0.188     -1.004      0.000 4
 340   -2      0.197     -1.171      0.000 4
 317  298      0.198     -0.337      0.000 4
 318  301      0.212     -0.821      0.000 4
 327  302      0.219      1.049      0.000 4
 321  303      0.222      0.039      0.000 4
  -1   -2      0.222      0.873      0.000 4
  -1   -2      0.225      0.779      0.000 4
 322  305      0.229     -0.700      0.000 4
 323  307      0.230      0.319      0.000 4
 324  306      0.230      0.445      0.000 4
 325   -2      0.233     -0.320      0.000 4
 326   -2      0.236      0.848      0.000 4
  -1  308      0.241     -1.002      0.000 4
 328  309      0.248     -0.099      0.000 4
 329  310      0.273     -0.274      0.000 4
  -1  316      0.278      0.119      0.000 4
 330  311      0.281      0.780      0.000 4
 332  313      0.291      0.984      0.000 4
 333  315      0.297      0.912      0.000 4
 334  314      0.298      1.138      0.000 4
 336   -2      0.304      0.203      0.000 4
 337  317      0.309      0.577      0.000 4
 331  319      0.322     -1.171      0.000 4
 338  318      0.326     -1.049      0.000 4
 339  320      0.341     -0.243      0.000 4
 341  322      0.351     -0.135      0.000 4
 342  323      0.355      0.056      0.000 4
 344  325      0.358     -0.679      0.000 4
  -1  324      0.358      0.563      0.000 4
 343  328      0.360     -1.017      0.000 4
 345  327      0.361      0.833      0.000 4
 346   -2      0.379     -1.079      0.000 4
  -1  330      0.382      0.159      0.000 4
 348  332      0.390     -0.310      0.000 4
 349  333      0.392     -0.659      0.000 4
  -1  331      0.398     -1.103      0.000 4
  -1   -2      0.410      0.934      0.000 4
 352  335      0.417     -0.963      0.000 4
 353  337      0.425      0.532      0.000 4
 354  336      0.426      0.055      0.000 4
 355  338      0.431     -0.317      0.000 4
 356  339      0.435     -0.743      0.000 4
 350   -2      0.440     -0.359      0.000 4
 358  341      0.446      0.241      0.000 4
 359  342      0.453     -0.547      0.000 4
 360  343      0.459      0.141      0.000 4
 361  344      0.463      1.033      0.000 4
 363  345      0.473     -0.668      0.000 4
 364  347      0.480     -0.494      0.000 4
 374   -2      0.486     -1.116      0.000 4
 367  348      0.495      0.008      0.000 4
  -1   -2      0.495     -0.549      0.000 4
 370  351      0.502      0.573      0.000 4
 368  352      0.508     -0.347      0.000 4
 369  353      0.511     -0.825      0.000 4
 371  354      0.516     -0.676      0.000 4
  -1   -2      0.521     -0.085      0.000 4
  -1  356      0.535      0.600      0.000 4
 372  357      0.536      1.133      0.000 4
 373   -2      0.539      0.258      0.000 4
 375   -2      0.540      0.452      0.000 4
 376  359      0.542     -0.523      0.000 4
  -1  358      0.553      0.408      0.000 4
  -1  365      0.554     -0.286      0.000 4
 377   -2      0.554     -0.796      0.000 4
 379  362      0.558      0.746      0.000 4
 380  361      0.559     -0.020      0.000 4
  -1   -2      0.564      0.553      0.000 4
  -1   -2      0.568      0.291      0.000 4
 381  363      0.573     -0.847      0.000 4
 395   -2      0.578     -0.128      0.000 4
  -1  364      0.579      0.627      0.000 4
 392  366      0.594     -1.143      0.000 4
 382  367      0.596     -0.488      0.000 4
 383  368      0.598     -0.995      0.000 4
 384  371      0.614     -0.899      0.000 4
 388  372      0.616     -1.050      0.000 4
 385   -2      0.618     -0.349      0.000 4
 386  373      0.620      1.130      0.000 4
 387  374      0.623      0.702      0.000 4
 389  376      0.628      0.881      0.000 4
 390  377      0.636      0.759      0.000 4
  -1  375      0.637     -1.040      0.000 4
 391  378      0.639     -0.658      0.000 4
  -1  360      0.639      0.132      0.000 4
 394  379      0.656     -0.753      0.000 4
  -1  381      0.670     -0.604      0.000 4
 404  385      0.681      1.030      0.000 4
 398  382      0.682      0.415      0.000 4
 397  384      0.684      0.679      0.000 4
 399  383      0.685      0.446      0.000 4
 401  387      0.720     -0.420      0.000 4
 402  388      0.722     -0.793      0.000 4
 400  386      0.728      0.800      0.000 4
 396  395      0.732     -1.022      0.000 4
 406  389      0.733      0.724      0.000 4
  -1  391      0.736      1.040      0.000 4
 415   -2      0.746     -1.159      0.000 4
 403   -2      0.746      0.406      0.000 4
  -1  393      0.749     -0.593      0.000 4
 408  394      0.754     -0.644      0.000 4
 409   -2      0.759     -1.067      0.000 4
 413  396      0.769      0.946      0.000 4
 412   -2      0.775     -0.407      0.000 4
  -1  397      0.780      1.118      0.000 4
 411   -2      0.788      1.046      0.000 4
  -1  399      0.789     -0.983      0.000 4
 416  400      0.793     -0.344      0.000 4
 417  401      0.806      0.898      0.000 4
 418  402      0.808     -0.603      0.000 4
 414  408      0.811     -0.783      0.000 4
 421  405      0.830     -1.110      0.000 4
  -1   -2      0.841      0.918      0.000 4
 422  407      0.842     -1.048      0.000 4
 420   -2      0.844      0.213      0.000 4
  -1   -2      0.846     -0.852      0.000 4
  -1   -2      0.861      0.595      0.000 4
 424  410      0.869     -0.282      0.000 4
 428  411      0.877      1.120      0.000 4
 427  413      0.878      0.811      0.000 4
  -1   -2      0.881      0.974      0.000 4
 430  412      0.888     -0.085      0.000 4
 431  415      0.890      0.554      0.000 4
 433  416      0.897      0.331      0.000 4
 432  418      0.898     -1.006      0.000 4
 434  417      0.899      0.286      0.000 4
 439   -2      0.911     -0.602      0.000 4
 437  421      0.915      0.802      0.000 4
  -1  424      0.919     -0.875      0.000 4
 441  425      0.934     -1.084      0.000 4
 440  422      0.935      0.988      0.000 4
 442  423      0.938      1.086      0.000 4
  -1   -2      0.941     -0.808      0.000 4
 444  426      0.947     -0.050      0.000 4
  -1  427      0.960     -1.142      0.000 4
 445  428      0.965     -0.462      0.000 4
 446  429      0.970     -0.272      0.000 4
 447  430      0.979     -0.556      0.000 4
 449  432      0.987     -0.169      0.000 4
 448  441      0.990      0.074      0.000 4
  -1  433      0.994      0.693      0.000 4
 451   -2      1.003      0.635      0.000 4
  -1  438      1.006      0.966      0.000 4
 454  439      1.007      0.130      0.000 4
 455  437      1.008      0.588      0.000 4
  -1   -2      1.019      0.195      0.000 4
 457  443      1.028      0.375      0.000 4
  -1   -2      1.039     -0.241      0.000 4
 460  447      1.053     -0.277      0.000 4
 459  444      1.054     -0.343      0.000 4
 461  449      1.062     -0.628      0.000 4
  -1   -2      1.065      0.693      0.000 4
 462  450      1.067      0.195      0.000 4
 463  451      1.070     -0.184      0.000 4
 464  453      1.085     -0.743      0.000 4
 465  454      1.092      0.482      0.000 4
  -1   -2      1.096      1.136      0.000 4
  -1  457      1.103     -0.275      0.000 4
  -1   -2      1.103      0.533      0.000 4
 466  459      1.108     -1.038      0.000 4
 458   -2      1.112     -1.136      0.000 4
 467  458      1.112      0.416      0.000 4
  -1  460      1.114     -0.370      0.000 4
  -1  462      1.121      1.015      0.000 4
 471   -2      1.123     -1.158      0.000 4
 470  463      1.126     -0.068      0.000 4
 469  464      1.128     -0.707      0.000 4
 453   -2      1.130      0.937      0.000 4
 482  461      1.141      0.639      0.000 4
 473  468      1.150      0.807      0.000 4
 474  452      1.158      0.328      0.000 4
 475   -2      1.160     -0.938      0.000 4
 476  470      1.165      1.015      0.000 4
 477  472      1.167     -0.852      0.000 4
 479   -2      1.173     -0.042      0.000 4
 480  475      1.188      0.227      0.000 4
  -1  474      1.198     -0.623      0.000 4
 483   -2      1.219      0.236      0.000 4
 484  476      1.219      0.061      0.000 4
 485   -2      1.233     -1.011      0.000 4
 487  466      1.234     -1.174      0.000 4
 486  477      1.252      0.887      0.000 4
 488  479      1.265     -0.583      0.000 4
  -1  483      1.273     -1.172      0.000 4
 490  480      1.276     -0.447      0.000 4
 489   -2      1.277     -0.660      0.000 4
  -1  484      1.292     -0.938      0.000 4
 491  481      1.293      1.022      0.000 4
 500  473      1.304     -0.121      0.000 4
 492   -2      1.305     -1.075      0.000 4
 494   -2      1.312     -0.605      0.000 4
  -1   -2      1.322     -1.014      0.000 4
 496   -2      1.326     -0.553      0.000 4
 495   -2      1.336      0.569      0.000 4
 498  485      1.344     -0.584      0.000 4
 499  486      1.344      0.273      0.000 4
 501  487      1.351     -0.675      0.000 4
 503  488      1.373     -1.056      0.000 4
 504   -2      1.377     -0.562      0.000 4
 507  490      1.382      0.406      0.000 4
 506  491      1.387     -1.115      0.000 4
 508  492      1.387     -1.176      0.000 4
 509  493      1.410      1.158      0.000 4
 510  494      1.416     -1.070      0.000 4
 516  489      1.417     -0.564      0.000 4
 511  496      1.425      0.458      0.000 4
 514  499      1.445     -0.445      0.000 4
 513  498      1.445     -0.584      0.000 4
 512  500      1.447     -1.171      0.000 4
 515  501      1.451     -0.335      0.000 4
  -1  502      1.453     -0.512      0.000 4
 517   -2      1.459     -0.307      0.000 4
 519  503      1.462      0.160      0.000 4
 518  505      1.462      0.069      0.000 4
 521  508      1.493     -0.890      0.000 4
 520  510      1.497     -1.058      0.000 4
 522  509      1.499     -0.266      0.000 4
 523  511      1.504      0.239      0.000 4
 525  512      1.511      0.577      0.000 4
  -1   -2      1.536     -1.124      0.000 4
 526  515      1.538      0.661      0.000 4
  -1  517      1.543     -0.357      0.000 4
 527  518      1.543     -0.602      0.000 4
 528  516      1.544      0.919      0.000 4
 529  521      1.546     -0.294      0.000 4
 531  522      1.553     -0.109      0.000 4
 533  523      1.557      0.290      0.000 4
 532  524      1.558     -1.173      0.000 4
 534  526      1.564     -1.068      0.000 4
 535  527      1.573     -0.966      0.000 4
