537
   0    1     -1.573     -1.172      0.000 4
   1    2     -1.572      0.508      0.000 4
   2    3     -1.568      0.650      0.000 4
   4    4     -1.560     -0.915      0.000 4
   5    5     -1.556      0.179      0.000 4
   6    6     -1.549     -0.395      0.000 4
   7    7     -1.546      0.798      0.000 4
   9   10     -1.529      0.417      0.000 4
  -1   -2     -1.528     -0.596      0.000 4
   8   11     -1.526      0.597      0.000 4
  -1   -2     -1.521     -0.951      0.000 4
  -1   -2     -1.512     -0.718      0.000 4
   3   12     -1.508      1.017      0.000 4
  10   13     -1.503      0.344      0.000 4
  11   15     -1.493     -0.451      0.000 4
  12   16     -1.486      0.061      0.000 4
  23   -2     -1.482     -1.171      0.000 4
  13   17     -1.475      0.842      0.000 4
  15   18     -1.462     -0.741      0.000 4
  16   20     -1.456     -0.490      0.000 4
  18   19     -1.454      1.158      0.000 4
  17   22     -1.454      0.760      0.000 4
  19   23     -1.449      0.891      0.000 4
  20   -2     -1.443      0.721      0.000 4
  21   -2     -1.442      0.022      0.000 4
  -1   25     -1.439      0.657      0.000 4
  22   26     -1.438      0.192      0.000 4
  -1   28     -1.404     -1.117      0.000 4
  -1   31     -1.399     -1.168      0.000 4
  -1   -2     -1.395      0.810      0.000 4
  27   29     -1.393      0.460      0.000 4
  -1   24     -1.388     -0.040      0.000 4
  28   30     -1.387      0.647      0.000 4
  29   33     -1.379     -0.416      0.000 4
  31   -2     -1.363     -0.774      0.000 4
  30   -2     -1.362     -0.026      0.000 4
  33   34     -1.351     -0.983      0.000 4
  35   36     -1.335      1.044      0.000 4
  34   38     -1.335     -0.159      0.000 4
  26   -2     -1.326     -1.165      0.000 4
  36   39     -1.322     -1.022      0.000 4
  -1   40     -1.299     -0.620      0.000 4
  38   41     -1.291     -0.728      0.000 4
  39   42     -1.278     -0.944      0.000 4
  42   45     -1.275     -1.155      0.000 4
  40   44     -1.274      0.453      0.000 4
  -1   -2     -1.258      0.046      0.000 4
  45   48     -1.250      0.920      0.000 4
  46   49     -1.249      0.807      0.000 4
  48   50     -1.242      1.097      0.000 4
  47   52     -1.241     -0.128      0.000 4
  50   53     -1.228     -0.733      0.000 4
  -1   55     -1.225     -1.125      0.000 4
  52   56     -1.219     -1.094      0.000 4
  53   57     -1.217     -0.938      0.000 4
  54   59     -1.213      0.439      0.000 4
  -1   -2     -1.211     -0.870      0.000 4
  37   67     -1.206     -0.636      0.000 4
  57   60     -1.206      0.715      0.000 4
  60   61     -1.192     -0.424      0.000 4
  59   62     -1.191     -0.323      0.000 4
  61   63     -1.183      0.521      0.000 4
  63   64     -1.181      0.606      0.000 4
  64   -2     -1.174     -0.184      0.000 4
  65   66     -1.170      0.423      0.000 4
  66   76     -1.170     -1.170      0.000 4
  -1   -2     -1.164      0.736      0.000 4
  68   70     -1.154      1.123      0.000 4
  69   71     -1.154     -0.923      0.000 4
  70   72     -1.148     -0.961      0.000 4
  71   73     -1.140     -0.243      0.000 4
  72   74     -1.139      0.364      0.000 4
  73   75     -1.138      0.622      0.000 4
  74   -2     -1.135     -1.131      0.000 4
  75   77     -1.124      0.862      0.000 4
  77   78     -1.109      1.114      0.000 4
  78   82     -1.093     -0.471      0.000 4
  79   81     -1.093     -1.098      0.000 4
  80   83     -1.082      0.323      0.000 4
  82   85     -1.064     -0.792      0.000 4
  85   -2     -1.044     -1.159      0.000 4
  84   88     -1.043      0.593      0.000 4
  -1   89     -1.033      0.959      0.000 4
  87   91     -1.011     -0.928      0.000 4
  86   92     -1.007     -0.140      0.000 4
  89   93     -1.001      1.074      0.000 4
  88   -2     -0.995      0.338      0.000 4
  90   94     -0.991     -0.009      0.000 4
  91   96     -0.985     -0.222      0.000 4
  92   -2     -0.978     -0.035      0.000 4
  93   97     -0.973      0.454      0.000 4
 104   98     -0.973      0.708      0.000 4
  94   90     -0.973     -1.129      0.000 4
  -1   -2     -0.969     -0.642      0.000 4
  -1   -2     -0.962      0.271      0.000 4
  -1  100     -0.957      0.322      0.000 4
  96  102     -0.952      0.397      0.000 4
  97  101     -0.949     -0.454      0.000 4
  -1  103     -0.947      0.924      0.000 4
  -1  107     -0.945     -0.548      0.000 4
 100  104     -0.929     -0.991      0.000 4
  99  106     -0.929     -0.054      0.000 4
 101  105     -0.928      1.160      0.000 4
 103   -2     -0.923     -0.631      0.000 4
 102  109     -0.920      0.039      0.000 4
 114   -2     -0.919      0.744      0.000 4
 105  110     -0.914     -1.064      0.000 4
 106  111     -0.904      1.112      0.000 4
 107  112     -0.901     -0.768      0.000 4
 108  113     -0.896     -0.716      0.000 4
 109  115     -0.891      0.140      0.000 4
  -1  114     -0.887     -1.168      0.000 4
 111  116     -0.873     -0.144      0.000 4
 112  117     -0.866      0.813      0.000 4
 113  118     -0.864     -0.444      0.000 4
 116   -2     -0.844     -0.094      0.000 4
 118  120     -0.836      1.050      0.000 4
 117  121     -0.835      0.879      0.000 4
 119  125     -0.826      0.219      0.000 4
 121  123     -0.822      1.094      0.000 4
 120  124     -0.822     -0.760      0.000 4
 122  126     -0.819      0.986      0.000 4
  -1  127     -0.814     -0.807      0.000 4
  -1  128     -0.791      0.999      0.000 4
  -1  119     -0.788     -0.043      0.000 4
 110  146     -0.787     -1.176      0.000 4
 127  130     -0.783      0.741      0.000 4
 130   -2     -0.779      0.772      0.000 4
 126  131     -0.775     -0.538      0.000 4
 129  132     -0.766      0.957      0.000 4
 128  133     -0.763     -0.287      0.000 4
 131  135     -0.754     -0.934      0.000 4
  -1   -2     -0.752      0.849      0.000 4
 132  134     -0.752     -1.159      0.000 4
 133  136     -0.742     -0.669      0.000 4
 135   -2     -0.739     -0.543      0.000 4
 134  138     -0.738      0.050      0.000 4
 137  139     -0.730     -0.964      0.000 4
 136  141     -0.730     -0.255      0.000 4
 138  143     -0.714      0.328      0.000 4
 140  142     -0.714     -1.012      0.000 4
 141  145     -0.699      1.030      0.000 4
 147  147     -0.697      0.253      0.000 4
 142  148     -0.693     -0.477      0.000 4
 145  144     -0.687      1.094      0.000 4
  -1  149     -0.684     -1.134      0.000 4
 146  150     -0.679     -0.208      0.000 4
 148  153     -0.673      0.443      0.000 4
 149  151     -0.668      0.840      0.000 4
 150  152     -0.667     -0.734      0.000 4
 151  154     -0.662      1.151      0.000 4
 143  168     -0.657     -1.174      0.000 4
 153  155     -0.656     -0.268      0.000 4
 152  156     -0.649      0.080      0.000 4
 154  157     -0.646      0.174      0.000 4
 155  160     -0.644      1.062      0.000 4
 156  159     -0.639     -0.470      0.000 4
 157  158     -0.639      1.100      0.000 4
 158   -2     -0.635      1.024      0.000 4
 159  161     -0.629      0.628      0.000 4
 160  162     -0.626     -0.732      0.000 4
 161  165     -0.621     -0.032      0.000 4
 163  164     -0.617     -0.974      0.000 4
 164  166     -0.615     -1.051      0.000 4
 165  167     -0.597     -0.104      0.000 4
 166   -2     -0.592      0.121      0.000 4
 173  163     -0.582     -1.156      0.000 4
 167  169     -0.580      0.987      0.000 4
 169  170     -0.572     -0.245      0.000 4
 170  172     -0.560      0.409      0.000 4
 171  171     -0.559     -0.934      0.000 4
  -1  173     -0.552      1.155      0.000 4
 172  175     -0.542     -0.614      0.000 4
 175  179     -0.529      0.291      0.000 4
 176  177     -0.528      0.890      0.000 4
 177  178     -0.526      1.106      0.000 4
 178  180     -0.512     -0.147      0.000 4
 179  181     -0.510      0.458      0.000 4
 180  182     -0.493     -0.699      0.000 4
 182  184     -0.488     -0.241      0.000 4
 181  185     -0.488      0.668      0.000 4
 184  186     -0.483     -1.142      0.000 4
 168   -2     -0.481     -1.175      0.000 4
 183  187     -0.479     -0.207      0.000 4
 185  188     -0.470     -0.528      0.000 4
 186  189     -0.460     -0.755      0.000 4
 188  193     -0.459     -1.102      0.000 4
 187  190     -0.456      0.640      0.000 4
 190   -2     -0.453     -0.964      0.000 4
 189  191     -0.452     -0.866      0.000 4
 191  192     -0.442     -0.583      0.000 4
  -1   -2     -0.421      0.957      0.000 4
 193  194     -0.421      1.107      0.000 4
 195   -2     -0.418     -0.651      0.000 4
 209   -2     -0.418     -1.121      0.000 4
 197  195     -0.412      0.265      0.000 4
  -1  198     -0.402      0.463      0.000 4
 199  197     -0.401      0.765      0.000 4
 201  200     -0.394     -0.485      0.000 4
 202  201     -0.393      0.875      0.000 4
 200  202     -0.392      0.946      0.000 4
 203  199     -0.392     -0.860      0.000 4
 204  203     -0.378     -0.144      0.000 4
 205  204     -0.365      0.689      0.000 4
 206   -2     -0.362     -0.391      0.000 4
 207  206     -0.356      0.357      0.000 4
 208   -2     -0.349     -1.168      0.000 4
 211  210     -0.336      0.112      0.000 4
 214  211     -0.334      1.128      0.000 4
 212  212     -0.334     -0.321      0.000 4
 215  213     -0.325     -0.812      0.000 4
 217  214     -0.312      0.651      0.000 4
 218  215     -0.303     -0.860      0.000 4
 219  216     -0.297     -0.563      0.000 4
  -1  205     -0.295     -0.457      0.000 4
 220  217     -0.295      0.027      0.000 4
  -1   -2     -0.290      0.453      0.000 4
 223  220     -0.270     -0.739      0.000 4
 222  221     -0.269      0.597      0.000 4
 225  222     -0.263     -0.939      0.000 4
 226   -2     -0.259      0.075      0.000 4
 240  208     -0.251     -1.162      0.000 4
 229  219     -0.247     -1.055      0.000 4
  -1  227     -0.242     -0.200      0.000 4
 230  228     -0.227     -1.092      0.000 4
 231   -2     -0.211     -0.135      0.000 4
 232  229     -0.192      0.321      0.000 4
 235  230     -0.190     -0.522      0.000 4
 236  232     -0.190     -1.067      0.000 4
 238   -2     -0.189     -1.040      0.000 4
 237  231     -0.188     -0.635      0.000 4
 239  234     -0.184     -0.048      0.000 4
  -1   -2     -0.179     -1.164      0.000 4
 242  235     -0.176      1.112      0.000 4
 245  237     -0.166      0.276      0.000 4
 244  238     -0.166      0.513      0.000 4
 243  236     -0.163     -0.241      0.000 4
 246  239     -0.153     -0.542      0.000 4
 247  240     -0.145      0.195      0.000 4
  -1  242     -0.142     -1.125      0.000 4
 249  244     -0.138     -0.859      0.000 4
  -1  243     -0.133     -0.078      0.000 4
  -1   -2     -0.130     -0.514      0.000 4
 251  245     -0.119      1.118      0.000 4
 250  246     -0.116     -0.244      0.000 4
 252  247     -0.116      0.291      0.000 4
 253  248     -0.110     -0.496      0.000 4
  -1   -2     -0.096     -0.556      0.000 4
 254   -2     -0.095     -0.972      0.000 4
  -1  249     -0.094      0.478      0.000 4
 255  250     -0.092      0.011      0.000 4
 256   -2     -0.090     -1.168      0.000 4
 257  251     -0.086      0.957      0.000 4
 258  252     -0.079     -0.919      0.000 4
 259  255     -0.067      1.069      0.000 4
  -1  254     -0.048     -0.359      0.000 4
 260  256     -0.048     -0.085      0.000 4
  -1   -2     -0.047      0.780      0.000 4
  -1   -2     -0.040     -0.709      0.000 4
 266   -2     -0.035      0.262      0.000 4
 264   -2     -0.027      0.462      0.000 4
 265  260     -0.018      0.051      0.000 4
  -1   -2     -0.018      0.596      0.000 4
 284   -2     -0.014      1.001      0.000 4
  -1   -2     -0.014      0.305      0.000 4
  -1  261     -0.003     -0.158      0.000 4
  -1  262      0.003      0.118      0.000 4
 268   -2      0.004     -1.021      0.000 4
  -1  263      0.004      0.695      0.000 4
 267  265      0.007      0.799      0.000 4
 274  253      0.009     -1.166      0.000 4
  -1  266      0.012      0.465      0.000 4
 269  267      0.016      0.277      0.000 4
  -1   -2      0.031     -0.972      0.000 4
  -1   -2      0.045      1.169      0.000 4
 275  264      0.045     -1.053      0.000 4
  -1   -2      0.046     -1.125      0.000 4
 271  271      0.049      0.527      0.000 4
 273  272      0.057      0.732      0.000 4
 276  273      0.063     -0.893      0.000 4
 277  274      0.067     -0.738      0.000 4
 278  275      0.072      0.134      0.000 4
 279  276      0.082     -0.553      0.000 4
  -1   -2      0.084     -0.653      0.000 4
 272   -2      0.084      0.100      0.000 4
 270  287      0.086     -0.025      0.000 4
 283  279      0.096     -1.155      0.000 4
 285  282      0.112      0.329      0.000 4
 291   -2      0.134     -0.451      0.000 4
  -1   -2      0.136      0.784      0.000 4
 288  283      0.139     -0.955      0.000 4
 287  284      0.139     -0.359      0.000 4
 289  285      0.143      0.684      0.000 4
 306   -2      0.154      0.547      0.000 4
 293  286      0.154     -1.050      0.000 4
 294  288      0.166      0.855      0.000 4
  -1   -2      0.168     -0.321      0.000 4
 295   -2      0.176      0.297      0.000 4
 290  303      0.191     -1.012      0.000 4
  -1  292      0.196     -1.172      0.000 4
 298  293      0.199     -0.343      0.000 4
 317   -2      0.211      0.590      0.000 4
 301  294      0.214     -0.830      0.000 4
 302  295      0.220      1.058      0.000 4
 303  297      0.222      0.038      0.000 4
 304  290      0.225     -0.582      0.000 4
 286   -2      0.225      0.787      0.000 4
 307   -2      0.229      0.320      0.000 4
 305  300      0.229     -0.709      0.000 4
 308   -2      0.241     -1.008      0.000 4
 309  304      0.248     -0.101      0.000 4
 310  305      0.273     -0.273      0.000 4
 311  307      0.280      0.789      0.000 4
 313  308      0.290      0.992      0.000 4
 315  310      0.298      0.922      0.000 4
 330  289      0.303      0.205      0.000 4
 318  314      0.326     -1.058      0.000 4
 319  315      0.331     -1.174      0.000 4
 322  317      0.339     -0.246      0.000 4
 321   -2      0.343     -0.294      0.000 4
 323  318      0.353      0.056      0.000 4
 325  319      0.357     -0.686      0.000 4
 327  321      0.360      0.840      0.000 4
 328  322      0.360     -1.024      0.000 4
 316  347      0.371      0.285      0.000 4
  -1  323      0.375     -1.152      0.000 4
 329  326      0.379     -1.087      0.000 4
  -1  325      0.384      0.888      0.000 4
 332  327      0.389     -0.314      0.000 4
 333  329      0.392     -0.666      0.000 4
  -1  328      0.392     -0.912      0.000 4
 337  313      0.394      0.584      0.000 4
  -1  330      0.399     -1.111      0.000 4
  -1   -2      0.408      0.945      0.000 4
 335  331      0.418     -0.970      0.000 4
 336   -2      0.423      0.055      0.000 4
 338  332      0.429     -0.322      0.000 4
 339  333      0.434     -0.749      0.000 4
 340  334      0.436     -0.366      0.000 4
 341  335      0.445      0.245      0.000 4
 326  351      0.448      1.134      0.000 4
 343  337      0.455      0.142      0.000 4
  -1   -2      0.460      0.852      0.000 4
 344  338      0.462      1.043      0.000 4
 350  339      0.465      0.731      0.000 4
  -1   -2      0.467      0.886      0.000 4
 345  341      0.472     -0.673      0.000 4
 347  343      0.480     -0.499      0.000 4
 348  344      0.493      0.007      0.000 4
 351  346      0.501      0.576      0.000 4
 352  348      0.506     -0.350      0.000 4
 360   -2      0.507      0.424      0.000 4
 353  358      0.513     -0.832      0.000 4
 354  349      0.516     -0.680      0.000 4
 356  350      0.529      0.614      0.000 4
 358   -2      0.536      0.461      0.000 4
  -1   -2      0.539      0.261      0.000 4
 359  352      0.541     -0.525      0.000 4
  -1   -2      0.544      0.174      0.000 4
 357   -2      0.545      1.142      0.000 4
 363  353      0.554     -0.801      0.000 4
  -1   -2      0.554     -0.291      0.000 4
 361  356      0.555     -0.020      0.000 4
 362  357      0.557      0.753      0.000 4
  -1  361      0.571     -0.853      0.000 4
 364  362      0.577      0.632      0.000 4
  -1  355      0.579      0.173      0.000 4
 349  368      0.585     -1.163      0.000 4
 367  365      0.593     -0.492      0.000 4
 375  366      0.601     -0.996      0.000 4
 371  367      0.611     -0.901      0.000 4
 372  370      0.616     -1.054      0.000 4
 373  371      0.620      1.138      0.000 4
 376  372      0.625      0.888      0.000 4
 377  373      0.632      0.767      0.000 4
 378  374      0.635     -0.661      0.000 4
  -1  376      0.643     -1.049      0.000 4
 380  377      0.654     -0.034      0.000 4
 379  378      0.654     -0.757      0.000 4
 365  396      0.665     -0.221      0.000 4
 381  380      0.669     -0.607      0.000 4
 382  381      0.676      0.419      0.000 4
 384  382      0.678      0.686      0.000 4
 383  383      0.678      0.452      0.000 4
  -1   -2      0.691      0.073      0.000 4
  -1  385      0.698     -1.085      0.000 4
 386  386      0.714      0.806      0.000 4
 387  387      0.716     -0.423      0.000 4
  -1  389      0.721     -0.777      0.000 4
  -1  390      0.721     -0.933      0.000 4
 388   -2      0.722     -0.801      0.000 4
  -1  391      0.727     -0.142      0.000 4
 389  393      0.728      0.729      0.000 4
 390  394      0.733     -1.025      0.000 4
 391  392      0.733      1.046      0.000 4
 392  395      0.741      0.410      0.000 4
  -1   -2      0.745     -0.235      0.000 4
 393  397      0.746     -0.594      0.000 4
 394  398      0.752     -0.646      0.000 4
  -1  401      0.759     -1.071      0.000 4
  -1  400      0.759     -0.456      0.000 4
 397   -2      0.766      0.951      0.000 4
  -1  409      0.775     -0.739      0.000 4
  -1  403      0.783      1.053      0.000 4
 398  405      0.789     -1.036      0.000 4
 400  404      0.790     -0.346      0.000 4
 401   -2      0.799      0.904      0.000 4
 399  406      0.804     -0.989      0.000 4
 402  408      0.805     -0.605      0.000 4
 403   -2      0.811     -0.784      0.000 4
 404   -2      0.815      0.101      0.000 4
 395  428      0.831     -1.112      0.000 4
  -1   -2      0.838      0.949      0.000 4
 406  410      0.838      0.217      0.000 4
 407  412      0.843     -1.050      0.000 4
  -1   -2      0.844      0.254      0.000 4
  -1  414      0.846     -0.853      0.000 4
 409  411      0.855     -1.155      0.000 4
 410  415      0.865     -0.281      0.000 4
 413  407      0.868      0.814      0.000 4
  -1   -2      0.869     -0.446      0.000 4
 412  416      0.870     -0.141      0.000 4
 411  419      0.878      1.124      0.000 4
  -1   -2      0.882     -0.023      0.000 4
 415  420      0.884      0.557      0.000 4
 416  421      0.891      0.333      0.000 4
 417  422      0.892      0.289      0.000 4
 418  423      0.901     -1.006      0.000 4
 421   -2      0.910      0.805      0.000 4
 408   -2      0.912     -0.946      0.000 4
  -1   -2      0.918     -0.874      0.000 4
 422  431      0.932      0.998      0.000 4
 425   -2      0.937     -1.081      0.000 4
 423  429      0.938      1.091      0.000 4
  -1  430      0.940     -0.808      0.000 4
 426  427      0.941     -0.053      0.000 4
  -1  437      0.941      0.663      0.000 4
 427  438      0.960     -1.140      0.000 4
 428  432      0.962     -0.461      0.000 4
 429  433      0.964     -0.270      0.000 4
 430  434      0.976     -0.553      0.000 4
 432  435      0.981     -0.167      0.000 4
 431  436      0.983     -0.718      0.000 4
 433   -2      0.987      0.694      0.000 4
 434   -2      0.993     -0.300      0.000 4
 435  439      0.996      0.637      0.000 4
 439  441      1.001      0.132      0.000 4
 437  442      1.002      0.591      0.000 4
  -1   -2      1.014      0.461      0.000 4
 473  413      1.019      0.094      0.000 4
 442  444      1.020      0.262      0.000 4
 443  443      1.020      0.377      0.000 4
 445  445      1.026     -0.857      0.000 4
 466   -2      1.031     -1.173      0.000 4
  -1  446      1.035     -0.241      0.000 4
 447  447      1.048     -0.275      0.000 4
  -1   -2      1.053     -1.004      0.000 4
 448  449      1.057     -0.924      0.000 4
 450  448      1.059      0.197      0.000 4
 449  450      1.061     -0.626      0.000 4
 451  451      1.063     -0.177      0.000 4
  -1   -2      1.070      0.355      0.000 4
 454  453      1.085      0.484      0.000 4
 457  454      1.099     -0.273      0.000 4
 458  455      1.102      0.416      0.000 4
 455   -2      1.110     -0.370      0.000 4
 459  456      1.110     -1.033      0.000 4
 463  457      1.120     -0.065      0.000 4
 456  459      1.121      1.014      0.000 4
 465   -2      1.124      0.937      0.000 4
 453  469      1.128     -0.704      0.000 4
 467   -2      1.133      0.647      0.000 4
  -1  472      1.143     -1.148      0.000 4
 468  462      1.146      0.808      0.000 4
  -1  463      1.147      0.318      0.000 4
  -1  465      1.160     -0.935      0.000 4
 471  464      1.161      0.694      0.000 4
 470  466      1.163      1.016      0.000 4
  -1  468      1.165     -0.040      0.000 4
 472  467      1.166     -0.847      0.000 4
  -1   -2      1.183     -0.390      0.000 4
  -1  461      1.191      0.567      0.000 4
 469   -2      1.197     -0.619      0.000 4
 478  470      1.205      0.174      0.000 4
 475   -2      1.210      0.236      0.000 4
 476  471      1.213      0.065      0.000 4
  -1   -2      1.219     -1.073      0.000 4
 477  476      1.251      0.878      0.000 4
 479  477      1.263     -0.577      0.000 4
  -1  473      1.264     -0.953      0.000 4
  -1   -2      1.272     -1.140      0.000 4
 480  479      1.274     -0.442      0.000 4
 481  481      1.290      1.020      0.000 4
  -1  482      1.299      0.250      0.000 4
 485   -2      1.309     -0.598      0.000 4
  -1  484      1.319     -1.176      0.000 4
  -1   -2      1.327     -1.003      0.000 4
  -1  485      1.333      0.969      0.000 4
 486  486      1.337      0.275      0.000 4
 489   -2      1.341     -0.578      0.000 4
 487  488      1.349     -0.667      0.000 4
 488  492      1.373     -1.049      0.000 4
 482  496      1.375     -0.151      0.000 4
 490  491      1.375      0.404      0.000 4
  -1  487      1.378     -0.557      0.000 4
 491  493      1.388     -1.108      0.000 4
 483  503      1.391     -1.172      0.000 4
 493  495      1.411      1.153      0.000 4
 494  498      1.416     -1.064      0.000 4
 495   -2      1.418      0.792      0.000 4
 496  497      1.420      0.455      0.000 4
 498  499      1.441     -0.575      0.000 4
 499  500      1.442     -0.437      0.000 4
 501  501      1.447     -0.328      0.000 4
 500   -2      1.449     -1.171      0.000 4
 502  502      1.450     -0.506      0.000 4
 503  504      1.457      0.162      0.000 4
 504   -2      1.459      0.590      0.000 4
  -1  506      1.480      0.259      0.000 4
 507  507      1.487      0.680      0.000 4
 510  509      1.492     -1.048      0.000 4
 508  508      1.492     -0.882      0.000 4
 511  510      1.500      0.238      0.000 4
 512  511      1.506      0.572      0.000 4
  -1  513      1.511     -1.146      0.000 4
 515  514      1.535      0.659      0.000 4
 516  515      1.540      0.912      0.000 4
 519   -2      1.541     -0.598      0.000 4
 517  516      1.541     -0.354      0.000 4
 521  517      1.544     -0.287      0.000 4
 520  523      1.546      0.026      0.000 4
 522  519      1.552     -0.106      0.000 4
 523  518      1.552      0.289      0.000 4
 524  520      1.555     -1.170      0.000 4
 526  521      1.561     -1.061      0.000 4
  -1   -2      1.571     -0.221      0.000 4
 527  524      1.574     -0.957      0.000 4
