530
   0    0     -1.575      0.337      0.000 4
   2    2     -1.570      0.503      0.000 4
   3    4     -1.566      0.644      0.000 4
   4    3     -1.563     -0.906      0.000 4
   5    6     -1.553      0.178      0.000 4
   6    9     -1.547     -0.389      0.000 4
  12    7     -1.547      1.005      0.000 4
   7    8     -1.545      0.792      0.000 4
  10   10     -1.526      0.413      0.000 4
  -1   11     -1.525     -0.498      0.000 4
  -1   13     -1.520     -0.949      0.000 4
  13   14     -1.499      0.340      0.000 4
  15   15     -1.491     -0.444      0.000 4
  14   12     -1.490      0.635      0.000 4
  16   17     -1.481      0.063      0.000 4
   9   30     -1.479     -0.628      0.000 4
  23   -2     -1.472      0.835      0.000 4
  -1   -2     -1.468     -1.122      0.000 4
  18   19     -1.462     -0.733      0.000 4
  21   21     -1.458     -1.169      0.000 4
  19   20     -1.456      1.151      0.000 4
  20   22     -1.454     -0.484      0.000 4
  22   23     -1.452      0.754      0.000 4
  -1   -2     -1.441      0.715      0.000 4
  -1   25     -1.439     -0.026      0.000 4
  -1   26     -1.438      0.024      0.000 4
  26   27     -1.432      0.191      0.000 4
  28   29     -1.411     -1.105      0.000 4
  32   -2     -1.395     -0.638      0.000 4
  -1   31     -1.392      0.801      0.000 4
  31   34     -1.385     -1.126      0.000 4
  30   33     -1.383      0.642      0.000 4
  33   36     -1.376     -0.413      0.000 4
  -1   37     -1.360     -0.773      0.000 4
  -1   39     -1.356      0.752      0.000 4
  -1   -2     -1.349      0.585      0.000 4
  -1   -2     -1.344      0.257      0.000 4
  36   40     -1.336      1.038      0.000 4
  37   41     -1.335     -0.515      0.000 4
  38   42     -1.328     -0.158      0.000 4
  39   43     -1.326     -1.015      0.000 4
  -1   -2     -1.301     -0.541      0.000 4
  -1   -2     -1.300     -0.310      0.000 4
  40   44     -1.298     -0.613      0.000 4
  -1   47     -1.296     -1.157      0.000 4
  41   46     -1.291     -0.721      0.000 4
  42   48     -1.281     -0.937      0.000 4
  43   49     -1.273     -1.110      0.000 4
  44   50     -1.268      0.450      0.000 4
  -1   52     -1.255      0.049      0.000 4
  46   -2     -1.249      0.701      0.000 4
  48   53     -1.249      0.916      0.000 4
  45   -2     -1.247     -1.175      0.000 4
  49   54     -1.247      0.804      0.000 4
  50   55     -1.245      1.091      0.000 4
  51   56     -1.234     -0.403      0.000 4
  52   57     -1.234     -0.127      0.000 4
  53   58     -1.229     -0.727      0.000 4
  55   -2     -1.226     -1.119      0.000 4
  -1   -2     -1.223     -0.073      0.000 4
  56   59     -1.223     -1.089      0.000 4
  57   60     -1.220     -0.931      0.000 4
  59   62     -1.206      0.436      0.000 4
  68   51     -1.202      0.712      0.000 4
  -1   64     -1.189      1.006      0.000 4
  61   65     -1.188     -0.420      0.000 4
  62   66     -1.187     -0.321      0.000 4
  65   67     -1.179     -0.990      0.000 4
  64   69     -1.178      0.603      0.000 4
  63   70     -1.177      0.517      0.000 4
  -1   68     -1.173     -1.170      0.000 4
  -1   72     -1.168     -0.182      0.000 4
  66   74     -1.163      0.420      0.000 4
  69   -2     -1.161      1.078      0.000 4
  70   73     -1.156      1.119      0.000 4
  71   -2     -1.155     -0.918      0.000 4
  72   76     -1.150     -0.956      0.000 4
  -1   77     -1.136     -0.201      0.000 4
  73   79     -1.135     -0.243      0.000 4
  75   78     -1.133      0.620      0.000 4
  74   80     -1.131      0.363      0.000 4
  77   81     -1.121      0.859      0.000 4
  78   82     -1.110      1.113      0.000 4
  80   83     -1.104     -1.177      0.000 4
  82   85     -1.089     -0.469      0.000 4
  83   87     -1.074      0.323      0.000 4
  84   86     -1.069     -1.012      0.000 4
  85   88     -1.064     -0.789      0.000 4
  87   89     -1.053     -1.100      0.000 4
  88   91     -1.038      0.593      0.000 4
  89   93     -1.032      0.955      0.000 4
  -1   92     -1.019     -1.146      0.000 4
  91   95     -1.012     -0.924      0.000 4
  93   96     -1.002      1.071      0.000 4
  92   97     -0.999     -0.139      0.000 4
  94  100     -0.979     -0.018      0.000 4
  96  101     -0.978     -0.220      0.000 4
  98  102     -0.969      0.706      0.000 4
  95   -2     -0.955      0.271      0.000 4
 100  103     -0.948      0.322      0.000 4
 101  106     -0.946     -0.453      0.000 4
 103  105     -0.944      0.922      0.000 4
 102  107     -0.944      0.397      0.000 4
 104  108     -0.933     -0.989      0.000 4
 105   -2     -0.929      1.159      0.000 4
  -1  109     -0.920     -0.629      0.000 4
 106  111     -0.920     -0.053      0.000 4
 110  110     -0.916     -1.062      0.000 4
 108  112     -0.914      0.741      0.000 4
  -1  113     -0.912     -0.223      0.000 4
 109  115     -0.911      0.039      0.000 4
 114  114     -0.907     -1.167      0.000 4
 111  128     -0.905      1.113      0.000 4
 112  117     -0.901     -0.767      0.000 4
 107   -2     -0.894     -0.714      0.000 4
  -1   -2     -0.888     -1.084      0.000 4
 115  120     -0.882      0.141      0.000 4
 116  122     -0.865     -0.144      0.000 4
 117  121     -0.864      0.813      0.000 4
 118  123     -0.859     -0.443      0.000 4
  -1   -2     -0.839     -0.096      0.000 4
 120  125     -0.836      1.050      0.000 4
 121  127     -0.834      0.879      0.000 4
 129  124     -0.826     -1.168      0.000 4
 123   -2     -0.823      1.095      0.000 4
 124  132     -0.820     -0.758      0.000 4
 126  131     -0.818      0.987      0.000 4
  -1  130     -0.818     -0.913      0.000 4
  -1  126     -0.783     -0.043      0.000 4
 130  140     -0.781      0.776      0.000 4
 131  134     -0.771     -0.539      0.000 4
 132  135     -0.765      0.957      0.000 4
 133  139     -0.755     -0.287      0.000 4
 135  137     -0.754     -0.934      0.000 4
 134  138     -0.752     -1.152      0.000 4
 136  141     -0.742     -0.669      0.000 4
 137   -2     -0.740     -0.623      0.000 4
 139   -2     -0.731     -0.963      0.000 4
 138  143     -0.729      0.050      0.000 4
 141  145     -0.724     -0.255      0.000 4
 142   -2     -0.715     -1.011      0.000 4
 143  147     -0.707      0.328      0.000 4
 144  148     -0.705      1.084      0.000 4
 145   -2     -0.699      1.031      0.000 4
  -1  149     -0.695     -1.172      0.000 4
 148  150     -0.688     -0.478      0.000 4
 163  146     -0.687     -1.055      0.000 4
 149  151     -0.683     -1.140      0.000 4
 150  152     -0.669     -0.209      0.000 4
 152  153     -0.665     -0.735      0.000 4
 151  155     -0.664      0.856      0.000 4
  -1  154     -0.664      0.819      0.000 4
 153  156     -0.664      0.446      0.000 4
 155   -2     -0.657     -0.266      0.000 4
 154  160     -0.655      1.151      0.000 4
 156  161     -0.642      0.082      0.000 4
 158   -2     -0.640      1.104      0.000 4
 157  163     -0.638      0.175      0.000 4
 160  162     -0.636      1.028      0.000 4
 159  164     -0.634     -0.472      0.000 4
  -1  170     -0.629     -1.122      0.000 4
 161  165     -0.625      0.627      0.000 4
 162  166     -0.624     -0.734      0.000 4
 164  168     -0.618     -0.975      0.000 4
 176   -2     -0.617     -1.052      0.000 4
 165  169     -0.614     -0.033      0.000 4
 167   -2     -0.589     -0.105      0.000 4
  -1   -2     -0.582      0.857      0.000 4
  -1   -2     -0.581      0.710      0.000 4
 169  171     -0.579      0.991      0.000 4
 171  172     -0.566     -0.939      0.000 4
 170  174     -0.565     -0.247      0.000 4
 146  203     -0.557     -1.170      0.000 4
 173   -2     -0.553      1.158      0.000 4
 172  175     -0.553      0.411      0.000 4
 175  177     -0.538     -0.617      0.000 4
 177  180     -0.527      0.894      0.000 4
 178  179     -0.527      1.111      0.000 4
 179  181     -0.522      0.293      0.000 4
 180  182     -0.508     -0.148      0.000 4
 183  183     -0.487     -0.451      0.000 4
 185  184     -0.484      0.671      0.000 4
 184  185     -0.481     -0.242      0.000 4
 187  187     -0.473     -0.209      0.000 4
 188  188     -0.467     -0.532      0.000 4
 208  176     -0.460     -1.171      0.000 4
 189  190     -0.458     -0.760      0.000 4
 191  191     -0.452     -0.869      0.000 4
 190  192     -0.451      0.645      0.000 4
  -1   -2     -0.443      0.593      0.000 4
 192  193     -0.438     -0.585      0.000 4
 205   -2     -0.429     -0.366      0.000 4
 194  194     -0.421      1.114      0.000 4
  -1  195     -0.416     -0.653      0.000 4
 195  196     -0.411      0.272      0.000 4
 197  197     -0.398      0.772      0.000 4
 198  199     -0.397      0.466      0.000 4
 202  198     -0.395      0.954      0.000 4
 199  200     -0.391     -0.865      0.000 4
 201  202     -0.391      0.880      0.000 4
  -1   -2     -0.389      0.250      0.000 4
 200  201     -0.389     -0.488      0.000 4
 203  204     -0.369     -0.150      0.000 4
 204  205     -0.360      0.694      0.000 4
  -1   -2     -0.355     -1.170      0.000 4
  -1  207     -0.352     -1.117      0.000 4
 207   -2     -0.351     -1.081      0.000 4
 206  209     -0.351      0.360      0.000 4
 209  210     -0.340     -0.644      0.000 4
 210  213     -0.331      0.111      0.000 4
 211   -2     -0.329      1.134      0.000 4
 212  214     -0.329     -0.325      0.000 4
 213  215     -0.324     -0.818      0.000 4
 214  217     -0.309      0.657      0.000 4
 215  218     -0.302     -0.866      0.000 4
 216  219     -0.294     -0.569      0.000 4
 217  221     -0.285      0.025      0.000 4
  -1  232     -0.285      0.459      0.000 4
  -1  211     -0.281      1.166      0.000 4
 226  208     -0.281     -1.034      0.000 4
 220  212     -0.268     -0.745      0.000 4
 221  222     -0.266      0.603      0.000 4
 222  223     -0.263     -0.946      0.000 4
 224  225     -0.262     -1.168      0.000 4
 223  224     -0.259      0.851      0.000 4
  -1  226     -0.255      0.074      0.000 4
 227  230     -0.229     -0.199      0.000 4
  -1   -2     -0.226      0.919      0.000 4
 228   -2     -0.225     -1.093      0.000 4
  -1  229     -0.214     -1.134      0.000 4
  -1  233     -0.209     -0.135      0.000 4
 229  234     -0.191      0.323      0.000 4
 230   -2     -0.188     -0.527      0.000 4
 233  236     -0.188      0.406      0.000 4
 231  235     -0.182     -0.642      0.000 4
 232  237     -0.181     -1.054      0.000 4
 234  240     -0.179     -0.049      0.000 4
 235  239     -0.177      1.121      0.000 4
 238  242     -0.163      0.517      0.000 4
 236  241     -0.163     -0.247      0.000 4
 237  243     -0.162      0.280      0.000 4
 239  238     -0.151     -0.550      0.000 4
 240  244     -0.142      0.196      0.000 4
 253   -2     -0.142     -1.123      0.000 4
 243  246     -0.138     -0.113      0.000 4
 244  245     -0.137     -0.867      0.000 4
  -1  253     -0.124      0.725      0.000 4
 245  250     -0.120      1.127      0.000 4
 241   -2     -0.115     -0.245      0.000 4
  -1   -2     -0.113      0.573      0.000 4
 247  252     -0.113      0.294      0.000 4
 248  255     -0.107     -0.498      0.000 4
 249  256     -0.091      0.486      0.000 4
 250  266     -0.090      0.010      0.000 4
 251  257     -0.086      0.967      0.000 4
 252  258     -0.080     -0.928      0.000 4
  -1  254     -0.076     -1.169      0.000 4
  -1  259     -0.070     -0.321      0.000 4
 255  260     -0.068      1.078      0.000 4
 264   -2     -0.056     -0.996      0.000 4
 258  268     -0.032      0.264      0.000 4
  -1   -2     -0.018      0.602      0.000 4
 260   -2     -0.017      0.052      0.000 4
 257  267     -0.015      1.011      0.000 4
  -1   -2     -0.013      0.308      0.000 4
 262  271      0.002      0.116      0.000 4
 265  272      0.006      0.809      0.000 4
 266  273      0.013      0.471      0.000 4
 267  274      0.017      0.279      0.000 4
 256   -2      0.022     -0.020      0.000 4
  -1  269      0.037     -1.170      0.000 4
 269  277      0.045     -1.057      0.000 4
  -1  275      0.046     -1.132      0.000 4
 271   -2      0.050      0.534      0.000 4
 272  279      0.058      0.741      0.000 4
 273  280      0.063     -0.903      0.000 4
 274  281      0.065     -0.747      0.000 4
 275  283      0.072      0.135      0.000 4
  -1  278      0.077      0.506      0.000 4
 276  285      0.082     -0.560      0.000 4
 277  286      0.085      0.100      0.000 4
 281  288      0.096     -1.160      0.000 4
 280   -2      0.104      1.017      0.000 4
  -1  290      0.109     -0.981      0.000 4
 282   -2      0.113      0.331      0.000 4
  -1   -2      0.134     -0.455      0.000 4
  -1  289      0.135      0.796      0.000 4
 286   -2      0.138     -0.953      0.000 4
 284  291      0.139     -0.363      0.000 4
 285  292      0.142      0.692      0.000 4
  -1  293      0.146     -1.017      0.000 4
 290   -2      0.149     -0.527      0.000 4
 313   -2      0.150      0.549      0.000 4
  -1  295      0.154     -1.058      0.000 4
 288  296      0.166      0.865      0.000 4
  -1  297      0.176      0.301      0.000 4
  -1  298      0.183     -0.546      0.000 4
 291  299      0.190     -1.022      0.000 4
 292  300      0.196     -1.171      0.000 4
 302   -2      0.199     -0.347      0.000 4
  -1   -2      0.212     -1.135      0.000 4
 294  302      0.214     -0.839      0.000 4
 295  303      0.218      1.069      0.000 4
 298  305      0.219     -1.051      0.000 4
 297  306      0.220      0.037      0.000 4
  -1  308      0.223     -0.219      0.000 4
  -1   -2      0.225     -0.436      0.000 4
 301  310      0.229      0.455      0.000 4
 300   -2      0.229     -0.717      0.000 4
 287  312      0.246     -0.102      0.000 4
 303  311      0.248     -1.018      0.000 4
  -1  309      0.270     -0.515      0.000 4
 306  313      0.271     -0.282      0.000 4
 307  314      0.277      0.796      0.000 4
 308  315      0.288      1.003      0.000 4
 310  316      0.297      0.931      0.000 4
 311  317      0.300      0.207      0.000 4
  -1   -2      0.303      0.590      0.000 4
 312  318      0.303     -0.852      0.000 4
 315  320      0.333     -1.175      0.000 4
 318  322      0.350      0.057      0.000 4
  -1  345      0.352     -0.473      0.000 4
  -1  323      0.353      0.747      0.000 4
 319   -2      0.354     -0.692      0.000 4
 320  325      0.357      1.139      0.000 4
 321  324      0.359      0.849      0.000 4
 322  326      0.359     -1.032      0.000 4
  -1  327      0.365     -1.112      0.000 4
 324  328      0.367      0.285      0.000 4
 325   -2      0.383      0.900      0.000 4
 327  329      0.386     -0.318      0.000 4
 326  330      0.386     -1.086      0.000 4
 329  331      0.391     -0.671      0.000 4
 330  332      0.399     -1.120      0.000 4
  -1   -2      0.405      0.952      0.000 4
 331  333      0.417     -0.977      0.000 4
  -1  334      0.422      0.055      0.000 4
 332  335      0.426     -0.325      0.000 4
 333  336      0.432     -0.756      0.000 4
 335  338      0.439      0.247      0.000 4
  -1  340      0.451     -0.558      0.000 4
 337  339      0.452      0.145      0.000 4
 339  341      0.459      0.738      0.000 4
 338  342      0.459      1.054      0.000 4
  -1  344      0.460      0.870      0.000 4
 341   -2      0.470     -0.680      0.000 4
 343   -2      0.477     -0.501      0.000 4
 342  346      0.479     -0.987      0.000 4
 344  349      0.488      0.008      0.000 4
 340  350      0.492     -1.153      0.000 4
 346   -2      0.497      0.581      0.000 4
 355  351      0.502      0.428      0.000 4
 348  352      0.503     -0.353      0.000 4
 349  354      0.513     -0.685      0.000 4
 350  355      0.523      0.616      0.000 4
  -1  356      0.528      0.515      0.000 4
  -1  357      0.530      0.464      0.000 4
 352  360      0.537     -0.528      0.000 4
  -1   -2      0.539      0.178      0.000 4
  -1  358      0.541      0.265      0.000 4
 353  361      0.545     -0.792      0.000 4
 356  362      0.550     -0.020      0.000 4
 347  374      0.556      0.570      0.000 4
 358  365      0.560     -0.824      0.000 4
 361  366      0.569     -0.858      0.000 4
 362  367      0.570      0.639      0.000 4
 363  368      0.576      1.142      0.000 4
 365  369      0.589     -0.495      0.000 4
 368  371      0.598     -1.168      0.000 4
 366   -2      0.600     -0.998      0.000 4
 367  373      0.609     -0.905      0.000 4
 370  375      0.617     -1.059      0.000 4
 371  376      0.618      1.145      0.000 4
 372  377      0.621      0.896      0.000 4
 373  378      0.628      0.773      0.000 4
 374  379      0.632     -0.665      0.000 4
 377   -2      0.647     -0.033      0.000 4
 378  381      0.652     -0.759      0.000 4
 380   -2      0.660     -0.566      0.000 4
 381  383      0.671      0.422      0.000 4
 383  384      0.673      0.456      0.000 4
 382  385      0.675      0.693      0.000 4
 384  386      0.678      1.043      0.000 4
 390  380      0.682     -0.964      0.000 4
 385  388      0.697     -1.085      0.000 4
 386  389      0.708      0.814      0.000 4
 387  390      0.710     -0.417      0.000 4
 388  391      0.715      0.278      0.000 4
 389  394      0.720     -0.803      0.000 4
 393  393      0.722      0.736      0.000 4
 394  398      0.732     -1.028      0.000 4
 395  397      0.734      0.413      0.000 4
 379   -2      0.740     -0.235      0.000 4
 397   -2      0.742     -0.597      0.000 4
 398  400      0.750     -0.648      0.000 4
 369  421      0.751     -0.166      0.000 4
 401  402      0.760     -1.073      0.000 4
 402  403      0.762      0.959      0.000 4
 400  406      0.770     -0.413      0.000 4
 403   -2      0.779      1.131      0.000 4
 404   -2      0.783     -0.345      0.000 4
 405  407      0.785     -1.036      0.000 4
  -1  405      0.785     -0.009      0.000 4
 406  408      0.790     -0.987      0.000 4
  -1  409      0.795      0.910      0.000 4
 408  410      0.801     -0.606      0.000 4
 410  412      0.829      0.216      0.000 4
  -1  414      0.831     -1.112      0.000 4
 411  428      0.842     -1.051      0.000 4
  -1  415      0.843      0.254      0.000 4
 409  430      0.844     -0.854      0.000 4
  -1  416      0.844      0.669      0.000 4
 416  422      0.859     -0.137      0.000 4
 396   -2      0.863     -0.282      0.000 4
 419  424      0.867      1.132      0.000 4
 418  420      0.870     -0.778      0.000 4
  -1   -2      0.876     -0.084      0.000 4
 420  423      0.878      0.559      0.000 4
  -1   -2      0.880     -0.020      0.000 4
  -1  427      0.881     -1.154      0.000 4
 421  425      0.883      0.336      0.000 4
 422  426      0.884      0.291      0.000 4
 424  418      0.897     -1.006      0.000 4
  -1  429      0.905      0.811      0.000 4
 426  432      0.923      0.984      0.000 4
 427  433      0.926     -0.051      0.000 4
  -1  434      0.935     -1.085      0.000 4
 429  435      0.936      1.096      0.000 4
 430  436      0.937     -0.807      0.000 4
  -1  448      0.940      0.195      0.000 4
 432  440      0.958     -0.459      0.000 4
 433  439      0.959     -0.268      0.000 4
 434  441      0.971     -0.550      0.000 4
 435  442      0.975     -0.165      0.000 4
  -1  443      0.982      0.698      0.000 4
  -1  444      0.989     -0.296      0.000 4
 439  445      0.991      0.642      0.000 4
 442  446      0.994      0.595      0.000 4
 440   -2      0.998      0.133      0.000 4
 444  447      1.000      0.203      0.000 4
 443  450      1.011      0.379      0.000 4
 437   -2      1.021      0.743      0.000 4
 449   -2      1.022     -0.853      0.000 4
 446  453      1.028     -0.240      0.000 4
 447   -2      1.041     -0.270      0.000 4
  -1   -2      1.050      0.528      0.000 4
 448  454      1.052      0.200      0.000 4
 461  451      1.055      0.697      0.000 4
 451  455      1.057     -0.178      0.000 4
 450  456      1.058     -0.624      0.000 4
 438   -2      1.066     -1.175      0.000 4
 453  458      1.077      0.487      0.000 4
 454  459      1.093     -0.271      0.000 4
 455  460      1.094      0.419      0.000 4
  -1  461      1.103     -0.366      0.000 4
 456  462      1.110     -1.029      0.000 4
 457  463      1.112     -0.063      0.000 4
 452  473      1.117      1.015      0.000 4
  -1  465      1.119      0.937      0.000 4
 460  466      1.125     -0.700      0.000 4
  -1   -2      1.130      0.644      0.000 4
 459  469      1.140      0.808      0.000 4
  -1  468      1.142     -1.146      0.000 4
  -1  470      1.154     -0.626      0.000 4
 475   -2      1.157      0.692      0.000 4
 468  471      1.157     -0.038      0.000 4
 465  472      1.159     -0.930      0.000 4
 466   -2      1.160      1.017      0.000 4
 467  474      1.161     -0.843      0.000 4
 463   -2      1.170      0.226      0.000 4
  -1  475      1.183      0.570      0.000 4
  -1  477      1.193     -0.614      0.000 4
  -1  476      1.193     -0.026      0.000 4
 470   -2      1.201      0.236      0.000 4
 471  478      1.203      0.069      0.000 4
  -1  479      1.204      0.142      0.000 4
 473   -2      1.219     -1.070      0.000 4
 472  485      1.233     -0.999      0.000 4
  -1  494      1.235     -1.174      0.000 4
 476  481      1.243      0.884      0.000 4
  -1   -2      1.244      0.177      0.000 4
 477  484      1.260     -0.573      0.000 4
 479  486      1.268     -0.437      0.000 4
 480  487      1.269     -0.650      0.000 4
 481  488      1.286      1.018      0.000 4
 490   -2      1.291     -0.114      0.000 4
 482  489      1.291      0.252      0.000 4
 483  493      1.308     -1.061      0.000 4
 487  492      1.324     -0.580      0.000 4
 486  495      1.329      0.276      0.000 4
 485   -2      1.333      0.969      0.000 4
 484  500      1.336     -1.172      0.000 4
 488  497      1.348     -0.662      0.000 4
 491  498      1.369      0.403      0.000 4
 492  499      1.373     -1.042      0.000 4
 493  501      1.385     -1.100      0.000 4
 494   -2      1.392     -1.171      0.000 4
 495  503      1.408      1.151      0.000 4
  -1   -2      1.412      0.786      0.000 4
 497  504      1.413      0.454      0.000 4
 489   -2      1.415      0.494      0.000 4
 498   -2      1.417     -1.057      0.000 4
 499  507      1.439     -0.566      0.000 4
 500  508      1.439     -0.431      0.000 4
 502  510      1.447     -0.497      0.000 4
 496   -2      1.447     -0.313      0.000 4
 504  511      1.450      0.157      0.000 4
  -1  512      1.450     -1.167      0.000 4
 505  513      1.473     -1.136      0.000 4
 507  514      1.485      0.673      0.000 4
 508  517      1.491     -0.873      0.000 4
 510  516      1.493      0.238      0.000 4
 509   -2      1.494     -1.047      0.000 4
 511  518      1.499      0.567      0.000 4
  -1   -2      1.500     -0.836      0.000 4
 503   -2      1.510     -1.140      0.000 4
 514  520      1.530      0.653      0.000 4
 515  521      1.535      0.907      0.000 4
 516  523      1.538     -0.347      0.000 4
  -1  522      1.538     -0.595      0.000 4
 517  524      1.541     -0.281      0.000 4
 518  525      1.546      0.288      0.000 4
 519  526      1.547     -0.100      0.000 4
 520  527      1.552     -1.165      0.000 4
  -1  528      1.559     -0.742      0.000 4
 521  530      1.559     -1.052      0.000 4
  -1  529      1.561     -0.313      0.000 4
 522  531      1.567      1.175      0.000 4
  -1   -2      1.569     -0.221      0.000 4
 524  533      1.573     -0.949      0.000 4
