532
   0    0     -1.575     -0.474      0.000 4
   1    1     -1.573      0.470      0.000 4
   3    2     -1.569      0.892      0.000 4
   4   -2     -1.568      0.676      0.000 4
   5    4     -1.558      0.389      0.000 4
   7    5     -1.549     -1.012      0.000 4
   8    7     -1.537      0.053      0.000 4
  10    8     -1.522     -0.532      0.000 4
  12   -2     -1.512     -0.351      0.000 4
  26   -2     -1.505     -1.017      0.000 4
  14    9     -1.503      1.107      0.000 4
  17   12     -1.501     -0.048      0.000 4
  15   13     -1.500      0.209      0.000 4
   2   -2     -1.496     -1.169      0.000 4
  19   14     -1.494      0.932      0.000 4
  21   16     -1.485      0.845      0.000 4
  22   15     -1.484     -0.572      0.000 4
  -1   -2     -1.484     -1.076      0.000 4
  -1   19     -1.481      0.804      0.000 4
  -1   -2     -1.467     -1.106      0.000 4
  24   20     -1.465      0.979      0.000 4
  25   21     -1.463     -0.832      0.000 4
  27   22     -1.456      0.516      0.000 4
  28   23     -1.453     -0.062      0.000 4
  29   24     -1.439     -1.118      0.000 4
  30   25     -1.435      0.718      0.000 4
  23   35     -1.423      0.888      0.000 4
  31   27     -1.421     -0.485      0.000 4
  -1   -2     -1.415      1.069      0.000 4
  33   29     -1.410      0.653      0.000 4
  -1   18     -1.406     -0.930      0.000 4
  -1   30     -1.404     -0.197      0.000 4
  34   -2     -1.398     -1.174      0.000 4
  -1   31     -1.365      0.872      0.000 4
  38   32     -1.350      0.497      0.000 4
  41   33     -1.332      1.120      0.000 4
  42   34     -1.325     -1.065      0.000 4
  40   -2     -1.322     -0.689      0.000 4
  43   37     -1.322     -0.158      0.000 4
  -1   -2     -1.321      0.945      0.000 4
  35   -2     -1.308      0.767      0.000 4
  49   40     -1.299     -0.800      0.000 4
  48   42     -1.296      0.477      0.000 4
  50   43     -1.294     -0.458      0.000 4
  51   41     -1.293     -1.103      0.000 4
  46   38     -1.290     -1.166      0.000 4
  52   44     -1.283      0.868      0.000 4
  53   45     -1.274      0.220      0.000 4
  54   46     -1.269     -1.011      0.000 4
  55   47     -1.266      0.985      0.000 4
  -1   36     -1.264     -0.654      0.000 4
  57   49     -1.262      0.563      0.000 4
  56   48     -1.261     -0.364      0.000 4
  58   50     -1.258      0.457      0.000 4
  -1   52     -1.257     -0.213      0.000 4
  59   51     -1.256      0.769      0.000 4
  60   53     -1.247     -0.472      0.000 4
  61   54     -1.245     -1.032      0.000 4
  62   55     -1.238     -0.800      0.000 4
  -1   56     -1.235     -1.126      0.000 4
  63   57     -1.235      0.391      0.000 4
  66   58     -1.229      1.159      0.000 4
  65   -2     -1.228     -0.698      0.000 4
  -1   59     -1.228     -0.230      0.000 4
  67   60     -1.222     -0.276      0.000 4
  68   -2     -1.210      0.785      0.000 4
  -1   -2     -1.204      0.501      0.000 4
  69   64     -1.204      0.663      0.000 4
  71   62     -1.200     -1.007      0.000 4
  -1   63     -1.196     -0.589      0.000 4
  73   65     -1.186      0.345      0.000 4
  72   -2     -1.180     -1.166      0.000 4
  -1   66     -1.163     -0.110      0.000 4
  74   67     -1.153      0.907      0.000 4
  76   68     -1.149     -0.510      0.000 4
  77   -2     -1.141      1.173      0.000 4
  78   69     -1.139     -0.987      0.000 4
  79   71     -1.128     -1.023      0.000 4
  80   72     -1.120      0.622      0.000 4
  81   73     -1.106     -0.154      0.000 4
  84   75     -1.099     -0.015      0.000 4
  85   74     -1.097      1.161      0.000 4
  82   81     -1.089      0.344      0.000 4
  -1   -2     -1.084     -0.036      0.000 4
  87   77     -1.079     -0.237      0.000 4
  -1   79     -1.072     -0.838      0.000 4
  -1   78     -1.072      0.281      0.000 4
  -1   -2     -1.065      0.332      0.000 4
  -1   80     -1.062      0.439      0.000 4
  90   82     -1.054      0.407      0.000 4
  91   95     -1.050      0.989      0.000 4
  92   98     -1.039     -1.074      0.000 4
  93   83     -1.038     -0.060      0.000 4
  83   86     -1.036     -1.165      0.000 4
  94   84     -1.034      0.730      0.000 4
  95   85     -1.032      0.036      0.000 4
  -1   -2     -1.020     -0.239      0.000 4
  98   88     -1.020      0.390      0.000 4
  97   87     -1.019     -0.880      0.000 4
 100   89     -1.015     -0.476      0.000 4
 101   91     -1.007      0.140      0.000 4
 102   90     -1.002     -0.972      0.000 4
 103   92     -0.999      1.102      0.000 4
 104   93     -0.977     -0.149      0.000 4
 105   94     -0.974      0.756      0.000 4
  -1   -2     -0.966     -0.840      0.000 4
 107   97     -0.964     -0.654      0.000 4
  -1   -2     -0.964      0.621      0.000 4
  -1   -2     -0.958     -1.030      0.000 4
 119   -2     -0.954     -0.100      0.000 4
 111  100     -0.951     -0.977      0.000 4
  -1   99     -0.944      0.508      0.000 4
 114  103     -0.935     -0.455      0.000 4
 115   -2     -0.934     -1.172      0.000 4
 116  105     -0.925     -0.737      0.000 4
 117  106     -0.921     -0.792      0.000 4
 118  107     -0.917      0.822      0.000 4
 120  108     -0.906     -1.025      0.000 4
 112  111     -0.901     -1.097      0.000 4
 121  110     -0.900      1.127      0.000 4
  -1  109     -0.891     -1.169      0.000 4
 123  113     -0.874      0.882      0.000 4
 124  115     -0.855     -0.287      0.000 4
 125  116     -0.851      0.049      0.000 4
 132  121     -0.849      0.742      0.000 4
 127  119     -0.843     -0.772      0.000 4
 128  118     -0.843      1.054      0.000 4
 130  120     -0.840      0.988      0.000 4
 129   -2     -0.838     -1.170      0.000 4
 131  125     -0.837      0.376      0.000 4
 133  122     -0.835     -0.542      0.000 4
 135  123     -0.827     -0.253      0.000 4
 137   -2     -0.824      0.321      0.000 4
 136  124     -0.822      1.095      0.000 4
  -1   -2     -0.812      1.001      0.000 4
 138  128     -0.812     -0.925      0.000 4
  -1   -2     -0.810      0.503      0.000 4
 134  127     -0.799      0.839      0.000 4
 140  129     -0.795     -0.399      0.000 4
 141  112     -0.789     -0.627      0.000 4
  -1  130     -0.787      0.950      0.000 4
 143  147     -0.783     -0.674      0.000 4
 144  131     -0.776     -0.203      0.000 4
 150   -2     -0.773      0.431      0.000 4
 147  133     -0.764      0.080      0.000 4
 148  132     -0.763     -0.470      0.000 4
 149  135     -0.758      0.173      0.000 4
 151   -2     -0.755     -0.943      0.000 4
  -1  144     -0.741     -1.047      0.000 4
 153  138     -0.731     -0.030      0.000 4
 155  134     -0.730     -0.967      0.000 4
 154  139     -0.726     -0.249      0.000 4
 152   -2     -0.719     -1.166      0.000 4
 156  141     -0.717      1.011      0.000 4
 157  142     -0.713      0.825      0.000 4
 158  143     -0.713     -0.456      0.000 4
 159  145     -0.711      0.600      0.000 4
 162   -2     -0.706     -1.014      0.000 4
 163   -2     -0.703     -0.725      0.000 4
 161  148     -0.702     -0.099      0.000 4
 179   -2     -0.695     -1.101      0.000 4
 165  149     -0.678     -1.176      0.000 4
 166  150     -0.666     -0.231      0.000 4
 167  151     -0.663     -0.717      0.000 4
 168  153     -0.657      0.381      0.000 4
  -1  152     -0.655      0.995      0.000 4
  -1  154     -0.654      1.029      0.000 4
 170  155     -0.646      1.175      0.000 4
 169  156     -0.645      1.070      0.000 4
 195  136     -0.641     -1.156      0.000 4
 171  158     -0.633      0.276      0.000 4
 173  159     -0.615     -0.954      0.000 4
 172   -2     -0.615     -0.139      0.000 4
 176  163     -0.606      0.429      0.000 4
 177  162     -0.606      0.950      0.000 4
 178  161     -0.606     -1.035      0.000 4
 180  164     -0.595     -0.588      0.000 4
 181  165     -0.581     -0.221      0.000 4
 182   -2     -0.575     -0.189      0.000 4
 183   -2     -0.570     -0.904      0.000 4
 184  166     -0.567      0.844      0.000 4
 185  167     -0.567     -0.418      0.000 4
 186  169     -0.557      0.627      0.000 4
 188  170     -0.548      0.763      0.000 4
 198  168     -0.539     -0.665      0.000 4
  -1  173     -0.536     -0.492      0.000 4
 189  172     -0.535      1.055      0.000 4
 190  175     -0.527      0.597      0.000 4
  -1   -2     -0.520      0.817      0.000 4
 191  177     -0.512      0.252      0.000 4
 193   -2     -0.500     -0.542      0.000 4
  -1  178     -0.497     -1.173      0.000 4
 194  179     -0.496     -0.713      0.000 4
  -1   -2     -0.490      0.232      0.000 4
 196  180     -0.485      0.425      0.000 4
 197  181     -0.474     -0.821      0.000 4
  -1  182     -0.468     -0.603      0.000 4
 200   -2     -0.459     -0.444      0.000 4
  -1  184     -0.459      0.742      0.000 4
 201  185     -0.456      0.707      0.000 4
 203  186     -0.443      0.325      0.000 4
 204  190     -0.431      0.806      0.000 4
 205  189     -0.428      1.037      0.000 4
 207  191     -0.427      0.630      0.000 4
 206  192     -0.425      0.109      0.000 4
 208  188     -0.424      0.876      0.000 4
 209  193     -0.415     -0.804      0.000 4
 210  203     -0.409     -1.155      0.000 4
 212  194     -0.408     -0.286      0.000 4
  -1   -2     -0.401      0.263      0.000 4
  -1  196     -0.389     -0.582      0.000 4
 214  197     -0.377      0.608      0.000 4
  -1   -2     -0.375      0.025      0.000 4
 215  199     -0.369      0.580      0.000 4
  -1  195     -0.362      0.410      0.000 4
  -1  201     -0.356      0.297      0.000 4
 218  200     -0.352     -0.746      0.000 4
 219  202     -0.350     -0.507      0.000 4
 221  205     -0.339      0.073      0.000 4
 213   -2     -0.338     -1.045      0.000 4
 223  206     -0.335      1.040      0.000 4
 224  207     -0.330      0.536      0.000 4
 225  208     -0.325     -0.790      0.000 4
 227  209     -0.303     -0.666      0.000 4
 229  211     -0.283     -0.109      0.000 4
 231  212     -0.276     -0.859      0.000 4
  -1  210     -0.271     -1.168      0.000 4
 232  213     -0.270     -0.593      0.000 4
 233  214     -0.262      0.288      0.000 4
 234  215     -0.253      0.358      0.000 4
 236   -2     -0.252      1.009      0.000 4
 237  217     -0.250     -0.035      0.000 4
 238  216     -0.248     -0.971      0.000 4
 239  219     -0.231     -0.461      0.000 4
 242   -2     -0.231     -1.092      0.000 4
 241  220     -0.230      0.248      0.000 4
 243  223     -0.223     -0.561      0.000 4
 244  224     -0.221      0.452      0.000 4
 245  225     -0.218     -0.204      0.000 4
 246  226     -0.208      0.177      0.000 4
 235  238     -0.207     -1.157      0.000 4
 247  227     -0.201     -0.086      0.000 4
 263  221     -0.199     -1.073      0.000 4
 240   -2     -0.190      1.160      0.000 4
 250  228     -0.183      0.998      0.000 4
 252  229     -0.176     -0.950      0.000 4
  -1  230     -0.174     -0.444      0.000 4
 253  232     -0.171     -0.202      0.000 4
 254  231     -0.170      0.259      0.000 4
  -1   -2     -0.161     -0.584      0.000 4
 256  234     -0.156     -0.765      0.000 4
 257  235     -0.153     -0.424      0.000 4
 258  236     -0.146      0.019      0.000 4
  -1   -2     -0.141      0.919      0.000 4
 262   -2     -0.140     -1.126      0.000 4
 260  237     -0.139      0.421      0.000 4
  -1   -2     -0.139     -0.275      0.000 4
 264  239     -0.123      1.001      0.000 4
 271   -2     -0.122     -1.173      0.000 4
 265   -2     -0.118     -0.263      0.000 4
 266  241     -0.101      0.847      0.000 4
 267   -2     -0.092     -0.818      0.000 4
 268  242     -0.088     -0.312      0.000 4
 259  249     -0.078     -1.075      0.000 4
 269  244     -0.076      0.233      0.000 4
 272  245     -0.073      0.948      0.000 4
 273  247     -0.060      0.055      0.000 4
  -1  248     -0.051      0.269      0.000 4
 275  250     -0.049      0.518      0.000 4
 277   -2     -0.048     -0.998      0.000 4
 278  251     -0.032      0.896      0.000 4
  -1  240     -0.020     -1.169      0.000 4
 279  254     -0.018      0.406      0.000 4
 280  255     -0.017      0.245      0.000 4
 282  256     -0.014     -0.016      0.000 4
 283   -2     -0.010      0.697      0.000 4
 284  257      0.002      0.113      0.000 4
 285   -2      0.004     -0.939      0.000 4
  -1  258      0.007     -0.111      0.000 4
 281   -2      0.025     -1.117      0.000 4
 286  259      0.030      0.456      0.000 4
  -1  268      0.036     -1.168      0.000 4
 289  262      0.046      0.634      0.000 4
  -1  260      0.046      0.550      0.000 4
 294  263      0.054     -0.638      0.000 4
 291  264      0.054     -0.782      0.000 4
 290  265      0.055      0.109      0.000 4
  -1   -2      0.055     -1.076      0.000 4
 296  266      0.061     -0.008      0.000 4
  -1   -2      0.073     -0.678      0.000 4
 297   -2      0.088     -1.151      0.000 4
  -1   -2      0.089     -0.653      0.000 4
 298  272      0.094      0.827      0.000 4
 300  270      0.097     -0.164      0.000 4
 301  271      0.104     -1.016      0.000 4
 302  273      0.116      0.052      0.000 4
 303  274      0.120     -0.377      0.000 4
 295   -2      0.125     -0.297      0.000 4
 288  303      0.128      1.094      0.000 4
 306  276      0.134     -1.090      0.000 4
 307   -2      0.137     -0.952      0.000 4
 308  277      0.138      0.681      0.000 4
  -1  278      0.140     -0.442      0.000 4
 310  279      0.141      0.594      0.000 4
 311  280      0.149      0.470      0.000 4
 312  281      0.152     -0.932      0.000 4
 315  282      0.173      0.745      0.000 4
 314  283      0.174      0.263      0.000 4
 316  284      0.179     -0.457      0.000 4
 317  289      0.186     -0.902      0.000 4
 318  285      0.193     -0.284      0.000 4
 320  287      0.201     -1.111      0.000 4
 321  288      0.212     -0.727      0.000 4
 323  291      0.221      0.937      0.000 4
 324   -2      0.222     -0.176      0.000 4
 325  290      0.224      0.042      0.000 4
 327  292      0.229     -0.612      0.000 4
  -1  293      0.232      0.772      0.000 4
 328  294      0.233     -1.138      0.000 4
 329  295      0.235      0.682      0.000 4
 322   -2      0.246     -1.020      0.000 4
 332  298      0.253     -0.076      0.000 4
 334  299      0.269     -0.434      0.000 4
 335  300      0.271     -1.091      0.000 4
 337  302      0.275     -1.168      0.000 4
 336  301      0.280     -0.226      0.000 4
  -1  304      0.293      0.111      0.000 4
 344  305      0.297      0.687      0.000 4
 340  307      0.305      0.875      0.000 4
  -1  306      0.306      1.018      0.000 4
  -1  308      0.306     -0.744      0.000 4
 342  309      0.316      0.808      0.000 4
 343  310      0.320      0.183      0.000 4
  -1   -2      0.323     -0.958      0.000 4
 345  312      0.327      0.509      0.000 4
 341   -2      0.339     -1.170      0.000 4
 347  314      0.343     -1.076      0.000 4
 348   -2      0.346      1.178      0.000 4
  -1  315      0.352     -0.030      0.000 4
 349   -2      0.357     -0.204      0.000 4
 350  316      0.358     -0.927      0.000 4
 351  317      0.366      0.413      0.000 4
 353  318      0.374     -0.992      0.000 4
 354  319      0.379      0.053      0.000 4
  -1  320      0.386      0.739      0.000 4
 355  321      0.401     -0.589      0.000 4
  -1  322      0.410      0.781      0.000 4
 359  323      0.411     -0.269      0.000 4
 360  324      0.420     -0.882      0.000 4
 361  325      0.433      0.835      0.000 4
  -1  326      0.435     -1.147      0.000 4
 362  327      0.447     -0.672      0.000 4
 363  328      0.455     -0.279      0.000 4
  -1  329      0.461      0.051      0.000 4
 358   -2      0.472      0.183      0.000 4
 365   -2      0.474     -0.489      0.000 4
 366  334      0.474      1.108      0.000 4
 367  335      0.482      0.935      0.000 4
 368  336      0.485      0.216      0.000 4
 369  337      0.487     -0.607      0.000 4
 370  338      0.487     -0.899      0.000 4
 372   -2      0.498      0.125      0.000 4
  -1  344      0.499      0.676      0.000 4
 376  333      0.504     -0.443      0.000 4
 373  339      0.505     -1.169      0.000 4
 378  347      0.535     -0.618      0.000 4
  -1   -2      0.536     -1.089      0.000 4
 380  348      0.538      0.007      0.000 4
 381  349      0.540     -0.311      0.000 4
 382  350      0.554      1.036      0.000 4
 383  352      0.566     -0.477      0.000 4
 384  353      0.567     -0.741      0.000 4
  -1   -2      0.581      0.015      0.000 4
 385  355      0.581     -0.795      0.000 4
 386  354      0.583      0.537      0.000 4
 388  356      0.585      0.447      0.000 4
 387  358      0.587      1.171      0.000 4
 389  359      0.590      0.400      0.000 4
 390  361      0.594      0.229      0.000 4
 392  362      0.601      0.671      0.000 4
  -1   -2      0.605     -1.139      0.000 4
 394  364      0.610     -0.019      0.000 4
 396  357      0.617     -1.168      0.000 4
 395  366      0.619     -0.996      0.000 4
  -1   -2      0.626     -0.118      0.000 4
  -1  367      0.627     -0.453      0.000 4
 398  369      0.631      1.098      0.000 4
  -1  368      0.631      0.559      0.000 4
 399  370      0.634      1.041      0.000 4
  -1  371      0.638      0.228      0.000 4
 400  372      0.660     -0.619      0.000 4
 401  374      0.666      0.799      0.000 4
 402  376      0.672     -0.715      0.000 4
 405  378      0.684      0.685      0.000 4
 404  379      0.685     -0.921      0.000 4
 408   -2      0.692     -1.172      0.000 4
 406   -2      0.707      0.946      0.000 4
 407  382      0.715     -0.036      0.000 4
 409  384      0.727     -0.993      0.000 4
 411  385      0.739     -0.770      0.000 4
 412  383      0.739      0.616      0.000 4
 414   -2      0.747     -0.339      0.000 4
 413  386      0.748      0.371      0.000 4
 415  387      0.749      0.402      0.000 4
 416  388      0.755     -1.044      0.000 4
 417   -2      0.762     -0.405      0.000 4
 418  389      0.766      0.965      0.000 4
 419  391      0.767      0.732      0.000 4
 423  395      0.788      0.662      0.000 4
 422  397      0.790     -0.971      0.000 4
 426  398      0.799     -0.232      0.000 4
 427  400      0.803      0.878      0.000 4
 428  401      0.811      0.977      0.000 4
 429  405      0.819     -0.168      0.000 4
 431  404      0.820      0.363      0.000 4
 430  406      0.823     -1.095      0.000 4
 433  408      0.836     -0.592      0.000 4
  -1  409      0.837     -1.039      0.000 4
 435  410      0.843     -0.338      0.000 4
  -1   -2      0.845      0.834      0.000 4
 436  411      0.856     -0.846      0.000 4
 437   -2      0.865     -1.125      0.000 4
 438   -2      0.869     -0.024      0.000 4
 443  390      0.876     -0.433      0.000 4
 439  412      0.877     -1.165      0.000 4
 440  414      0.883      1.063      0.000 4
 441  413      0.889     -0.776      0.000 4
 442  416      0.905      1.162      0.000 4
 446  419      0.922      0.186      0.000 4
 432  423      0.922     -1.095      0.000 4
 444  418      0.924     -0.049      0.000 4
  -1   -2      0.936      0.219      0.000 4
 447  429      0.936      0.760      0.000 4
 450  424      0.953     -0.817      0.000 4
 451  425      0.953      1.036      0.000 4
 452   -2      0.957      0.984      0.000 4
 454   -2      0.963     -0.098      0.000 4
 453  426      0.963      0.928      0.000 4
 445  428      0.965     -0.893      0.000 4
 456  427      0.966      0.515      0.000 4
 455   -2      0.967     -0.043      0.000 4
 458  432      0.972      0.966      0.000 4
 460   -2      0.981      0.303      0.000 4
 461  433      0.982      0.260      0.000 4
 462  434      1.005     -0.735      0.000 4
 463  435      1.005     -0.477      0.000 4
 464  437      1.011     -0.569      0.000 4
 465  436      1.015     -0.071      0.000 4
  -1  438      1.028      1.065      0.000 4
 466  439      1.028     -0.288      0.000 4
 459   -2      1.034     -1.041      0.000 4
 475  431      1.048      0.045      0.000 4
 470  441      1.055     -0.186      0.000 4
 469  443      1.057     -0.958      0.000 4
 472  444      1.077      0.608      0.000 4
 473  445      1.085      0.561      0.000 4
  -1  450      1.085     -0.237      0.000 4
 476  454      1.087     -1.172      0.000 4
 477  447      1.088      0.111      0.000 4
 474  448      1.088     -0.659      0.000 4
  -1  449      1.093      0.712      0.000 4
 478  453      1.100     -1.074      0.000 4
 479  451      1.101      0.439      0.000 4
 480  455      1.110     -0.303      0.000 4
 481  456      1.113      0.355      0.000 4
 484  457      1.135     -0.205      0.000 4
 485  458      1.146     -0.747      0.000 4
 486  459      1.151      0.177      0.000 4
  -1  460      1.156      1.141      0.000 4
 488  464      1.160     -0.942      0.000 4
 487  462      1.160     -0.986      0.000 4
 501  446      1.161     -0.406      0.000 4
 490  465      1.169      0.927      0.000 4
 491  466      1.169     -0.898      0.000 4
 492  467      1.174      0.469      0.000 4
 495  469      1.193      1.006      0.000 4
 496  470      1.193      0.404      0.000 4
 503   -2      1.197     -0.095      0.000 4
 498  472      1.205      0.802      0.000 4
 499  473      1.220     -0.675      0.000 4
  -1   -2      1.227     -1.071      0.000 4
  -1  474      1.231      1.125      0.000 4
 502  476      1.237      0.688      0.000 4
  -1  478      1.242     -0.070      0.000 4
 511  479      1.268      0.211      0.000 4
 506   -2      1.274      0.976      0.000 4
 494  497      1.281     -1.171      0.000 4
  -1   -2      1.285     -0.998      0.000 4
 507  484      1.289     -0.644      0.000 4
 508  483      1.291      0.042      0.000 4
  -1  482      1.293     -0.949      0.000 4
  -1  480      1.294      0.900      0.000 4
 509  485      1.294     -0.724      0.000 4
 517  475      1.302     -1.141      0.000 4
 514  487      1.309     -0.505      0.000 4
  -1   -2      1.314     -0.775      0.000 4
 515   -2      1.315      0.728      0.000 4
 516  488      1.317      1.038      0.000 4
 505  489      1.320     -0.972      0.000 4
  -1  486      1.331      0.161      0.000 4
 518  491      1.331     -0.671      0.000 4
  -1   -2      1.350     -0.621      0.000 4
 520  490      1.361     -0.159      0.000 4
 519  492      1.362     -0.657      0.000 4
 521  493      1.364     -0.749      0.000 4
 522  494      1.370     -1.132      0.000 4
 523  495      1.374      0.251      0.000 4
  -1  496      1.399     -0.637      0.000 4
 528   -2      1.404      0.591      0.000 4
 526   -2      1.407     -1.164      0.000 4
 525  498      1.408      1.175      0.000 4
 527  499      1.413      0.274      0.000 4
 530  508      1.446      0.418      0.000 4
 537   -2      1.453      0.485      0.000 4
 531  503      1.460     -0.667      0.000 4
 532  505      1.469     -0.523      0.000 4
  -1  504      1.473      0.833      0.000 4
 533  506      1.473     -0.594      0.000 4
 536  507      1.484     -0.394      0.000 4
 539  510      1.498     -0.984      0.000 4
 545  501      1.499     -1.149      0.000 4
 548  502      1.504     -0.949      0.000 4
 543  512      1.506     -0.324      0.000 4
 540  513      1.512      0.047      0.000 4
 542  514      1.517      0.153      0.000 4
 541  511      1.531     -0.985      0.000 4
 546  518      1.555     -1.166      0.000 4
 547  517      1.555      0.244      0.000 4
  -1   -2      1.565     -0.439      0.000 4
 549  519      1.568      0.623      0.000 4
 550  520      1.569     -0.363      0.000 4
 551  521      1.575      0.980      0.000 4
