543
  -1   -2     -1.574     -1.126      0.000 4
   0    0     -1.573      0.902      0.000 4
   1    1     -1.570     -0.799      0.000 4
  -1    5     -1.548      0.990      0.000 4
   4    6     -1.538      0.232      0.000 4
  -1    8     -1.531      0.341      0.000 4
   6   17     -1.527     -1.169      0.000 4
   5   11     -1.521      0.293      0.000 4
   7   12     -1.518      0.556      0.000 4
   8   13     -1.512      0.435      0.000 4
   9   14     -1.506      0.693      0.000 4
  10   15     -1.505     -0.313      0.000 4
  11    9     -1.500     -1.078      0.000 4
  13    7     -1.494      0.902      0.000 4
  12   16     -1.492      0.161      0.000 4
  -1   -2     -1.482     -1.128      0.000 4
  15   -2     -1.479      0.603      0.000 4
  17   19     -1.468      1.050      0.000 4
  16   -2     -1.464      0.513      0.000 4
  18   22     -1.458      0.358      0.000 4
  19   -2     -1.457     -0.317      0.000 4
  20   23     -1.453     -0.638      0.000 4
  14   21     -1.447     -0.368      0.000 4
  22   25     -1.445     -1.008      0.000 4
  23   26     -1.437      0.741      0.000 4
  24   27     -1.433      1.156      0.000 4
  -1   20     -1.431      0.556      0.000 4
  26   28     -1.427     -1.125      0.000 4
  25   29     -1.422      0.299      0.000 4
  28   33     -1.411     -0.406      0.000 4
  29   32     -1.411      0.067      0.000 4
  32   -2     -1.407     -1.174      0.000 4
  30   34     -1.404      0.668      0.000 4
  47   18     -1.387      0.634      0.000 4
  -1   35     -1.379     -0.553      0.000 4
  -1   -2     -1.375      0.578      0.000 4
  -1   -2     -1.372     -1.127      0.000 4
  -1   31     -1.363     -0.763      0.000 4
  36   37     -1.360     -0.008      0.000 4
  37   36     -1.357      1.147      0.000 4
  40   38     -1.349     -0.926      0.000 4
  38   39     -1.348      0.176      0.000 4
  41   -2     -1.341      0.332      0.000 4
  42   41     -1.332     -1.069      0.000 4
  43   42     -1.329      0.955      0.000 4
  45   43     -1.318     -0.353      0.000 4
  46   46     -1.314      0.574      0.000 4
  -1   44     -1.310     -1.031      0.000 4
  48   45     -1.307     -1.099      0.000 4
  61   -2     -1.304     -1.166      0.000 4
  -1   40     -1.304      0.789      0.000 4
  49   48     -1.303      0.402      0.000 4
  51   -2     -1.301     -0.845      0.000 4
  -1   -2     -1.289      0.447      0.000 4
  52   49     -1.282     -0.870      0.000 4
  53   51     -1.271      0.526      0.000 4
  54   50     -1.271     -0.649      0.000 4
  55   53     -1.261     -0.545      0.000 4
  56   52     -1.260     -1.018      0.000 4
  -1   -2     -1.246     -0.603      0.000 4
  58   54     -1.245      1.021      0.000 4
  -1   61     -1.232     -1.170      0.000 4
  60   56     -1.230     -0.857      0.000 4
  63   57     -1.219      0.849      0.000 4
  -1   58     -1.212     -0.798      0.000 4
  64   59     -1.207     -0.665      0.000 4
  65   -2     -1.205     -1.080      0.000 4
  66   60     -1.196      0.744      0.000 4
  -1   62     -1.182      0.645      0.000 4
  -1   -2     -1.179     -1.158      0.000 4
  67   68     -1.168      0.412      0.000 4
  68   66     -1.166     -0.576      0.000 4
  69   65     -1.165     -0.891      0.000 4
  71   64     -1.165     -1.110      0.000 4
  72   67     -1.164      1.057      0.000 4
  73   69     -1.163     -0.852      0.000 4
  70   70     -1.163     -0.359      0.000 4
  -1   71     -1.155      1.016      0.000 4
  75   73     -1.133      0.662      0.000 4
  76   76     -1.131     -0.109      0.000 4
  74   -2     -1.117     -0.383      0.000 4
  78   77     -1.115      1.057      0.000 4
  -1   -2     -1.103      0.267      0.000 4
  79   79     -1.100      0.405      0.000 4
  80   80     -1.099     -0.290      0.000 4
  81   -2     -1.095     -0.492      0.000 4
  -1   -2     -1.092     -1.042      0.000 4
  82   81     -1.089     -1.082      0.000 4
  83   83     -1.079      0.485      0.000 4
  84   82     -1.076      0.816      0.000 4
  85   84     -1.064     -0.164      0.000 4
  86   85     -1.055      0.396      0.000 4
  -1   -2     -1.052      0.273      0.000 4
  89   86     -1.047      0.587      0.000 4
  92   88     -1.035     -0.223      0.000 4
  -1   -2     -1.024     -0.120      0.000 4
  90   93     -1.021     -0.668      0.000 4
  93   92     -1.018     -0.440      0.000 4
  88   99     -1.017     -0.878      0.000 4
  -1   90     -1.016     -1.076      0.000 4
  94   94     -1.016      0.343      0.000 4
  91  107     -1.006     -1.168      0.000 4
  -1   -2     -1.006      0.441      0.000 4
  96   95     -1.003      0.921      0.000 4
  97   96     -0.998      1.038      0.000 4
 101   97     -0.966      1.062      0.000 4
 103  105     -0.956     -1.130      0.000 4
 102   98     -0.953      0.310      0.000 4
 104  101     -0.946      0.574      0.000 4
 105   -2     -0.945     -1.019      0.000 4
  -1  100     -0.942      1.137      0.000 4
 108  102     -0.937     -0.951      0.000 4
 113  108     -0.883     -0.135      0.000 4
 114   -2     -0.875     -1.169      0.000 4
 116  109     -0.874     -0.749      0.000 4
 115  110     -0.873     -0.617      0.000 4
 117  112     -0.870     -0.214      0.000 4
 111   -2     -0.865     -1.106      0.000 4
 118  118     -0.863      0.330      0.000 4
 119  115     -0.859     -0.046      0.000 4
 121  114     -0.858     -0.695      0.000 4
 120   -2     -0.857     -0.008      0.000 4
 112   -2     -0.843      0.735      0.000 4
 123  111     -0.842     -0.489      0.000 4
 126  120     -0.836      0.258      0.000 4
  -1  125     -0.834      0.833      0.000 4
 125   -2     -0.834     -1.089      0.000 4
 127  122     -0.825      0.392      0.000 4
 129  121     -0.824      1.046      0.000 4
 128   -2     -0.822      0.308      0.000 4
 130  123     -0.821      1.091      0.000 4
  -1  124     -0.818     -0.377      0.000 4
 132   -2     -0.812      0.813      0.000 4
 136  117     -0.803     -1.100      0.000 4
 133  127     -0.800     -0.057      0.000 4
 135  128     -0.794      0.991      0.000 4
 134  131     -0.792      0.382      0.000 4
 137  130     -0.790      0.882      0.000 4
 138  129     -0.790     -0.753      0.000 4
 140  134     -0.785      0.036      0.000 4
  -1  133     -0.779     -0.377      0.000 4
 141  135     -0.779     -0.443      0.000 4
  -1  136     -0.768     -0.599      0.000 4
 142  132     -0.759     -1.077      0.000 4
 143  140     -0.754      0.140      0.000 4
 147   -2     -0.754      0.640      0.000 4
 146  142     -0.748     -0.349      0.000 4
 145  141     -0.747     -0.147      0.000 4
 131  159     -0.736     -0.963      0.000 4
 150  145     -0.731     -1.168      0.000 4
 155   -2     -0.730      0.067      0.000 4
 151  146     -0.727     -1.009      0.000 4
 153   -2     -0.721      0.764      0.000 4
 152  147     -0.719     -0.101      0.000 4
 156  150     -0.706     -0.549      0.000 4
 157  151     -0.700      0.867      0.000 4
 159  153     -0.689      0.718      0.000 4
 160  157     -0.689     -0.634      0.000 4
 148   -2     -0.687      0.999      0.000 4
 163  154     -0.686      1.054      0.000 4
 171   -2     -0.685     -1.126      0.000 4
  -1   -2     -0.670     -0.560      0.000 4
 166  160     -0.656     -0.300      0.000 4
 165  164     -0.650     -0.815      0.000 4
 167  162     -0.642      1.136      0.000 4
 168  163     -0.634     -1.069      0.000 4
 169   -2     -0.629     -0.756      0.000 4
  -1  165     -0.626     -1.109      0.000 4
 149  181     -0.625     -0.997      0.000 4
 170  167     -0.624     -0.423      0.000 4
 162  177     -0.620      0.418      0.000 4
  -1  168     -0.619      1.062      0.000 4
 173  169     -0.618      0.876      0.000 4
 174  171     -0.614     -0.501      0.000 4
  -1  175     -0.611      0.399      0.000 4
 175  173     -0.606      0.046      0.000 4
 177  174     -0.589     -0.763      0.000 4
  -1   -2     -0.580     -1.113      0.000 4
 176   -2     -0.568      0.263      0.000 4
  -1  176     -0.565     -0.225      0.000 4
 179   -2     -0.560      0.471      0.000 4
 180  179     -0.560     -0.501      0.000 4
 182  178     -0.558      1.038      0.000 4
 184  166     -0.547     -0.965      0.000 4
 183  180     -0.546      0.662      0.000 4
  -1   -2     -0.535     -1.088      0.000 4
 185  182     -0.532      1.165      0.000 4
 186  184     -0.525      0.080      0.000 4
 187  185     -0.519      0.184      0.000 4
  -1   -2     -0.511      0.312      0.000 4
 188  187     -0.499     -0.045      0.000 4
 190  191     -0.492      0.952      0.000 4
 191  188     -0.486     -0.662      0.000 4
 189  186     -0.484     -1.170      0.000 4
 192  190     -0.480     -0.122      0.000 4
  -1   -2     -0.468      0.126      0.000 4
 193  193     -0.468     -0.276      0.000 4
 194  194     -0.453      0.434      0.000 4
  -1   -2     -0.448     -1.114      0.000 4
 195  195     -0.440     -0.929      0.000 4
 196  196     -0.428     -0.819      0.000 4
  -1  197     -0.425     -1.033      0.000 4
 199  200     -0.418      0.315      0.000 4
 200  199     -0.418      0.730      0.000 4
 201  198     -0.416     -1.121      0.000 4
 203  201     -0.407     -0.586      0.000 4
 202  202     -0.406     -0.175      0.000 4
 204  207     -0.397      1.045      0.000 4
 205  204     -0.390     -0.277      0.000 4
 210   -2     -0.387     -0.646      0.000 4
 207  206     -0.386      0.707      0.000 4
 208  208     -0.383     -0.242      0.000 4
 209  209     -0.378     -0.937      0.000 4
 211   -2     -0.371      1.035      0.000 4
 212  210     -0.364      0.963      0.000 4
  -1  211     -0.361     -1.135      0.000 4
  -1   -2     -0.359     -0.407      0.000 4
  -1   -2     -0.353     -1.077      0.000 4
 213  212     -0.352      0.848      0.000 4
 214  213     -0.328     -0.554      0.000 4
 215   -2     -0.318      0.518      0.000 4
 216   -2     -0.317      0.299      0.000 4
 217  215     -0.308      0.772      0.000 4
 218  216     -0.307     -0.903      0.000 4
 219  218     -0.293     -0.453      0.000 4
 221   -2     -0.291     -1.124      0.000 4
 220  217     -0.290     -0.955      0.000 4
  -1   -2     -0.287     -0.181      0.000 4
 222  219     -0.275     -1.162      0.000 4
 223  220     -0.270      0.399      0.000 4
 224  221     -0.262     -1.040      0.000 4
 225  222     -0.259     -0.381      0.000 4
  -1   -2     -0.251      0.725      0.000 4
 226  223     -0.249     -0.650      0.000 4
  -1  225     -0.243     -1.121      0.000 4
 227  224     -0.242      0.121      0.000 4
  -1   -2     -0.242     -0.835      0.000 4
  -1  214     -0.233      0.315      0.000 4
  -1  230     -0.226     -1.173      0.000 4
  -1   -2     -0.226     -1.093      0.000 4
 228  240     -0.219      0.517      0.000 4
 231  228     -0.213      0.682      0.000 4
 230  229     -0.211      0.013      0.000 4
 229   -2     -0.190     -1.068      0.000 4
 235   -2     -0.188     -1.159      0.000 4
 236  231     -0.185     -0.118      0.000 4
 239  234     -0.171     -0.255      0.000 4
 237  236     -0.163     -0.575      0.000 4
 240   -2     -0.153     -0.742      0.000 4
 241   -2     -0.147     -0.623      0.000 4
 232   -2     -0.138     -0.177      0.000 4
 244  241     -0.132      0.367      0.000 4
 245  239     -0.131     -0.984      0.000 4
 246   -2     -0.129      0.463      0.000 4
 263  226     -0.125      1.171      0.000 4
 248  243     -0.119     -0.075      0.000 4
 249  244     -0.118      0.594      0.000 4
 250  248     -0.109     -1.141      0.000 4
 233   -2     -0.107      1.061      0.000 4
 252  247     -0.106      0.314      0.000 4
 253   -2     -0.101     -1.104      0.000 4
 258  245     -0.094     -0.620      0.000 4
 255  250     -0.087      0.216      0.000 4
 256  251     -0.084      1.099      0.000 4
 257  253     -0.080     -0.151      0.000 4
  -1  254     -0.078     -1.051      0.000 4
  -1  252     -0.075     -0.596      0.000 4
 259   -2     -0.067     -0.310      0.000 4
 260  256     -0.064      0.334      0.000 4
  -1  235     -0.061     -0.801      0.000 4
  -1  257     -0.057     -1.087      0.000 4
 261  258     -0.054      0.558      0.000 4
 262  260     -0.041     -0.005      0.000 4
  -1  261     -0.040      1.163      0.000 4
  -1  255     -0.028     -0.397      0.000 4
 254   -2     -0.021      0.904      0.000 4
  -1   -2     -0.017      1.152      0.000 4
 264   -2     -0.013     -0.447      0.000 4
 266  262      0.001      0.542      0.000 4
 267  263      0.002      0.298      0.000 4
 268  266      0.012      0.934      0.000 4
 269   -2      0.016      0.818      0.000 4
 270  267      0.020      0.350      0.000 4
 276  265      0.020     -1.169      0.000 4
  -1  269      0.021      0.043      0.000 4
 273   -2      0.026     -0.996      0.000 4
 274  270      0.037      0.546      0.000 4
 277  272      0.046      0.317      0.000 4
 278  273      0.050     -1.061      0.000 4
 271  283      0.051     -0.047      0.000 4
 280  275      0.062      0.860      0.000 4
 281  276      0.065      0.620      0.000 4
 282  277      0.067     -1.034      0.000 4
 283  278      0.076     -0.874      0.000 4
 275   -2      0.093     -0.672      0.000 4
 286  281      0.094      0.144      0.000 4
 291  289      0.102     -1.044      0.000 4
 272   -2      0.103     -0.157      0.000 4
 289  282      0.104      0.102      0.000 4
 290   -2      0.106     -0.054      0.000 4
  -1  285      0.121      0.381      0.000 4
 294   -2      0.137     -0.949      0.000 4
 293  288      0.138      0.806      0.000 4
 296  290      0.146     -0.450      0.000 4
 312   -2      0.148      0.645      0.000 4
  -1  300      0.149      0.035      0.000 4
 298  292      0.156      0.997      0.000 4
 295   -2      0.157     -0.634      0.000 4
 299  294      0.177      0.346      0.000 4
 300   -2      0.187     -0.655      0.000 4
 302  297      0.194     -1.155      0.000 4
 303  296      0.198      1.027      0.000 4
  -1  295      0.199     -0.427      0.000 4
 306  301      0.215     -0.968      0.000 4
 305   -2      0.215      0.028      0.000 4
 308  299      0.216      0.529      0.000 4
 307   -2      0.223     -1.178      0.000 4
 309  302      0.224      0.998      0.000 4
  -1  291      0.225     -0.531      0.000 4
 310  307      0.228     -0.838      0.000 4
 311  303      0.240     -0.141      0.000 4
 313  306      0.257      0.922      0.000 4
  -1  293      0.259     -0.616      0.000 4
  -1   -2      0.260      0.125      0.000 4
 315  308      0.263     -0.346      0.000 4
 317  310      0.274      1.139      0.000 4
 319  312      0.278      1.064      0.000 4
 320  313      0.280      0.231      0.000 4
 321  315      0.297      0.123      0.000 4
 322  304      0.303     -0.971      0.000 4
 335   -2      0.306      0.552      0.000 4
 323   -2      0.308     -0.071      0.000 4
 324   -2      0.316     -1.104      0.000 4
 325  316      0.320     -1.175      0.000 4
 326  319      0.325      0.053      0.000 4
  -1  318      0.325     -0.184      0.000 4
 316   -2      0.328     -0.366      0.000 4
 329  320      0.333      0.974      0.000 4
  -1  326      0.356     -0.982      0.000 4
 330   -2      0.359      1.021      0.000 4
 331   -2      0.363     -0.384      0.000 4
 332  321      0.367     -1.143      0.000 4
  -1  322      0.378      0.233      0.000 4
 333  323      0.378     -0.771      0.000 4
  -1  331      0.381     -1.036      0.000 4
 334  324      0.382      0.054      0.000 4
 336  325      0.386      1.080      0.000 4
 337  327      0.396      0.279      0.000 4
 338  328      0.398     -0.388      0.000 4
 339  329      0.406     -0.439      0.000 4
 340  330      0.407      0.158      0.000 4
  -1   -2      0.416      0.517      0.000 4
 341  332      0.420     -1.080      0.000 4
 342  333      0.422     -0.851      0.000 4
  -1  354      0.422      0.845      0.000 4
 343  335      0.431     -0.637      0.000 4
 344  337      0.443      1.173      0.000 4
 346  336      0.444     -0.000      0.000 4
 347  341      0.450     -1.172      0.000 4
 349  338      0.452     -0.577      0.000 4
  -1  339      0.452     -0.953      0.000 4
  -1  340      0.454     -0.765      0.000 4
 350  342      0.467     -0.410      0.000 4
  -1  344      0.472      0.533      0.000 4
 345   -2      0.475      0.706      0.000 4
 353   -2      0.478     -1.077      0.000 4
 354  346      0.482     -1.122      0.000 4
  -1  347      0.488      0.055      0.000 4
 355   -2      0.490      0.303      0.000 4
 356  349      0.495     -0.766      0.000 4
 357  348      0.496     -0.028      0.000 4
 358   -2      0.500     -0.920      0.000 4
  -1  345      0.500      0.650      0.000 4
 366  352      0.506     -0.342      0.000 4
 368   -2      0.508      0.863      0.000 4
  -1  351      0.511     -0.596      0.000 4
 361  355      0.518      0.732      0.000 4
 364  357      0.533     -0.869      0.000 4
 365   -2      0.551     -0.898      0.000 4
 367  353      0.552      0.366      0.000 4
  -1  358      0.557     -0.553      0.000 4
  -1   -2      0.558     -0.201      0.000 4
  -1  360      0.562      0.810      0.000 4
 369  361      0.580      0.871      0.000 4
 370  362      0.580     -0.037      0.000 4
 371  363      0.586      1.000      0.000 4
 372  364      0.596      0.482      0.000 4
 373  365      0.600      0.518      0.000 4
 386  350      0.605     -0.969      0.000 4
  -1   -2      0.605     -0.791      0.000 4
 375  368      0.609     -0.721      0.000 4
  -1  369      0.614      0.780      0.000 4
 376  371      0.624     -1.119      0.000 4
  -1  370      0.625     -0.611      0.000 4
  -1  372      0.625     -1.061      0.000 4
 378  374      0.635     -0.816      0.000 4
 362  396      0.640     -1.159      0.000 4
  -1  376      0.645      0.534      0.000 4
 381  378      0.651      0.469      0.000 4
 377  377      0.651     -1.107      0.000 4
  -1   -2      0.652     -0.154      0.000 4
  -1  380      0.657      1.142      0.000 4
 382  381      0.659      0.905      0.000 4
  -1  382      0.661     -0.439      0.000 4
 384  383      0.665      0.822      0.000 4
 383  384      0.669     -0.477      0.000 4
  -1  385      0.682     -1.011      0.000 4
  -1  395      0.701     -0.003      0.000 4
 391  379      0.704     -1.093      0.000 4
 387   -2      0.705     -0.844      0.000 4
  -1  387      0.709      1.151      0.000 4
 390  391      0.725     -0.366      0.000 4
  -1  392      0.728      1.045      0.000 4
 392  393      0.737      0.245      0.000 4
  -1  386      0.740     -0.870      0.000 4
 394  398      0.768     -0.629      0.000 4
  -1   -2      0.783     -0.137      0.000 4
 397  399      0.786      0.375      0.000 4
 396  400      0.787      0.327      0.000 4
 395   -2      0.790     -1.052      0.000 4
 399  402      0.792      0.617      0.000 4
 398   -2      0.792     -0.811      0.000 4
  -1  405      0.796     -0.075      0.000 4
 400  406      0.798     -0.981      0.000 4
 393  415      0.801     -1.123      0.000 4
  -1   -2      0.811     -0.460      0.000 4
  -1  403      0.831     -0.868      0.000 4
 412  404      0.838     -0.233      0.000 4
 404  409      0.839     -0.041      0.000 4
 405   -2      0.846     -1.124      0.000 4
 407  410      0.846      1.054      0.000 4
 408  411      0.848      0.874      0.000 4
 409  413      0.848     -1.062      0.000 4
 410   -2      0.849      1.102      0.000 4
  -1  412      0.851     -0.789      0.000 4
  -1   -2      0.854     -0.823      0.000 4
 411  414      0.855      0.087      0.000 4
  -1  418      0.876      0.602      0.000 4
 413   -2      0.884     -0.262      0.000 4
 414  421      0.886     -0.658      0.000 4
 417  420      0.886      0.155      0.000 4
 415  422      0.890      1.045      0.000 4
 418  423      0.891     -0.154      0.000 4
  -1  426      0.901     -1.006      0.000 4
  -1   -2      0.903      1.101      0.000 4
 422  424      0.904      0.637      0.000 4
 423  428      0.904     -0.454      0.000 4
 424  429      0.907      0.686      0.000 4
 425  430      0.909      0.412      0.000 4
 427   -2      0.909      0.290      0.000 4
 426  419      0.911     -0.285      0.000 4
  -1  433      0.913      1.076      0.000 4
 428  434      0.921      1.153      0.000 4
 441   -2      0.921     -0.802      0.000 4
 429  436      0.928     -0.543      0.000 4
 430  437      0.931     -1.078      0.000 4
  -1  441      0.934      0.017      0.000 4
 433  439      0.946      0.226      0.000 4
 432  451      0.946      0.787      0.000 4
 439  443      0.975     -0.158      0.000 4
 440  444      0.976      0.514      0.000 4
 438  445      0.976     -1.125      0.000 4
 416  456      0.985     -1.172      0.000 4
  -1  446      0.991      0.444      0.000 4
  -1   -2      0.995      0.328      0.000 4
 443  442      1.017     -0.246      0.000 4
 444  450      1.017     -0.040      0.000 4
 445  452      1.023     -0.598      0.000 4
 447   -2      1.027      0.749      0.000 4
  -1  464      1.035     -0.453      0.000 4
  -1  453      1.042      0.660      0.000 4
 448  454      1.045     -0.341      0.000 4
 449   -2      1.055     -0.747      0.000 4
 450  455      1.062     -0.010      0.000 4
  -1  462      1.064      0.244      0.000 4
  -1   -2      1.065     -1.173      0.000 4
 451  457      1.069      0.705      0.000 4
 452  458      1.073      0.828      0.000 4
 454  459      1.077      0.963      0.000 4
 453  460      1.078      1.158      0.000 4
 455  461      1.096     -0.659      0.000 4
 457  463      1.103      0.092      0.000 4
 458  465      1.114     -0.984      0.000 4
 459  466      1.121      1.026      0.000 4
 460  467      1.145     -0.790      0.000 4
 472   -2      1.151     -1.139      0.000 4
 462  468      1.152     -0.876      0.000 4
 461  470      1.155     -1.091      0.000 4
 463  471      1.158     -0.561      0.000 4
 465  473      1.190      0.960      0.000 4
 466   -2      1.202      0.020      0.000 4
 467  475      1.217     -0.381      0.000 4
 468  477      1.220     -0.202      0.000 4
 481   -2      1.220      0.655      0.000 4
 469  476      1.222     -0.509      0.000 4
 471  480      1.242     -0.580      0.000 4
 473  481      1.250      0.999      0.000 4
  -1   -2      1.258     -0.872      0.000 4
 474  482      1.261     -0.157      0.000 4
  -1  490      1.262     -1.000      0.000 4
 476  483      1.272      0.397      0.000 4
 475  485      1.274     -0.520      0.000 4
 479  484      1.276      0.443      0.000 4
 477  488      1.303     -0.495      0.000 4
  -1   -2      1.311     -0.976      0.000 4
 478  491      1.321     -0.578      0.000 4
 480  494      1.335     -1.172      0.000 4
 482  493      1.343     -1.087      0.000 4
 483  495      1.370     -0.948      0.000 4
 484  496      1.374      0.168      0.000 4
  -1  497      1.379      0.094      0.000 4
 485  498      1.386      1.102      0.000 4
 486  499      1.398     -0.985      0.000 4
 489  500      1.399     -0.242      0.000 4
 488  501      1.399     -0.349      0.000 4
 499   -2      1.410     -0.475      0.000 4
 493  505      1.418      0.237      0.000 4
 494  506      1.419      0.525      0.000 4
 491  507      1.422     -0.401      0.000 4
 497  511      1.452     -1.068      0.000 4
 498  510      1.455      0.597      0.000 4
 504  513      1.474      1.068      0.000 4
 501  514      1.478      0.832      0.000 4
 502  515      1.480      0.274      0.000 4
 500  516      1.480     -0.761      0.000 4
 492   -2      1.487     -0.723      0.000 4
 495   -2      1.493     -1.139      0.000 4
 505  518      1.502     -0.055      0.000 4
 506  519      1.503     -0.207      0.000 4
 508  522      1.521      0.435      0.000 4
 510  526      1.525     -1.175      0.000 4
 509  523      1.526      0.069      0.000 4
 518   -2      1.533     -0.911      0.000 4
 511  527      1.543      1.101      0.000 4
 512  528      1.547     -0.626      0.000 4
 514  530      1.552     -0.937      0.000 4
 515  529      1.552      0.721      0.000 4
 513  531      1.553     -1.051      0.000 4
 516  532      1.558      0.594      0.000 4
 517  533      1.565     -0.830      0.000 4
 519  534      1.566      0.102      0.000 4
 520  535      1.570      0.386      0.000 4
  -1  537      1.575      1.146      0.000 4
