533
  -1    0     -1.574      0.397      0.000 4
   0    7     -1.574     -1.146      0.000 4
  -1   -2     -1.573     -0.735      0.000 4
   1    1     -1.561      0.837      0.000 4
  -1    4     -1.558     -0.151      0.000 4
   2    2     -1.557     -0.019      0.000 4
   4    3     -1.550      0.254      0.000 4
  -1   -2     -1.549     -0.056      0.000 4
  -1   13     -1.543     -0.226      0.000 4
   5    5     -1.541     -1.040      0.000 4
   3   -2     -1.538      0.793      0.000 4
   6   -2     -1.538      0.923      0.000 4
   7   -2     -1.525      1.044      0.000 4
   8    6     -1.525     -1.018      0.000 4
   9   -2     -1.518     -1.143      0.000 4
  10    8     -1.498      0.214      0.000 4
  11   -2     -1.492      0.313      0.000 4
  12    9     -1.482      0.510      0.000 4
  13   10     -1.481      0.270      0.000 4
  15   11     -1.478      0.638      0.000 4
  16   -2     -1.475     -0.277      0.000 4
  17   14     -1.470      0.398      0.000 4
  20   12     -1.467     -1.169      0.000 4
  18   15     -1.464      0.989      0.000 4
  19   16     -1.461     -0.954      0.000 4
  21   18     -1.451      0.153      0.000 4
  22   20     -1.443     -0.586      0.000 4
  -1   -2     -1.419     -0.691      0.000 4
  25   21     -1.418     -0.331      0.000 4
  26   22     -1.412      0.333      0.000 4
  27   23     -1.393      0.739      0.000 4
  -1   -2     -1.392      0.200      0.000 4
  -1   -2     -1.385      0.838      0.000 4
  30   -2     -1.382     -0.833      0.000 4
  31   24     -1.382     -0.368      0.000 4
  32   25     -1.376      0.279      0.000 4
  33   28     -1.368      0.622      0.000 4
  44   26     -1.366      1.092      0.000 4
  35   30     -1.362      0.067      0.000 4
  37   27     -1.360     -0.873      0.000 4
  38   31     -1.359     -0.707      0.000 4
  36   33     -1.355     -0.512      0.000 4
  39   32     -1.355     -1.018      0.000 4
  -1   -2     -1.349      0.592      0.000 4
  40   34     -1.345      0.035      0.000 4
  41   36     -1.331      1.005      0.000 4
  29   49     -1.330      0.539      0.000 4
  43   35     -1.330     -1.116      0.000 4
  50   -2     -1.323     -1.166      0.000 4
  45   39     -1.319      0.906      0.000 4
  46   50     -1.312      0.677      0.000 4
  47   40     -1.307     -0.002      0.000 4
  48   41     -1.301     -0.796      0.000 4
  49   43     -1.290      0.167      0.000 4
  -1   42     -1.288     -0.826      0.000 4
  42   45     -1.286     -0.968      0.000 4
  65   29     -1.286     -0.117      0.000 4
  51   46     -1.279     -0.325      0.000 4
  54   -2     -1.268      0.540      0.000 4
  55   -2     -1.266      0.643      0.000 4
  57   51     -1.255     -0.609      0.000 4
  56   48     -1.252     -1.168      0.000 4
  59   55     -1.242      0.386      0.000 4
  -1   52     -1.240      0.978      0.000 4
  60   53     -1.238     -0.512      0.000 4
  61   54     -1.234     -0.815      0.000 4
  62   56     -1.210     -1.106      0.000 4
  63   58     -1.195      0.815      0.000 4
  64   59     -1.190     -0.627      0.000 4
  66   -2     -1.178     -1.175      0.000 4
  67   62     -1.167     -0.853      0.000 4
  -1   -2     -1.166     -0.252      0.000 4
  70   64     -1.160      1.023      0.000 4
  69   65     -1.160      0.711      0.000 4
  -1   66     -1.156      0.911      0.000 4
  71   -2     -1.152      0.984      0.000 4
  72   67     -1.148     -0.988      0.000 4
  -1   -2     -1.140     -0.550      0.000 4
  73   68     -1.135      0.617      0.000 4
  74   72     -1.116     -0.341      0.000 4
  75   70     -1.115      1.026      0.000 4
  76   71     -1.112     -1.046      0.000 4
  -1   73     -1.112     -1.010      0.000 4
  77   74     -1.104      0.393      0.000 4
  -1   75     -1.090      0.641      0.000 4
  79   78     -1.068     -0.367      0.000 4
  80   79     -1.066     -0.104      0.000 4
  82   -2     -1.064     -0.681      0.000 4
  -1   -2     -1.046     -0.055      0.000 4
  86   81     -1.045      0.793      0.000 4
  85   82     -1.045     -0.279      0.000 4
  88   83     -1.038     -1.048      0.000 4
  87   85     -1.036      0.392      0.000 4
  -1   84     -1.033     -0.720      0.000 4
  90   86     -1.018     -0.852      0.000 4
  89   87     -1.016      0.470      0.000 4
  84   93     -1.013     -1.171      0.000 4
  92   88     -1.004     -0.776      0.000 4
  91   89     -0.997     -0.159      0.000 4
  94   90     -0.993      1.018      0.000 4
  95   94     -0.986      0.386      0.000 4
  96   92     -0.985      0.904      0.000 4
  -1   -2     -0.981     -1.094      0.000 4
  97   95     -0.977      0.187      0.000 4
  98   96     -0.975     -0.430      0.000 4
  99   97     -0.972     -0.217      0.000 4
 101   -2     -0.969      1.059      0.000 4
 100   98     -0.967     -0.179      0.000 4
 115   -2     -0.949     -0.979      0.000 4
 102  103     -0.946      0.334      0.000 4
 103  101     -0.945      0.774      0.000 4
 106  102     -0.943     -0.932      0.000 4
 104  105     -0.942      1.116      0.000 4
 107  104     -0.910     -0.764      0.000 4
 108   -2     -0.910      1.081      0.000 4
 110  106     -0.894     -1.083      0.000 4
 109  107     -0.890      0.568      0.000 4
 111  108     -0.886      0.898      0.000 4
 112  110     -0.879      0.304      0.000 4
 113  111     -0.865     -0.091      0.000 4
 114  112     -0.857     -0.739      0.000 4
 117  114     -0.847      0.692      0.000 4
 116   -2     -0.845     -1.088      0.000 4
 118  115     -0.844     -0.611      0.000 4
 119  117     -0.838     -0.691      0.000 4
 125  125     -0.822     -1.163      0.000 4
 122  118     -0.822      1.089      0.000 4
 121  119     -0.821     -0.443      0.000 4
 123  120     -0.820      1.044      0.000 4
  -1  126     -0.816     -0.035      0.000 4
 124  122     -0.813     -0.137      0.000 4
  -1  121     -0.810     -1.098      0.000 4
 126  123     -0.806     -0.216      0.000 4
 127   -2     -0.804      0.737      0.000 4
 129  134     -0.794      0.330      0.000 4
 130   -2     -0.785     -0.048      0.000 4
 132  127     -0.784      0.993      0.000 4
  -1  128     -0.780     -0.800      0.000 4
  -1  137     -0.779      0.445      0.000 4
 131  130     -0.779     -0.014      0.000 4
  -1  129     -0.778      0.816      0.000 4
 134  133     -0.772     -0.754      0.000 4
 136  135     -0.764      0.887      0.000 4
 135  136     -0.762      0.257      0.000 4
 137   -2     -0.756      0.397      0.000 4
 120  139     -0.755     -0.930      0.000 4
 138   -2     -0.753      0.315      0.000 4
  -1  142     -0.742     -0.606      0.000 4
 140  140     -0.739     -0.964      0.000 4
 141  141     -0.738     -1.010      0.000 4
 142  143     -0.732     -0.450      0.000 4
 143  144     -0.727     -0.059      0.000 4
 144  145     -0.721      0.984      0.000 4
  -1  138     -0.719     -0.230      0.000 4
 145  147     -0.712      0.035      0.000 4
  -1   -2     -0.694     -0.998      0.000 4
 150  151     -0.680      0.139      0.000 4
 149  150     -0.680     -0.155      0.000 4
 152  149     -0.679      1.067      0.000 4
 153  152     -0.677      0.884      0.000 4
 154  153     -0.675      1.012      0.000 4
 156  154     -0.674     -1.172      0.000 4
  -1  155     -0.670     -0.694      0.000 4
 151   -2     -0.668     -1.121      0.000 4
 155  156     -0.668     -0.562      0.000 4
 159  157     -0.650     -1.080      0.000 4
 157  158     -0.648      0.734      0.000 4
 158   -2     -0.648     -0.109      0.000 4
 148  159     -0.645      1.151      0.000 4
 161   -2     -0.636      0.157      0.000 4
 163  161     -0.633     -1.119      0.000 4
 165  162     -0.628     -1.008      0.000 4
 164  163     -0.627      0.068      0.000 4
 166  164     -0.615      1.080      0.000 4
 167  165     -0.611     -0.774      0.000 4
 168  167     -0.597     -0.315      0.000 4
  -1  160     -0.596     -0.053      0.000 4
 169  168     -0.591      0.898      0.000 4
 171  172     -0.572     -0.522      0.000 4
 172  170     -0.571     -0.785      0.000 4
  -1  171     -0.569     -0.945      0.000 4
 173  173     -0.565     -0.287      0.000 4
 177   -2     -0.553      0.415      0.000 4
 174  174     -0.552      1.067      0.000 4
  -1  175     -0.552     -0.989      0.000 4
 190   -2     -0.542     -1.089      0.000 4
 175  177     -0.538      0.041      0.000 4
 176  179     -0.521     -0.525      0.000 4
 178  181     -0.507     -0.244      0.000 4
 179  180     -0.505      0.551      0.000 4
 180  183     -0.504      0.488      0.000 4
 181  182     -0.504      0.688      0.000 4
 183  185     -0.478     -1.166      0.000 4
 184  186     -0.475      0.989      0.000 4
 185  187     -0.463     -0.694      0.000 4
 186  188     -0.459      0.077      0.000 4
 187  189     -0.456      0.188      0.000 4
 189  190     -0.438     -0.967      0.000 4
 188  192     -0.438     -0.056      0.000 4
 191  193     -0.425     -0.136      0.000 4
 194  194     -0.417     -0.859      0.000 4
 193  196     -0.417     -0.300      0.000 4
 196  197     -0.400      0.457      0.000 4
 198  199     -0.387      0.770      0.000 4
 199  200     -0.380     -0.533      0.000 4
 201  201     -0.376     -0.982      0.000 4
 200  202     -0.376     -0.624      0.000 4
 202  205     -0.369      0.652      0.000 4
 204  203     -0.367      1.087      0.000 4
 203  204     -0.366      0.529      0.000 4
 205  209     -0.362      0.329      0.000 4
 207  212     -0.361     -0.200      0.000 4
  -1  210     -0.355     -1.083      0.000 4
 209  211     -0.353      0.747      0.000 4
 208  207     -0.352     -0.691      0.000 4
  -1   -2     -0.351     -0.403      0.000 4
 210  213     -0.347      1.015      0.000 4
 211  216     -0.341     -0.306      0.000 4
 213  217     -0.333     -0.268      0.000 4
 214  218     -0.332      0.898      0.000 4
 224  214     -0.316     -0.445      0.000 4
 216   -2     -0.300     -0.956      0.000 4
 215  223     -0.300     -0.597      0.000 4
 220  215     -0.293     -1.170      0.000 4
 217  224     -0.291     -1.009      0.000 4
 218  225     -0.285      0.823      0.000 4
 219  226     -0.278      0.554      0.000 4
 221  228     -0.271      0.315      0.000 4
 223  229     -0.266     -1.097      0.000 4
  -1  219     -0.264      1.002      0.000 4
 226  231     -0.241     -0.208      0.000 4
  -1  222     -0.234     -0.897      0.000 4
 227  232     -0.231      0.428      0.000 4
 228  233     -0.229     -0.707      0.000 4
 230  234     -0.223     -0.424      0.000 4
 234   -2     -0.215     -0.580      0.000 4
 231  235     -0.209      1.097      0.000 4
  -1  242     -0.202      0.123      0.000 4
  -1   -2     -0.202     -1.029      0.000 4
 233  236     -0.190      0.736      0.000 4
  -1   -2     -0.186     -1.070      0.000 4
  -1   -2     -0.178     -0.827      0.000 4
 235  239     -0.164      0.393      0.000 4
  -1   -2     -0.145     -0.807      0.000 4
 232   -2     -0.144     -1.115      0.000 4
 236   -2     -0.143      0.067      0.000 4
 239  243     -0.136     -0.278      0.000 4
  -1   -2     -0.133      0.737      0.000 4
 240  245     -0.131     -1.054      0.000 4
 241  246     -0.126     -0.688      0.000 4
 252  247     -0.111     -1.169      0.000 4
 242  248     -0.108     -0.205      0.000 4
 243  249     -0.105      0.499      0.000 4
 246  250     -0.097      0.644      0.000 4
 248  251     -0.087      1.172      0.000 4
 247  252     -0.087     -0.097      0.000 4
 250  253     -0.083     -1.126      0.000 4
 251  254     -0.079      0.337      0.000 4
 253  256     -0.058      0.229      0.000 4
 254  257     -0.058     -0.659      0.000 4
 255  258     -0.055     -0.179      0.000 4
 264   -2     -0.053     -1.168      0.000 4
  -1   -2     -0.053      0.520      0.000 4
 257  261     -0.042     -0.353      0.000 4
 258  262     -0.041      0.359      0.000 4
 259  263     -0.038      0.609      0.000 4
 260  264     -0.026      0.776      0.000 4
  -1  259     -0.024      0.477      0.000 4
 261  266     -0.016     -0.020      0.000 4
 238   -2     -0.002     -1.160      0.000 4
 265   -2      0.002      0.115      0.000 4
 256   -2      0.004     -0.502      0.000 4
 267  268      0.012      1.011      0.000 4
 266  269      0.014      0.587      0.000 4
 270   -2      0.015      0.328      0.000 4
 272  271      0.034      0.379      0.000 4
  -1   -2      0.036     -1.167      0.000 4
 289  267      0.039      0.033      0.000 4
  -1   -2      0.040     -0.250      0.000 4
 277  275      0.056      0.343      0.000 4
 279  277      0.060      0.934      0.000 4
 280  276      0.062     -1.116      0.000 4
 281  279      0.068      0.677      0.000 4
 283  282      0.074     -0.952      0.000 4
  -1  281      0.082     -0.224      0.000 4
 285   -2      0.086     -1.009      0.000 4
  -1   -2      0.097     -0.745      0.000 4
 284   -2      0.101      0.146      0.000 4
 287  278      0.105     -1.169      0.000 4
 286   -2      0.109      0.465      0.000 4
 288  285      0.112      0.100      0.000 4
 290  284      0.122      0.413      0.000 4
  -1   -2      0.126      0.999      0.000 4
 291  286      0.134      0.879      0.000 4
 292  287      0.137     -0.954      0.000 4
  -1  288      0.144     -0.620      0.000 4
  -1  283      0.146      0.201      0.000 4
 294  289      0.148      1.078      0.000 4
  -1  299      0.151      0.027      0.000 4
 295  290      0.152     -0.508      0.000 4
 296   -2      0.157     -0.705      0.000 4
 297   -2      0.164     -1.142      0.000 4
  -1   -2      0.171     -0.108      0.000 4
 298  294      0.175      0.372      0.000 4
 299  295      0.188     -0.724      0.000 4
 301  291      0.194     -1.172      0.000 4
  -1  300      0.195      1.108      0.000 4
 300  296      0.198      0.997      0.000 4
 302  298      0.208      0.576      0.000 4
 303   -2      0.212      0.018      0.000 4
 304  301      0.215     -1.044      0.000 4
  -1  302      0.222     -0.319      0.000 4
 293  322      0.224     -0.591      0.000 4
 307  305      0.227     -0.912      0.000 4
 308  306      0.235     -0.169      0.000 4
 309  307      0.245      0.996      0.000 4
 311   -2      0.255     -0.680      0.000 4
 312  309      0.257     -0.396      0.000 4
 314  313      0.268      0.246      0.000 4
 315  314      0.269      1.144      0.000 4
 310  315      0.281      0.163      0.000 4
 329   -2      0.304     -1.042      0.000 4
 318  319      0.308      0.046      0.000 4
  -1  318      0.310      0.923      0.000 4
 328   -2      0.311     -0.350      0.000 4
 320  317      0.312     -1.172      0.000 4
  -1  320      0.314     -0.412      0.000 4
 321   -2      0.314     -0.216      0.000 4
 323  321      0.318      1.050      0.000 4
 324   -2      0.328     -0.622      0.000 4
 326  323      0.347      1.098      0.000 4
 327  324      0.350     -0.429      0.000 4
 330  336      0.357      0.683      0.000 4
 331   -2      0.362      0.048      0.000 4
 332  325      0.365      0.240      0.000 4
 333  328      0.372     -0.835      0.000 4
  -1  326      0.372      0.297      0.000 4
 334  327      0.373      1.154      0.000 4
 337  329      0.384      0.167      0.000 4
 336  330      0.384     -0.433      0.000 4
 338  331      0.387     -1.001      0.000 4
 341  333      0.416     -0.008      0.000 4
 342  334      0.418     -0.911      0.000 4
 343  335      0.419     -0.694      0.000 4
  -1   -2      0.421      1.071      0.000 4
 344  337      0.425     -1.143      0.000 4
 345  338      0.439     -0.628      0.000 4
 347  339      0.445      0.579      0.000 4
  -1  340      0.445     -0.820      0.000 4
 360   -2      0.449      0.215      0.000 4
 348  344      0.449     -0.450      0.000 4
 349  343      0.450      0.759      0.000 4
 350  342      0.452      0.325      0.000 4
  -1   -2      0.463     -1.172      0.000 4
 351  352      0.466     -0.683      0.000 4
 352  345      0.468     -0.039      0.000 4
 364  346      0.469      0.698      0.000 4
 357  347      0.483      0.929      0.000 4
 354   -2      0.483     -0.371      0.000 4
 353   -2      0.484     -1.133      0.000 4
 358  349      0.487     -0.816      0.000 4
  -1  357      0.489     -0.929      0.000 4
 361  351      0.490      0.786      0.000 4
 359   -2      0.491     -0.642      0.000 4
  -1  353      0.502     -0.978      0.000 4
  -1  350      0.508     -1.170      0.000 4
 367  355      0.535      0.869      0.000 4
 362  367      0.536     -0.929      0.000 4
 368  356      0.536     -0.590      0.000 4
 369  358      0.545     -0.047      0.000 4
 370  360      0.554      0.931      0.000 4
 372  359      0.556      0.519      0.000 4
 371  363      0.558     -0.974      0.000 4
 373  361      0.560      0.559      0.000 4
 374  364      0.568      1.063      0.000 4
 375   -2      0.583      0.836      0.000 4
 376  366      0.586      0.335      0.000 4
 377   -2      0.593     -0.909      0.000 4
 378  368      0.595     -0.759      0.000 4
  -1  365      0.599      0.733      0.000 4
 379  370      0.607     -1.015      0.000 4
 381  371      0.609     -0.651      0.000 4
 380  369      0.609      0.503      0.000 4
 384  376      0.625     -1.159      0.000 4
 385  373      0.625     -0.851      0.000 4
 386  374      0.633      0.877      0.000 4
 387  375      0.634      0.961      0.000 4
 388  377      0.641     -0.484      0.000 4
 403   -2      0.683     -0.510      0.000 4
 390  379      0.684     -1.040      0.000 4
 391  378      0.688      0.265      0.000 4
  -1  388      0.690     -1.162      0.000 4
 392  380      0.694     -0.382      0.000 4
 393   -2      0.699     -0.870      0.000 4
 394   -2      0.706     -0.707      0.000 4
  -1  382      0.708     -0.787      0.000 4
 395  383      0.712      1.099      0.000 4
 396   -2      0.718     -1.110      0.000 4
 397   -2      0.719     -1.002      0.000 4
 399  386      0.732      0.348      0.000 4
 400  385      0.734      0.400      0.000 4
  -1   -2      0.739     -0.144      0.000 4
  -1  381      0.741     -0.793      0.000 4
 401  389      0.743      0.656      0.000 4
 402  390      0.747     -0.648      0.000 4
 389   -2      0.748     -0.075      0.000 4
 405  384      0.770      1.052      0.000 4
 406  391      0.779      0.932      0.000 4
 407   -2      0.781     -0.823      0.000 4
 410  392      0.784     -1.031      0.000 4
 408  393      0.788     -0.035      0.000 4
  -1  402      0.797     -0.234      0.000 4
 409  394      0.797      0.096      0.000 4
 412  395      0.806     -1.133      0.000 4
 411   -2      0.813      0.628      0.000 4
 413  396      0.814      0.915      0.000 4
 414  397      0.817     -0.547      0.000 4
  -1  398      0.824     -0.879      0.000 4
 415  399      0.830      0.169      0.000 4
 416  400      0.838     -0.797      0.000 4
 417   -2      0.842     -0.265      0.000 4
 418  401      0.842     -0.154      0.000 4
 421  406      0.845     -1.078      0.000 4
 420   -2      0.846      0.530      0.000 4
 422  404      0.848      0.434      0.000 4
 423  410      0.850      0.308      0.000 4
 424  405      0.852      0.667      0.000 4
 425  408      0.859      0.718      0.000 4
 426   -2      0.860      0.775      0.000 4
  -1   -2      0.860     -1.059      0.000 4
 427  411      0.869     -0.285      0.000 4
 429  412      0.873     -0.455      0.000 4
 428  413      0.875      1.081      0.000 4
 430  414      0.886      0.239      0.000 4
  -1   -2      0.894      1.136      0.000 4
 433  417      0.899     -0.875      0.000 4
 432  420      0.900     -1.135      0.000 4
 434   -2      0.900      1.112      0.000 4
 436  418      0.901     -0.544      0.000 4
 435  421      0.901     -1.006      0.000 4
  -1  409      0.904      0.816      0.000 4
 437  422      0.909     -0.801      0.000 4
 438  423      0.916      0.536      0.000 4
 440  424      0.924     -0.251      0.000 4
  -1  428      0.931     -1.000      0.000 4
 442  426      0.934      0.462      0.000 4
  -1  415      0.935     -1.078      0.000 4
 444  429      0.937     -0.867      0.000 4
 445  430      0.940     -0.700      0.000 4
 447   -2      0.964     -0.032      0.000 4
 446   -2      0.967     -0.733      0.000 4
 452  425      0.972     -0.238      0.000 4
 450  433      0.982     -1.117      0.000 4
 454  434      0.986      0.694      0.000 4
  -1  431      0.988     -0.045      0.000 4
 451  435      1.000     -0.587      0.000 4
 453  436      1.005     -0.001      0.000 4
  -1  437      1.021      0.722      0.000 4
  -1  438      1.031      0.593      0.000 4
 456  439      1.032      0.841      0.000 4
 455   -2      1.033      0.259      0.000 4
 457  441      1.043      0.103      0.000 4
 459  443      1.053      0.975      0.000 4
  -1  447      1.069     -1.150      0.000 4
 460  446      1.070     -1.173      0.000 4
 462  448      1.077     -0.638      0.000 4
 463  450      1.107      1.032      0.000 4
 464  451      1.111     -0.959      0.000 4
 473  440      1.133      0.270      0.000 4
 465  453      1.135     -0.536      0.000 4
 466  454      1.137     -0.760      0.000 4
  -1  455      1.148     -0.846      0.000 4
 468   -2      1.151      0.876      0.000 4
 472  457      1.157      1.029      0.000 4
 470  458      1.159     -1.061      0.000 4
  -1  459      1.166      0.553      0.000 4
  -1  461      1.182     -0.353      0.000 4
  -1  462      1.182     -1.172      0.000 4
  -1   -2      1.192     -1.152      0.000 4
 475  463      1.196     -0.477      0.000 4
 477  464      1.211      0.391      0.000 4
 478   -2      1.222     -0.543      0.000 4
 479  466      1.224      0.990      0.000 4
  -1  468      1.235     -1.093      0.000 4
 481  469      1.249     -0.482      0.000 4
 474   -2      1.254     -1.133      0.000 4
 482  470      1.254      0.922      0.000 4
 485  471      1.278     -0.454      0.000 4
 486  478      1.290     -1.170      0.000 4
  -1  472      1.293      0.724      0.000 4
 487  473      1.300     -0.532      0.000 4
  -1  474      1.324      0.171      0.000 4
 490  477      1.342     -1.038      0.000 4
 484   -2      1.363     -0.210      0.000 4
 491  480      1.364      1.073      0.000 4
 493  482      1.366     -0.894      0.000 4
 494  481      1.367      0.503      0.000 4
 496  483      1.369      0.237      0.000 4
 495  484      1.370     -0.307      0.000 4
 497  485      1.384     -0.950      0.000 4
 499  486      1.388     -0.426      0.000 4
 498  487      1.389     -0.364      0.000 4
 502  488      1.405      0.567      0.000 4
 500   -2      1.405     -1.166      0.000 4
 501  489      1.408     -0.898      0.000 4
 503  490      1.417     -0.337      0.000 4
 504  491      1.435      0.267      0.000 4
 505  492      1.439      0.794      0.000 4
 508   -2      1.448      1.028      0.000 4
 506  494      1.449     -1.006      0.000 4
 509  495      1.461     -1.125      0.000 4
  -1  496      1.465      0.985      0.000 4
 511  497      1.470     -0.035      0.000 4
 510  498      1.471     -0.697      0.000 4
 512  499      1.475     -0.170      0.000 4
 526  479      1.476     -0.218      0.000 4
 513  500      1.477      0.413      0.000 4
 514  502      1.491      0.081      0.000 4
  -1  504      1.507     -1.018      0.000 4
 515  506      1.514      0.677      0.000 4
 517  507      1.516      0.556      0.000 4
 516  508      1.517      1.173      0.000 4
 518  509      1.521      1.055      0.000 4
 520  510      1.530      0.366      0.000 4
 519  511      1.531     -1.158      0.000 4
 522   -2      1.537      0.755      0.000 4
  -1   -2      1.539      0.105      0.000 4
 524  515      1.545     -0.983      0.000 4
 523  514      1.545     -0.866      0.000 4
  -1  513      1.548      0.798      0.000 4
 527  516      1.556     -0.761      0.000 4
 528  517      1.557      1.096      0.000 4
 529  518      1.565      0.436      0.000 4
