521
   0    1     -1.573      0.908      0.000 4
   2    2     -1.570     -0.803      0.000 4
  -1   -2     -1.565     -0.471      0.000 4
   3   -2     -1.553     -0.142      0.000 4
   5    4     -1.540      0.233      0.000 4
   7    7     -1.524      0.296      0.000 4
   8    6     -1.521     -1.170      0.000 4
   9    8     -1.520      0.559      0.000 4
  11    9     -1.514      0.437      0.000 4
  12   10     -1.509      0.695      0.000 4
  13   11     -1.507     -0.316      0.000 4
  10   12     -1.498     -1.079      0.000 4
  14   14     -1.494      0.162      0.000 4
  -1   13     -1.494      0.905      0.000 4
  16   22     -1.489     -0.415      0.000 4
  -1   16     -1.482      0.607      0.000 4
  17   18     -1.468      0.515      0.000 4
  18   17     -1.467      1.054      0.000 4
  20   19     -1.461      0.362      0.000 4
  19   20     -1.455     -0.321      0.000 4
  21   21     -1.453     -0.641      0.000 4
  22   -2     -1.450     -0.370      0.000 4
  23   23     -1.444     -1.013      0.000 4
  24   24     -1.437      0.744      0.000 4
  -1   25     -1.433      1.157      0.000 4
  25   28     -1.427      0.301      0.000 4
  -1   27     -1.427     -1.130      0.000 4
  26   -2     -1.418      0.794      0.000 4
  28   29     -1.413     -0.408      0.000 4
  27   30     -1.411      0.066      0.000 4
  31   32     -1.406      0.670      0.000 4
  30   -2     -1.405     -0.229      0.000 4
  37   31     -1.398     -1.173      0.000 4
  -1   -2     -1.393      0.017      0.000 4
  32   -2     -1.391      0.638      0.000 4
  -1   -2     -1.375     -1.127      0.000 4
  34   38     -1.362     -0.008      0.000 4
  35   39     -1.356      1.150      0.000 4
  36   41     -1.351      0.177      0.000 4
  39   -2     -1.350      0.721      0.000 4
  38   40     -1.350     -0.929      0.000 4
  -1   42     -1.344      0.331      0.000 4
  40   43     -1.331     -1.072      0.000 4
  41   44     -1.328      0.958      0.000 4
  43   -2     -1.322      0.923      0.000 4
  42   45     -1.321     -0.356      0.000 4
  44   46     -1.317      0.576      0.000 4
  -1   33     -1.311      0.687      0.000 4
  -1   48     -1.307     -1.107      0.000 4
  -1   51     -1.306      0.401      0.000 4
  46   -2     -1.303     -1.169      0.000 4
  47   52     -1.300     -0.848      0.000 4
  -1   54     -1.283     -0.872      0.000 4
  -1   55     -1.274      0.530      0.000 4
  49   56     -1.271     -0.650      0.000 4
  50   57     -1.265     -0.549      0.000 4
  51   58     -1.263     -1.041      0.000 4
  52   -2     -1.257     -1.013      0.000 4
  53   60     -1.245      1.024      0.000 4
  -1   -2     -1.245     -0.128      0.000 4
  56   62     -1.230     -0.862      0.000 4
  63   49     -1.228     -1.170      0.000 4
  -1   -2     -1.226     -0.272      0.000 4
  57   63     -1.220      0.854      0.000 4
  58   65     -1.208     -0.665      0.000 4
  59   66     -1.203     -1.083      0.000 4
  60   67     -1.198      0.746      0.000 4
  62   70     -1.172      0.413      0.000 4
  64   71     -1.167     -0.579      0.000 4
  65   72     -1.166     -0.893      0.000 4
  -1   76     -1.165     -0.360      0.000 4
  68   73     -1.164     -1.112      0.000 4
  66   74     -1.164      1.057      0.000 4
  67   75     -1.163     -0.855      0.000 4
  69   80     -1.148     -0.433      0.000 4
  70   78     -1.136      0.665      0.000 4
  71   79     -1.135     -0.110      0.000 4
  72   -2     -1.118     -0.384      0.000 4
  73   81     -1.115      1.060      0.000 4
  74   83     -1.105      0.406      0.000 4
  76   84     -1.103     -0.291      0.000 4
  75   85     -1.099     -0.492      0.000 4
  78   87     -1.089     -1.084      0.000 4
  79   88     -1.083      0.486      0.000 4
  80   89     -1.078      0.818      0.000 4
  81   90     -1.068     -0.163      0.000 4
  83   91     -1.059      0.397      0.000 4
  82   -2     -1.057      0.274      0.000 4
  -1   98     -1.054     -0.800      0.000 4
  84   93     -1.050      0.589      0.000 4
  -1   96     -1.047     -0.743      0.000 4
  77  101     -1.042     -1.171      0.000 4
  86   94     -1.038     -0.222      0.000 4
  87   97     -1.022     -0.440      0.000 4
  88  100     -1.020      0.344      0.000 4
  89   -2     -1.016     -0.879      0.000 4
  91  103     -1.004      0.922      0.000 4
  93  104     -0.999      1.038      0.000 4
  95   -2     -0.980     -0.588      0.000 4
  96   -2     -0.980     -0.950      0.000 4
  97   -2     -0.977     -1.013      0.000 4
  98  105     -0.966      1.065      0.000 4
  99  107     -0.959      0.311      0.000 4
 101  106     -0.954     -1.133      0.000 4
 100  108     -0.949      0.574      0.000 4
  -1  109     -0.944     -1.020      0.000 4
  -1   -2     -0.943     -0.089      0.000 4
 102   -2     -0.940      0.506      0.000 4
 103  111     -0.937     -0.953      0.000 4
 105   -2     -0.908      0.908      0.000 4
 106   -2     -0.908      1.092      0.000 4
 107  117     -0.905     -1.070      0.000 4
 108  122     -0.898      0.694      0.000 4
 109  112     -0.887     -0.135      0.000 4
  -1  113     -0.875     -1.169      0.000 4
 112  115     -0.875     -0.617      0.000 4
 113  114     -0.875     -0.748      0.000 4
 111  116     -0.874     -0.215      0.000 4
 116  118     -0.868      0.330      0.000 4
 118  119     -0.866     -0.050      0.000 4
 117  121     -0.862     -0.007      0.000 4
 119  120     -0.860     -0.697      0.000 4
 110   -2     -0.848      0.419      0.000 4
  -1  123     -0.844     -0.490      0.000 4
 120   -2     -0.844      0.732      0.000 4
 125  126     -0.833     -1.087      0.000 4
 122  124     -0.832      0.266      0.000 4
  -1  127     -0.831      0.390      0.000 4
 123  129     -0.830      0.315      0.000 4
 126  128     -0.825      1.046      0.000 4
 127  130     -0.821      1.092      0.000 4
  -1  148     -0.819     -0.905      0.000 4
 128  132     -0.817      0.816      0.000 4
 129  134     -0.802     -0.056      0.000 4
 124  136     -0.796      0.381      0.000 4
 131  135     -0.795      0.991      0.000 4
  -1  133     -0.793     -1.102      0.000 4
 133  137     -0.792      0.882      0.000 4
 135  138     -0.791     -0.754      0.000 4
 134   -2     -0.790     -0.801      0.000 4
 132  139     -0.790      0.036      0.000 4
 136  141     -0.782     -0.442      0.000 4
 138  143     -0.759     -1.076      0.000 4
 137  144     -0.758      0.139      0.000 4
 140   -2     -0.754     -0.930      0.000 4
 139  147     -0.751     -0.145      0.000 4
  -1  146     -0.751     -0.348      0.000 4
  -1  145     -0.744      0.515      0.000 4
 141  158     -0.736      0.974      0.000 4
 130  168     -0.736     -0.963      0.000 4
  -1  149     -0.731     -1.167      0.000 4
 144  151     -0.728     -1.009      0.000 4
 145  153     -0.723     -0.100      0.000 4
 146  152     -0.722      0.764      0.000 4
  -1   -2     -0.711      0.668      0.000 4
 149  150     -0.710      0.066      0.000 4
 148  154     -0.708     -0.548      0.000 4
 150  155     -0.702      0.866      0.000 4
  -1   -2     -0.693      0.217      0.000 4
 151  156     -0.691      0.718      0.000 4
 158  157     -0.689     -0.636      0.000 4
 155   -2     -0.687      0.998      0.000 4
 153  170     -0.687      0.425      0.000 4
 154  159     -0.686      1.053      0.000 4
 156   -2     -0.680     -1.125      0.000 4
  -1  163     -0.676     -0.896      0.000 4
 159  162     -0.659     -0.299      0.000 4
 161  164     -0.642      1.135      0.000 4
 163  165     -0.633     -1.068      0.000 4
 162  166     -0.631     -0.756      0.000 4
 165  169     -0.627     -0.422      0.000 4
 174  160     -0.627     -1.109      0.000 4
 167   -2     -0.624     -0.996      0.000 4
 168  172     -0.620      0.875      0.000 4
 169  173     -0.617     -0.500      0.000 4
 171  175     -0.610      0.047      0.000 4
 170  178     -0.593      0.340      0.000 4
 173  176     -0.590     -0.761      0.000 4
 147   -2     -0.571     -0.224      0.000 4
 175  180     -0.565      0.471      0.000 4
 176  181     -0.563     -0.499      0.000 4
 177   -2     -0.562      0.529      0.000 4
 178  182     -0.559      1.037      0.000 4
 179  184     -0.549      0.661      0.000 4
 180  183     -0.546     -0.963      0.000 4
  -1  186     -0.531      1.162      0.000 4
 182  187     -0.528      0.080      0.000 4
 185  188     -0.524      0.184      0.000 4
 186  190     -0.503     -0.046      0.000 4
 183  193     -0.500     -1.171      0.000 4
 187  191     -0.493      0.950      0.000 4
 188  192     -0.487     -0.661      0.000 4
 189  194     -0.485     -0.121      0.000 4
 191  196     -0.472     -0.274      0.000 4
 192  197     -0.458      0.438      0.000 4
 194  199     -0.441     -0.926      0.000 4
 195  200     -0.430     -0.815      0.000 4
  -1   -2     -0.430      1.177      0.000 4
 199   -2     -0.426     -1.030      0.000 4
 197  202     -0.422      0.314      0.000 4
 198  203     -0.420      0.728      0.000 4
  -1  204     -0.415     -1.119      0.000 4
 200  206     -0.410     -0.173      0.000 4
 201  205     -0.407     -0.585      0.000 4
 202  207     -0.399      1.041      0.000 4
 203  208     -0.393     -0.276      0.000 4
 205   -2     -0.388     -0.643      0.000 4
 204  210     -0.388      0.705      0.000 4
 206  211     -0.385     -0.240      0.000 4
 207  212     -0.379     -0.934      0.000 4
  -1  209     -0.374     -0.719      0.000 4
 208  213     -0.371      1.032      0.000 4
 210  214     -0.364      0.960      0.000 4
 211  218     -0.354      0.845      0.000 4
 212  219     -0.332     -0.549      0.000 4
 213  220     -0.320      0.516      0.000 4
 215  221     -0.320      0.298      0.000 4
 216  222     -0.310      0.768      0.000 4
 217  223     -0.306     -0.900      0.000 4
 218  224     -0.296     -0.449      0.000 4
 219  226     -0.290     -0.950      0.000 4
  -1  225     -0.290     -1.120      0.000 4
 221  228     -0.284     -1.161      0.000 4
 222  229     -0.274      0.398      0.000 4
 225  230     -0.262     -1.037      0.000 4
 224  231     -0.261     -0.378      0.000 4
 226  233     -0.250     -0.648      0.000 4
 227  235     -0.244      0.120      0.000 4
 232  240     -0.224      0.513      0.000 4
 229  243     -0.223     -1.093      0.000 4
 233  242     -0.216      0.014      0.000 4
 234  241     -0.215      0.679      0.000 4
 220  250     -0.213     -0.202      0.000 4
 236  258     -0.211      1.029      0.000 4
 230   -2     -0.210      0.373      0.000 4
 243  244     -0.187     -1.157      0.000 4
 239  245     -0.187     -0.117      0.000 4
 237  247     -0.185     -0.505      0.000 4
 240   -2     -0.183      0.074      0.000 4
 242  246     -0.177     -0.253      0.000 4
 244  248     -0.156     -0.737      0.000 4
 246  249     -0.145     -0.621      0.000 4
  -1   -2     -0.142     -1.121      0.000 4
 245   -2     -0.140     -0.176      0.000 4
 248  251     -0.133      0.365      0.000 4
 249  252     -0.130     -0.978      0.000 4
 247  253     -0.130      0.460      0.000 4
 250   -2     -0.126      0.733      0.000 4
 251  255     -0.120     -0.076      0.000 4
 252  256     -0.120      0.590      0.000 4
  -1  257     -0.117     -1.174      0.000 4
  -1   -2     -0.112     -0.906      0.000 4
  -1  259     -0.108      0.314      0.000 4
  -1  260     -0.104     -1.105      0.000 4
  -1  275     -0.094      0.827      0.000 4
 253  262     -0.089      0.215      0.000 4
 254  263     -0.084      1.095      0.000 4
 255  264     -0.081     -0.151      0.000 4
 258  261     -0.081     -0.599      0.000 4
 260  267     -0.068     -0.307      0.000 4
 261  268     -0.066      0.332      0.000 4
 262  271     -0.056      0.556      0.000 4
 263  272     -0.042     -0.005      0.000 4
 280  254     -0.030      1.152      0.000 4
 267  277     -0.013     -0.443      0.000 4
 270   -2     -0.003     -0.124      0.000 4
 268  278     -0.001      0.537      0.000 4
 271  279      0.001      0.296      0.000 4
 273  280      0.013      0.929      0.000 4
 275  281      0.016      0.813      0.000 4
  -1  282      0.019      0.349      0.000 4
 272  289      0.020      0.042      0.000 4
  -1  297      0.024     -0.214      0.000 4
 283  285      0.025     -0.996      0.000 4
 278  286      0.036      0.544      0.000 4
  -1  294      0.040     -0.649      0.000 4
 269  283      0.042     -1.169      0.000 4
 279  287      0.045      0.316      0.000 4
  -1  288      0.047     -1.058      0.000 4
 293   -2      0.051     -0.044      0.000 4
 282  290      0.062      0.855      0.000 4
 284  291      0.064      0.617      0.000 4
 285  292      0.067     -1.030      0.000 4
 286  293      0.076     -0.870      0.000 4
 289   -2      0.088     -0.937      0.000 4
 292   -2      0.093     -0.666      0.000 4
 291  295      0.093      0.144      0.000 4
  -1   -2      0.101     -1.045      0.000 4
 281   -2      0.102     -0.157      0.000 4
 294  298      0.104      0.102      0.000 4
  -1  299      0.104     -0.051      0.000 4
  -1  296      0.114     -1.103      0.000 4
 274   -2      0.120      0.380      0.000 4
 297  302      0.138      0.801      0.000 4
 298  301      0.138     -0.951      0.000 4
 299  307      0.142     -0.552      0.000 4
 300  303      0.146     -0.447      0.000 4
  -1   -2      0.147      0.640      0.000 4
 302  306      0.156      0.992      0.000 4
 304  308      0.177      0.345      0.000 4
 305  309      0.186     -0.649      0.000 4
  -1   -2      0.188     -0.854      0.000 4
 306  310      0.194     -1.150      0.000 4
  -1  311      0.199      1.023      0.000 4
 308   -2      0.207      0.915      0.000 4
 311  314      0.216      0.028      0.000 4
 310  313      0.216     -0.963      0.000 4
 309  316      0.217     -1.173      0.000 4
 312  315      0.217      0.527      0.000 4
  -1  317      0.223      0.993      0.000 4
 314  319      0.228     -0.832      0.000 4
 315  320      0.240     -0.139      0.000 4
 326  304      0.243      0.667      0.000 4
 316  321      0.258      0.917      0.000 4
 318   -2      0.261     -0.852      0.000 4
 320  324      0.263     -0.348      0.000 4
 313  336      0.266     -0.312      0.000 4
 322  325      0.274      1.134      0.000 4
  -1   -2      0.276      0.689      0.000 4
 323  326      0.278      1.060      0.000 4
 325  327      0.281      0.230      0.000 4
 317  328      0.297      0.124      0.000 4
 328  329      0.302     -0.965      0.000 4
 330  331      0.310     -0.069      0.000 4
 331  332      0.317     -1.096      0.000 4
 332  333      0.319     -1.175      0.000 4
 333  334      0.325      0.053      0.000 4
 334   -2      0.330     -0.368      0.000 4
 319   -2      0.333     -0.561      0.000 4
 335  337      0.335      0.969      0.000 4
 336  339      0.357      1.017      0.000 4
 337  340      0.363     -0.382      0.000 4
 339  341      0.367     -1.139      0.000 4
 340  343      0.379     -0.768      0.000 4
 341  345      0.382      0.054      0.000 4
  -1  330      0.382      0.623      0.000 4
  -1  346      0.385      1.077      0.000 4
 343  347      0.398      0.278      0.000 4
 344  348      0.399     -0.386      0.000 4
 345  349      0.407     -0.437      0.000 4
 346  350      0.409      0.157      0.000 4
 347  352      0.420     -1.075      0.000 4
 348  353      0.422     -0.848      0.000 4
 350  355      0.431     -0.636      0.000 4
 351  356      0.443      1.169      0.000 4
  -1  364      0.444      0.665      0.000 4
 352  357      0.444      0.001      0.000 4
 353  358      0.450     -1.171      0.000 4
 342   -2      0.451     -0.952      0.000 4
 354  359      0.452     -0.575      0.000 4
 356  362      0.468     -0.408      0.000 4
 338   -2      0.476      0.530      0.000 4
 357   -2      0.477      0.698      0.000 4
  -1  365      0.481     -1.073      0.000 4
  -1  366      0.484     -1.125      0.000 4
 360  368      0.491      0.300      0.000 4
 362  369      0.495     -0.762      0.000 4
 363  370      0.498     -0.028      0.000 4
  -1  371      0.500     -0.916      0.000 4
 349   -2      0.508      0.859      0.000 4
 371   -2      0.516     -0.594      0.000 4
 366  376      0.521      0.728      0.000 4
 361  396      0.531     -1.172      0.000 4
  -1   -2      0.531      1.007      0.000 4
 368  377      0.532     -0.867      0.000 4
 369  378      0.550     -0.895      0.000 4
  -1  373      0.554     -0.339      0.000 4
 370  379      0.555      0.366      0.000 4
 383  374      0.564      0.805      0.000 4
 373  383      0.581      0.868      0.000 4
 375  384      0.582     -0.037      0.000 4
 376  385      0.586      0.996      0.000 4
 377  386      0.600      0.479      0.000 4
 379  387      0.603      0.516      0.000 4
 380   -2      0.607     -0.968      0.000 4
 381  390      0.610     -0.719      0.000 4
 388  392      0.624     -1.118      0.000 4
 378  399      0.628     -1.063      0.000 4
 386  395      0.633     -0.811      0.000 4
 384   -2      0.639     -0.660      0.000 4
 390   -2      0.646     -1.169      0.000 4
 393  398      0.655      0.466      0.000 4
 394  402      0.661      0.901      0.000 4
 389  405      0.665     -0.438      0.000 4
 395  404      0.667      0.818      0.000 4
 396   -2      0.671     -0.475      0.000 4
 408  388      0.682     -1.010      0.000 4
 397  409      0.705     -0.841      0.000 4
 401   -2      0.722     -0.681      0.000 4
 392   -2      0.727      1.041      0.000 4
 402  411      0.728     -0.365      0.000 4
 410  408      0.733     -1.064      0.000 4
 406  413      0.739      0.246      0.000 4
 405  424      0.769     -1.099      0.000 4
 409  415      0.769     -0.628      0.000 4
  -1  419      0.784     -1.030      0.000 4
 413  418      0.789      0.326      0.000 4
 414  417      0.790      0.374      0.000 4
 420  421      0.793     -0.811      0.000 4
 415  420      0.795      0.614      0.000 4
 416  423      0.797     -0.980      0.000 4
 417   -2      0.802      1.027      0.000 4
 419   -2      0.807      0.888      0.000 4
  -1   -2      0.840     -0.233      0.000 4
 421  428      0.841     -0.039      0.000 4
  -1  429      0.844     -1.121      0.000 4
 423   -2      0.845     -0.539      0.000 4
 425  430      0.847      1.052      0.000 4
 426  431      0.849      0.871      0.000 4
 424  432      0.850     -1.063      0.000 4
 437  433      0.850      1.103      0.000 4
 430  436      0.858      0.086      0.000 4
 431  427      0.874     -0.201      0.000 4
 434  438      0.889     -0.260      0.000 4
 433  439      0.889     -0.665      0.000 4
 427  441      0.891      1.042      0.000 4
 429  462      0.892     -1.160      0.000 4
 435  440      0.893      0.156      0.000 4
 436  442      0.896     -0.155      0.000 4
 448   -2      0.901     -1.005      0.000 4
 440   -2      0.905      0.224      0.000 4
  -1   -2      0.906      0.502      0.000 4
 443  445      0.906      0.635      0.000 4
 442  446      0.907     -0.454      0.000 4
 444  447      0.911      0.684      0.000 4
 445  448      0.913      0.410      0.000 4
  -1  450      0.917     -0.290      0.000 4
 447  449      0.917      0.286      0.000 4
 446  452      0.922      1.151      0.000 4
 449  454      0.930     -0.543      0.000 4
 450  455      0.930     -1.079      0.000 4
  -1   -2      0.946     -0.868      0.000 4
 452  458      0.948      0.786      0.000 4
 451  457      0.949      0.225      0.000 4
  -1   -2      0.954      0.558      0.000 4
  -1   -2      0.962      0.021      0.000 4
  -1   -2      0.964     -0.048      0.000 4
 459   -2      0.970     -0.255      0.000 4
 455  461      0.975     -1.125      0.000 4
 456  459      0.976     -0.158      0.000 4
 457  460      0.980      0.512      0.000 4
  -1  453      0.982     -0.887      0.000 4
 464   -2      0.994      0.443      0.000 4
 461  465      1.021     -0.247      0.000 4
 462  466      1.024     -0.041      0.000 4
 460  467      1.024     -0.598      0.000 4
  -1   -2      1.033      1.033      0.000 4
 474  468      1.044      0.661      0.000 4
 465  471      1.047     -0.341      0.000 4
 467  472      1.060     -0.706      0.000 4
 469  473      1.066     -0.011      0.000 4
 463  476      1.073      0.705      0.000 4
 470  477      1.075      0.827      0.000 4
 471  479      1.078      1.160      0.000 4
 472  478      1.079      0.961      0.000 4
 475  480      1.097     -0.660      0.000 4
 486   -2      1.099      0.254      0.000 4
 476  481      1.109      0.091      0.000 4
 477  482      1.114     -0.986      0.000 4
 478  483      1.122      1.026      0.000 4
 480  484      1.145     -0.792      0.000 4
 481  487      1.153     -1.096      0.000 4
 482  486      1.154     -0.877      0.000 4
 483  488      1.159     -0.564      0.000 4
 484   -2      1.186      0.880      0.000 4
  -1  489      1.191      0.960      0.000 4
 485  490      1.204      0.021      0.000 4
  -1  491      1.218     -0.382      0.000 4
 487  492      1.222     -0.203      0.000 4
 488  494      1.223     -0.511      0.000 4
 489   -2      1.231      0.551      0.000 4
 491  495      1.244     -0.581      0.000 4
 497  485      1.251     -1.169      0.000 4
 492  496      1.252      1.000      0.000 4
 493  498      1.263     -0.160      0.000 4
 494  501      1.275     -0.521      0.000 4
 495  500      1.276      0.397      0.000 4
 498  503      1.304     -0.497      0.000 4
 499  505      1.322     -0.581      0.000 4
 500  502      1.325      0.432      0.000 4
  -1  506      1.330     -1.174      0.000 4
  -1  493      1.344      0.742      0.000 4
 501  507      1.346     -1.092      0.000 4
 502  508      1.370     -0.952      0.000 4
 504  509      1.377      0.169      0.000 4
 506  511      1.387      1.104      0.000 4
 505  512      1.397     -0.989      0.000 4
 507   -2      1.398     -0.256      0.000 4
 508  514      1.400     -0.352      0.000 4
  -1  513      1.405     -0.228      0.000 4
 512   -2      1.413     -0.476      0.000 4
 513  518      1.415     -0.414      0.000 4
  -1  525      1.419     -0.659      0.000 4
 514  516      1.420      0.237      0.000 4
  -1  517      1.421      0.526      0.000 4
  -1  526      1.434     -1.174      0.000 4
 518   -2      1.444     -0.385      0.000 4
 520  519      1.451     -1.072      0.000 4
  -1  520      1.458      0.598      0.000 4
  -1  515      1.478     -0.466      0.000 4
 521  524      1.480     -0.766      0.000 4
 522  522      1.480      0.836      0.000 4
 523  523      1.482      0.275      0.000 4
 524   -2      1.486     -0.728      0.000 4
  -1  521      1.497      1.036      0.000 4
 525  527      1.502     -0.056      0.000 4
 526  528      1.505     -0.209      0.000 4
  -1   -2      1.515     -0.764      0.000 4
 527  529      1.524      0.437      0.000 4
 539  531      1.528      0.068      0.000 4
 530  530      1.536     -1.175      0.000 4
 532  533      1.544      1.105      0.000 4
 533  534      1.548     -0.631      0.000 4
 534  537      1.553     -1.054      0.000 4
 535  535      1.554     -0.940      0.000 4
 536  536      1.554      0.723      0.000 4
 537  538      1.560      0.596      0.000 4
 538  539      1.565     -0.835      0.000 4
  -1  532      1.566     -0.903      0.000 4
 540  540      1.568      0.100      0.000 4
 541  541      1.571      0.387      0.000 4
