518
  -1   -2     -1.574     -0.743      0.000 4
  -1    0     -1.571     -1.150      0.000 4
   0    1     -1.564      0.845      0.000 4
   1    2     -1.560     -0.020      0.000 4
   2    4     -1.555      0.256      0.000 4
   3    3     -1.541      0.798      0.000 4
   5    5     -1.532     -1.035      0.000 4
  15   -2     -1.510     -1.157      0.000 4
   6   10     -1.504      0.218      0.000 4
   7   11     -1.499      0.318      0.000 4
   9   13     -1.487      0.273      0.000 4
  11   -2     -1.483      0.851      0.000 4
  13   16     -1.481     -0.282      0.000 4
  12   15     -1.481      0.644      0.000 4
  14   17     -1.478      0.403      0.000 4
  -1   -2     -1.467     -0.375      0.000 4
  16   18     -1.466      0.996      0.000 4
  17   21     -1.456      0.155      0.000 4
  19   19     -1.456     -0.960      0.000 4
  20   22     -1.445     -0.592      0.000 4
  -1   -2     -1.440      0.343      0.000 4
   4   -2     -1.440     -0.083      0.000 4
   8   23     -1.429      0.477      0.000 4
  22   24     -1.427     -0.286      0.000 4
  10   -2     -1.426     -0.698      0.000 4
  21   25     -1.424     -0.333      0.000 4
  24   27     -1.413      0.695      0.000 4
  23   26     -1.412      0.333      0.000 4
  -1   14     -1.388      0.841      0.000 4
  25   31     -1.385     -0.373      0.000 4
  26   32     -1.382      0.279      0.000 4
  33   -2     -1.380     -1.123      0.000 4
  28   33     -1.373      0.628      0.000 4
  44   -2     -1.371     -0.203      0.000 4
  -1   -2     -1.367     -1.169      0.000 4
  29   35     -1.366      0.066      0.000 4
  30   34     -1.366      1.097      0.000 4
  31   37     -1.360     -0.880      0.000 4
  32   -2     -1.354      0.597      0.000 4
  34   39     -1.353     -1.023      0.000 4
  -1   38     -1.353     -0.703      0.000 4
  -1   36     -1.344     -0.516      0.000 4
  35   41     -1.330      1.012      0.000 4
  36   43     -1.327     -1.123      0.000 4
  -1   42     -1.327     -0.984      0.000 4
  39   45     -1.321      0.913      0.000 4
  40   47     -1.314     -0.003      0.000 4
  42   -2     -1.304     -0.804      0.000 4
  43   49     -1.299      0.167      0.000 4
  46   48     -1.288     -0.830      0.000 4
  47   51     -1.285     -0.328      0.000 4
  49   53     -1.279     -0.972      0.000 4
  38   55     -1.274      0.646      0.000 4
  48   54     -1.273      0.544      0.000 4
  52   57     -1.259     -0.614      0.000 4
  53   59     -1.249      0.388      0.000 4
  54   -2     -1.241      0.984      0.000 4
  55   60     -1.239     -0.515      0.000 4
  56   61     -1.234     -0.822      0.000 4
  -1   -2     -1.227     -0.581      0.000 4
  60   62     -1.209     -1.115      0.000 4
  61   63     -1.200      0.818      0.000 4
  63   -2     -1.191     -1.076      0.000 4
  -1   -2     -1.184      0.841      0.000 4
  65   73     -1.174      0.608      0.000 4
  66   67     -1.169     -0.857      0.000 4
  67   69     -1.167      0.716      0.000 4
  68   68     -1.166     -0.820      0.000 4
  69   70     -1.161      1.030      0.000 4
  -1   71     -1.156      0.990      0.000 4
  -1   -2     -1.148     -1.082      0.000 4
  -1   72     -1.146     -0.994      0.000 4
  -1   -2     -1.141      0.621      0.000 4
  70   74     -1.122     -0.342      0.000 4
  72   75     -1.115      1.031      0.000 4
  71   77     -1.113      0.397      0.000 4
  73   76     -1.111     -1.051      0.000 4
  74   -2     -1.110     -1.012      0.000 4
  -1   -2     -1.096      0.430      0.000 4
  75   -2     -1.094      0.641      0.000 4
  -1   -2     -1.082      0.058      0.000 4
  77   79     -1.076     -0.368      0.000 4
  76   80     -1.075     -0.104      0.000 4
  78   83     -1.067     -0.473      0.000 4
  -1   82     -1.067     -0.681      0.000 4
  79   85     -1.053     -0.280      0.000 4
  82   -2     -1.051     -0.305      0.000 4
  80   86     -1.050      0.796      0.000 4
  81   87     -1.045      0.393      0.000 4
  84   84     -1.037     -1.171      0.000 4
  98   78     -1.036     -1.049      0.000 4
  86   89     -1.025      0.473      0.000 4
  87   90     -1.018     -0.855      0.000 4
  88   91     -1.008     -0.158      0.000 4
  89   93     -1.001      0.573      0.000 4
  -1   92     -1.001     -0.776      0.000 4
  90   95     -0.996      0.388      0.000 4
  92   94     -0.995      1.019      0.000 4
  91   97     -0.989      0.187      0.000 4
  94   96     -0.988      0.906      0.000 4
  -1   99     -0.981     -0.218      0.000 4
  95   98     -0.980     -0.430      0.000 4
  97  100     -0.976     -0.178      0.000 4
  99  101     -0.970      1.056      0.000 4
 100  102     -0.954      0.336      0.000 4
  -1   -2     -0.953     -0.573      0.000 4
 102  103     -0.947      0.775      0.000 4
 104  106     -0.942     -0.934      0.000 4
  -1  107     -0.910     -0.764      0.000 4
 103  108     -0.910      1.082      0.000 4
 107  109     -0.898      0.569      0.000 4
 108  112     -0.889      0.305      0.000 4
 109  111     -0.888      0.900      0.000 4
 110  113     -0.877     -0.089      0.000 4
 111  114     -0.861     -0.740      0.000 4
 112  117     -0.857      0.690      0.000 4
 113  118     -0.847     -0.611      0.000 4
 115  119     -0.842     -0.692      0.000 4
  -1  130     -0.826     -0.035      0.000 4
 117  124     -0.823     -0.137      0.000 4
 106  148     -0.822      1.089      0.000 4
  -1  123     -0.821      1.044      0.000 4
 119  125     -0.820     -1.163      0.000 4
 120  126     -0.815     -0.216      0.000 4
 121  127     -0.810      0.737      0.000 4
 123  131     -0.795     -0.011      0.000 4
 126  133     -0.787      0.445      0.000 4
 127  132     -0.785      0.993      0.000 4
 130   -2     -0.782      0.815      0.000 4
 105   -2     -0.781     -0.801      0.000 4
  -1   -2     -0.780     -0.040      0.000 4
 125  138     -0.780      0.321      0.000 4
 132  135     -0.777      0.253      0.000 4
 133  134     -0.774     -0.754      0.000 4
 134  136     -0.769      0.887      0.000 4
 135  137     -0.764      0.396      0.000 4
 137  139     -0.750     -0.925      0.000 4
 140  140     -0.739     -0.964      0.000 4
 138  142     -0.738     -0.450      0.000 4
 141  141     -0.737     -1.010      0.000 4
 139  143     -0.735     -0.058      0.000 4
 142   -2     -0.732     -0.786      0.000 4
 144  144     -0.724      0.983      0.000 4
 143  145     -0.720      0.038      0.000 4
 149  147     -0.692      0.800      0.000 4
 146  150     -0.689      0.138      0.000 4
 147  149     -0.689     -0.155      0.000 4
 145  154     -0.681      1.066      0.000 4
 151   -2     -0.676      1.012      0.000 4
 152  155     -0.673     -0.559      0.000 4
  -1  151     -0.668     -1.121      0.000 4
 154  156     -0.663     -1.172      0.000 4
 153  162     -0.660     -0.651      0.000 4
 155  158     -0.658     -0.108      0.000 4
 157  157     -0.652      0.733      0.000 4
 158  159     -0.649     -1.079      0.000 4
  -1  161     -0.646      0.166      0.000 4
 159   -2     -0.645      1.149      0.000 4
  -1  160     -0.635      1.112      0.000 4
 161  164     -0.635      0.065      0.000 4
 162  163     -0.631     -1.118      0.000 4
 163  165     -0.628     -1.007      0.000 4
  -1   -2     -0.625      0.217      0.000 4
  -1  166     -0.616      1.076      0.000 4
 164  167     -0.615     -0.772      0.000 4
 165  168     -0.606     -0.313      0.000 4
 166  169     -0.597      0.895      0.000 4
 174   -2     -0.589     -1.110      0.000 4
 167  170     -0.586     -0.438      0.000 4
 168  171     -0.578     -0.519      0.000 4
 170  172     -0.574     -0.781      0.000 4
 169  173     -0.572     -0.284      0.000 4
 171   -2     -0.560      0.415      0.000 4
 173  174     -0.554      1.064      0.000 4
 175  175     -0.545      0.042      0.000 4
 176  183     -0.538     -1.168      0.000 4
 177   -2     -0.534      0.352      0.000 4
 178  176     -0.526     -0.522      0.000 4
  -1   -2     -0.518      0.931      0.000 4
 179  178     -0.513     -0.243      0.000 4
 180  177     -0.513      0.271      0.000 4
 182  180     -0.512      0.484      0.000 4
 181  179     -0.511      0.550      0.000 4
 183  181     -0.509      0.684      0.000 4
 186  184     -0.478      0.984      0.000 4
 187  186     -0.467      0.077      0.000 4
 189  185     -0.466     -0.688      0.000 4
 188  187     -0.465      0.187      0.000 4
 198   -2     -0.456     -1.165      0.000 4
 190  188     -0.446     -0.054      0.000 4
 192  189     -0.439     -0.962      0.000 4
 191   -2     -0.437     -0.785      0.000 4
  -1   -2     -0.433     -1.065      0.000 4
 194  191     -0.431     -0.137      0.000 4
 195  193     -0.425     -0.297      0.000 4
 196  194     -0.419     -0.853      0.000 4
  -1   -2     -0.410      0.126      0.000 4
 197  196     -0.407      0.454      0.000 4
  -1  197     -0.394      1.087      0.000 4
 199  198     -0.390      0.766      0.000 4
 200  208     -0.380     -0.619      0.000 4
 202  201     -0.377     -0.976      0.000 4
 203  203     -0.374      0.525      0.000 4
 204  205     -0.370      0.328      0.000 4
 205  204     -0.367      1.081      0.000 4
 206   -2     -0.366     -0.683      0.000 4
 211   -2     -0.365     -0.196      0.000 4
  -1   -2     -0.362     -1.171      0.000 4
 208  209     -0.358      0.743      0.000 4
  -1  190     -0.355     -1.082      0.000 4
  -1  211     -0.351     -0.301      0.000 4
 212  210     -0.350      1.008      0.000 4
 213   -2     -0.348      0.929      0.000 4
  -1  212     -0.342      0.689      0.000 4
 214  213     -0.340     -0.265      0.000 4
 215  214     -0.335      0.893      0.000 4
 218  215     -0.305     -0.594      0.000 4
 219  216     -0.302     -0.949      0.000 4
 220  217     -0.291     -1.003      0.000 4
 221  218     -0.288      0.816      0.000 4
 223  219     -0.282      0.553      0.000 4
 225  221     -0.278      0.313      0.000 4
 236  206     -0.268     -1.170      0.000 4
  -1   -2     -0.266     -0.487      0.000 4
 210  238     -0.266     -1.090      0.000 4
 228  226     -0.250     -0.203      0.000 4
 229  227     -0.238      0.425      0.000 4
  -1   -2     -0.235      0.889      0.000 4
  -1   -2     -0.234     -0.888      0.000 4
 231  228     -0.231     -0.699      0.000 4
 233  230     -0.229     -0.417      0.000 4
 237  233     -0.192      0.729      0.000 4
 242   -2     -0.185     -0.824      0.000 4
  -1  237     -0.174      0.005      0.000 4
 226   -2     -0.159     -0.526      0.000 4
  -1   -2     -0.150     -0.060      0.000 4
 243  236     -0.148      0.068      0.000 4
 245  239     -0.140     -0.279      0.000 4
 247  241     -0.134     -0.675      0.000 4
 248  240     -0.131     -1.046      0.000 4
 241  256     -0.115     -0.199      0.000 4
 250  243     -0.111      0.496      0.000 4
 251  244     -0.105      0.392      0.000 4
 253  245     -0.103      1.123      0.000 4
 254  246     -0.101      0.637      0.000 4
 252   -2     -0.101     -0.702      0.000 4
 255  247     -0.089     -0.095      0.000 4
 256  248     -0.087      1.167      0.000 4
 262  250     -0.082     -1.117      0.000 4
  -1   -2     -0.080     -0.676      0.000 4
  -1  252     -0.067     -1.165      0.000 4
 261  253     -0.062      0.227      0.000 4
 260  254     -0.062     -0.653      0.000 4
 259  255     -0.062     -0.174      0.000 4
 263  257     -0.046     -0.347      0.000 4
 264  258     -0.045      0.356      0.000 4
  -1  259     -0.041      0.603      0.000 4
 285   -2     -0.020      0.894      0.000 4
 267  261     -0.019     -0.017      0.000 4
 268  263      0.000     -0.497      0.000 4
 269  265      0.002      0.115      0.000 4
 278   -2      0.010      0.582      0.000 4
 271  267      0.012      1.002      0.000 4
 272  270      0.016      0.319      0.000 4
 274  272      0.032      0.376      0.000 4
 276  273      0.035      0.040      0.000 4
  -1  274      0.042      0.589      0.000 4
 293  264      0.044     -1.129      0.000 4
 280  277      0.054      0.340      0.000 4
 281  279      0.060      0.924      0.000 4
 283  281      0.064      0.668      0.000 4
 284  280      0.065     -1.101      0.000 4
 286  282      0.076     -0.943      0.000 4
 266   -2      0.078      0.811      0.000 4
  -1  293      0.092     -0.662      0.000 4
 289  284      0.099      0.146      0.000 4
 291  286      0.107      0.459      0.000 4
  -1  287      0.108     -1.169      0.000 4
 292  288      0.111      0.101      0.000 4
 282   -2      0.114     -0.066      0.000 4
 295  291      0.134      0.871      0.000 4
 296  292      0.137     -0.953      0.000 4
 299   -2      0.144     -0.613      0.000 4
 287   -2      0.148      1.067      0.000 4
 298  295      0.149     -0.500      0.000 4
 300  296      0.157     -0.697      0.000 4
 301   -2      0.168     -0.273      0.000 4
 302  289      0.170     -0.104      0.000 4
 303  298      0.172      0.368      0.000 4
 304  299      0.187     -0.716      0.000 4
 306  300      0.199      0.987      0.000 4
  -1   -2      0.199     -0.476      0.000 4
 307  302      0.209      0.570      0.000 4
  -1  303      0.212      0.019      0.000 4
 309  304      0.214     -1.034      0.000 4
 319   -2      0.222     -1.000      0.000 4
 311  306      0.225     -0.585      0.000 4
 312  307      0.226     -0.903      0.000 4
 313  308      0.236     -0.166      0.000 4
 315  309      0.246      0.988      0.000 4
 316   -2      0.253      0.125      0.000 4
  -1  311      0.253     -0.672      0.000 4
  -1  312      0.257     -0.389      0.000 4
 310  322      0.263     -0.355      0.000 4
  -1  325      0.266      0.740      0.000 4
 321  314      0.269      0.244      0.000 4
  -1   -2      0.269     -0.245      0.000 4
 320  315      0.270      1.134      0.000 4
  -1  313      0.276     -0.865      0.000 4
 322  310      0.280      0.148      0.000 4
  -1  316      0.293      0.596      0.000 4
 308  331      0.309      0.046      0.000 4
  -1  319      0.311     -0.343      0.000 4
  -1  340      0.312      0.915      0.000 4
 325  321      0.313     -0.212      0.000 4
 323  320      0.317     -1.171      0.000 4
 327  323      0.319      1.040      0.000 4
  -1   -2      0.322     -1.121      0.000 4
 330  327      0.351     -0.423      0.000 4
 318  328      0.351     -0.307      0.000 4
  -1  330      0.361      0.676      0.000 4
 331   -2      0.364      0.049      0.000 4
 332  332      0.364      0.238      0.000 4
 333  333      0.371     -0.826      0.000 4
  -1  334      0.373      1.146      0.000 4
 334   -2      0.375      0.297      0.000 4
 336  336      0.385     -0.425      0.000 4
 337  337      0.385      0.165      0.000 4
 338  338      0.387     -0.993      0.000 4
  -1   -2      0.403      0.905      0.000 4
 340  341      0.417     -0.006      0.000 4
 339  342      0.418     -0.905      0.000 4
 341  343      0.420     -0.685      0.000 4
 343  344      0.423     -1.141      0.000 4
 345  345      0.440     -0.621      0.000 4
  -1   -2      0.443      1.125      0.000 4
  -1   -2      0.444     -0.573      0.000 4
 351  349      0.451      0.755      0.000 4
 344  362      0.452     -1.013      0.000 4
 347  348      0.452     -0.445      0.000 4
 361  335      0.460      0.321      0.000 4
  -1   -2      0.466     -1.176      0.000 4
 349  351      0.467     -0.682      0.000 4
 350  352      0.470     -0.036      0.000 4
 352  353      0.483     -1.124      0.000 4
 354  357      0.487      0.919      0.000 4
 355  358      0.487     -0.809      0.000 4
 353  354      0.488     -0.370      0.000 4
 356  355      0.488     -1.151      0.000 4
  -1  366      0.492     -0.913      0.000 4
 357  361      0.492      0.778      0.000 4
  -1  360      0.495      0.116      0.000 4
 358  359      0.496     -0.639      0.000 4
 359   -2      0.502     -0.972      0.000 4
  -1  365      0.513      1.067      0.000 4
 364   -2      0.537     -0.924      0.000 4
 362  368      0.538     -0.585      0.000 4
 365  369      0.547     -0.046      0.000 4
 382   -2      0.554     -0.447      0.000 4
 367  370      0.556      0.924      0.000 4
 368  372      0.557      0.516      0.000 4
  -1  371      0.557     -0.969      0.000 4
 369  373      0.565      0.556      0.000 4
 370  374      0.569      1.053      0.000 4
 372   -2      0.574     -0.262      0.000 4
 371  376      0.585      0.331      0.000 4
 373  375      0.585      0.827      0.000 4
 375  378      0.596     -0.754      0.000 4
  -1   -2      0.604     -0.997      0.000 4
  -1  381      0.610     -0.643      0.000 4
  -1  379      0.611     -1.029      0.000 4
 376  380      0.612      0.499      0.000 4
  -1  382      0.615      1.059      0.000 4
  -1   -2      0.619     -0.165      0.000 4
 378  383      0.619     -0.690      0.000 4
 379  385      0.625     -0.847      0.000 4
 377  387      0.636      0.954      0.000 4
 381  386      0.637      0.869      0.000 4
 383  388      0.642     -0.485      0.000 4
 380  384      0.645     -1.156      0.000 4
 390  389      0.661     -0.017      0.000 4
 385  390      0.683     -1.039      0.000 4
  -1   -2      0.683     -0.503      0.000 4
 386  391      0.692      0.262      0.000 4
 388  392      0.697     -0.379      0.000 4
 389  393      0.699     -0.868      0.000 4
 392  394      0.706     -0.703      0.000 4
 393  395      0.713      1.093      0.000 4
  -1  398      0.732     -0.890      0.000 4
 395  399      0.738      0.346      0.000 4
 396  400      0.739      0.397      0.000 4
 397  402      0.748     -0.645      0.000 4
 398  401      0.750      0.648      0.000 4
 402  405      0.776      1.063      0.000 4
 405  408      0.794     -0.039      0.000 4
 406  410      0.799     -0.984      0.000 4
  -1  409      0.807      0.096      0.000 4
 408  413      0.817      0.909      0.000 4
 407  412      0.818     -1.132      0.000 4
 413  415      0.836      0.168      0.000 4
 414  416      0.839     -0.796      0.000 4
 415   -2      0.843     -1.078      0.000 4
 400   -2      0.848     -0.263      0.000 4
 418  422      0.855      0.430      0.000 4
  -1  423      0.856      0.304      0.000 4
  -1  420      0.856      0.523      0.000 4
 419  424      0.858      0.664      0.000 4
 420  425      0.864      0.716      0.000 4
  -1  426      0.865      0.773      0.000 4
  -1  427      0.872     -0.286      0.000 4
 422  428      0.876      1.077      0.000 4
 423  429      0.876     -0.455      0.000 4
  -1  435      0.881     -0.977      0.000 4
  -1  421      0.884     -1.080      0.000 4
 424  430      0.890      0.237      0.000 4
 430   -2      0.897      1.115      0.000 4
 425  433      0.899     -0.874      0.000 4
 426   -2      0.900     -1.006      0.000 4
  -1   -2      0.900      0.392      0.000 4
 410   -2      0.903     -0.543      0.000 4
 416   -2      0.906     -0.171      0.000 4
 429  437      0.910     -0.801      0.000 4
 412   -2      0.911     -0.223      0.000 4
 432  438      0.923      0.532      0.000 4
 431  441      0.928      0.028      0.000 4
 435  439      0.928     -0.153      0.000 4
 434  440      0.929     -0.252      0.000 4
 433   -2      0.930     -1.001      0.000 4
 436   -2      0.932     -1.078      0.000 4
 439  442      0.935      0.456      0.000 4
 437  444      0.938     -0.866      0.000 4
 438  445      0.940     -0.700      0.000 4
  -1  446      0.966     -0.735      0.000 4
 440  447      0.969     -0.034      0.000 4
 441  448      0.976     -0.238      0.000 4
 442  450      0.981     -1.117      0.000 4
 443  451      1.002     -0.587      0.000 4
  -1  443      1.003     -1.008      0.000 4
 444   -2      1.005     -0.327      0.000 4
  -1  452      1.008     -0.444      0.000 4
 445  453      1.013     -0.002      0.000 4
 446  455      1.014      0.253      0.000 4
 454   -2      1.032      0.597      0.000 4
 449  456      1.037      0.840      0.000 4
 451  457      1.050      0.103      0.000 4
  -1   -2      1.053      0.172      0.000 4
 452  459      1.055      0.974      0.000 4
 453  460      1.067     -1.171      0.000 4
 455  462      1.079     -0.640      0.000 4
 456  461      1.080     -0.328      0.000 4
 457  463      1.108      1.032      0.000 4
 459  454      1.110      0.716      0.000 4
 458  464      1.110     -0.963      0.000 4
 462  465      1.137     -0.538      0.000 4
 461  466      1.137     -0.765      0.000 4
 460  474      1.140     -1.174      0.000 4
 464  468      1.154      0.878      0.000 4
 465  469      1.156      1.028      0.000 4
 466  470      1.158     -1.064      0.000 4
  -1  471      1.166     -0.061      0.000 4
  -1   -2      1.167      1.098      0.000 4
 467   -2      1.172      0.551      0.000 4
 468  473      1.180      0.285      0.000 4
  -1   -2      1.192     -1.157      0.000 4
 470  475      1.198     -0.480      0.000 4
  -1   -2      1.201      0.099      0.000 4
 472  477      1.218      0.391      0.000 4
 473  478      1.225     -0.546      0.000 4
 474  479      1.226      0.992      0.000 4
 478  481      1.251     -0.487      0.000 4
  -1  482      1.252      0.924      0.000 4
 480  485      1.280     -0.459      0.000 4
 481  486      1.292     -1.173      0.000 4
 482  487      1.302     -0.538      0.000 4
 484   -2      1.329      0.177      0.000 4
  -1  489      1.337      0.104      0.000 4
 485  490      1.343     -1.044      0.000 4
 487  491      1.365      1.078      0.000 4
 486  493      1.366     -0.901      0.000 4
 488  492      1.366     -0.211      0.000 4
 489  495      1.373     -0.312      0.000 4
 491  494      1.374      0.507      0.000 4
 490  496      1.375      0.236      0.000 4
 492  497      1.383     -0.958      0.000 4
 493  499      1.389     -0.432      0.000 4
 494  498      1.391     -0.368      0.000 4
 495  500      1.407     -1.166      0.000 4
 496  501      1.408     -0.907      0.000 4
 497  502      1.412      0.570      0.000 4
  -1  503      1.418     -0.339      0.000 4
 499  504      1.439      0.268      0.000 4
 500  505      1.443      0.799      0.000 4
 502  506      1.450     -1.060      0.000 4
 501   -2      1.452     -1.013      0.000 4
 507  507      1.463     -1.134      0.000 4
  -1   -2      1.470     -0.670      0.000 4
 504   -2      1.471     -0.034      0.000 4
 505  510      1.472     -0.707      0.000 4
 506  512      1.479     -0.174      0.000 4
 508  513      1.482      0.416      0.000 4
 503   -2      1.485     -1.082      0.000 4
  -1  511      1.487     -0.065      0.000 4
 509  514      1.495      0.079      0.000 4
 510   -2      1.506     -0.702      0.000 4
  -1   -2      1.509     -1.024      0.000 4
  -1  516      1.519      1.177      0.000 4
 512  517      1.519      0.562      0.000 4
 513  518      1.527      1.061      0.000 4
 514  519      1.530     -1.164      0.000 4
 516  520      1.534      0.367      0.000 4
 515   -2      1.536     -0.571      0.000 4
 518  522      1.541      0.762      0.000 4
 520  524      1.545     -0.991      0.000 4
 519  523      1.545     -0.875      0.000 4
  -1  525      1.550     -0.170      0.000 4
 521  527      1.556     -0.769      0.000 4
 522  528      1.559      1.104      0.000 4
 523  529      1.568      0.439      0.000 4
