522
   0   -2     -1.572     -1.172      0.000 4
  -1   -2     -1.566      1.020      0.000 4
   1    0     -1.564     -0.435      0.000 4
   2   -2     -1.560      0.448      0.000 4
   3   -2     -1.560      0.849      0.000 4
   4    2     -1.555     -0.968      0.000 4
  -1    3     -1.550      0.640      0.000 4
  -1    1     -1.541      0.898      0.000 4
   6    6     -1.535      0.369      0.000 4
   8    8     -1.517      0.056      0.000 4
   9    9     -1.510     -0.494      0.000 4
  -1   10     -1.507      1.067      0.000 4
  10   -2     -1.504     -0.315      0.000 4
  -1   17     -1.497     -0.003      0.000 4
  -1   -2     -1.486      0.890      0.000 4
  13   12     -1.478     -0.038      0.000 4
  14   15     -1.474      0.200      0.000 4
  15   14     -1.474      0.806      0.000 4
  16   16     -1.472     -0.533      0.000 4
  19   11     -1.470     -1.121      0.000 4
  18   18     -1.466     -0.790      0.000 4
  -1   -2     -1.465      0.764      0.000 4
  20   -2     -1.458      0.938      0.000 4
  -1   13     -1.423     -0.900      0.000 4
  28   19     -1.414      0.685      0.000 4
  24   24     -1.409      0.850      0.000 4
  25   25     -1.403     -0.454      0.000 4
  26   -2     -1.401     -0.825      0.000 4
  27   26     -1.393      0.275      0.000 4
  29   -2     -1.386      0.804      0.000 4
  30   -2     -1.374     -0.177      0.000 4
  -1   28     -1.356      0.913      0.000 4
  34   33     -1.334      1.084      0.000 4
  -1   32     -1.325     -1.159      0.000 4
  35   34     -1.316      0.475      0.000 4
  36   35     -1.312     -0.657      0.000 4
  37   36     -1.311      1.007      0.000 4
  38   37     -1.308     -1.064      0.000 4
  39   38     -1.296     -0.767      0.000 4
  41   43     -1.291     -0.957      0.000 4
  40   40     -1.288      0.738      0.000 4
  42   42     -1.285     -0.142      0.000 4
  43   -2     -1.277     -0.976      0.000 4
  -1   -2     -1.274      0.296      0.000 4
  44   45     -1.271     -0.434      0.000 4
  45   44     -1.268      0.840      0.000 4
  47   46     -1.260      0.956      0.000 4
  46   47     -1.260      0.459      0.000 4
  48   48     -1.252     -0.999      0.000 4
  50   50     -1.237      1.131      0.000 4
  51   53     -1.235     -0.768      0.000 4
  49   54     -1.233      0.743      0.000 4
  -1   55     -1.233      0.212      0.000 4
  52   56     -1.230     -0.344      0.000 4
  54   57     -1.226      0.542      0.000 4
  55   58     -1.224     -0.449      0.000 4
  56   59     -1.222     -0.198      0.000 4
  57   61     -1.219      0.439      0.000 4
  58   62     -1.210     -0.975      0.000 4
  -1   -2     -1.206      0.796      0.000 4
  60   64     -1.192      0.376      0.000 4
  61   65     -1.190     -0.214      0.000 4
  63   66     -1.186     -0.260      0.000 4
  70   -2     -1.184      0.599      0.000 4
  66   67     -1.174      0.642      0.000 4
  67   -2     -1.157      1.112      0.000 4
  68   68     -1.149      1.150      0.000 4
  69   69     -1.144     -0.957      0.000 4
  81   49     -1.141      0.886      0.000 4
  73   70     -1.139     -0.996      0.000 4
  72   72     -1.137      0.332      0.000 4
  74   73     -1.125     -0.491      0.000 4
  -1   74     -1.118     -0.102      0.000 4
  75   75     -1.104      1.138      0.000 4
  77   -2     -1.090      0.532      0.000 4
  78   76     -1.085      0.609      0.000 4
  62   -2     -1.072     -1.129      0.000 4
  -1   71     -1.069      0.832      0.000 4
  80   78     -1.069     -0.817      0.000 4
  82   79     -1.061     -0.145      0.000 4
  -1   -2     -1.055     -1.050      0.000 4
  -1   85     -1.052      0.348      0.000 4
  84   82     -1.051     -0.011      0.000 4
  -1   -2     -1.046     -0.044      0.000 4
  85   81     -1.042      0.975      0.000 4
  86   -2     -1.037      0.492      0.000 4
  87   83     -1.037     -0.227      0.000 4
  -1   -2     -1.032     -1.137      0.000 4
  88   -2     -1.026      0.269      0.000 4
  89   -2     -1.016      0.325      0.000 4
  -1   84     -1.016     -1.173      0.000 4
  90   90     -1.010     -0.024      0.000 4
  -1   86     -1.008     -0.953      0.000 4
  92   88     -1.006      0.401      0.000 4
  95   89     -1.001      1.088      0.000 4
  96   -2     -0.988     -0.055      0.000 4
  97   -2     -0.987     -0.464      0.000 4
  98   91     -0.982      0.039      0.000 4
  -1   -2     -0.972      0.625      0.000 4
  99   93     -0.972      0.383      0.000 4
 100   94     -0.961      0.933      0.000 4
 101   98     -0.954      0.140      0.000 4
 102   95     -0.952     -0.976      0.000 4
 103   96     -0.950     -1.015      0.000 4
  93  110     -0.949      0.749      0.000 4
 104  100     -0.946     -0.645      0.000 4
 106  101     -0.929     -0.144      0.000 4
 107   -2     -0.927     -0.944      0.000 4
 108  104     -0.913     -0.727      0.000 4
 109  103     -0.912     -1.010      0.000 4
 110  105     -0.911     -0.779      0.000 4
  -1   -2     -0.908      0.838      0.000 4
 117   97     -0.907     -1.166      0.000 4
 111  108     -0.906     -0.098      0.000 4
 113  107     -0.904      1.119      0.000 4
  -1  106     -0.903     -1.079      0.000 4
 112  109     -0.903     -0.449      0.000 4
 114  111     -0.899      0.068      0.000 4
 116   -2     -0.898      0.814      0.000 4
 118  113     -0.857      0.879      0.000 4
 115  127     -0.848     -1.044      0.000 4
  -1  115     -0.840      1.051      0.000 4
 119  117     -0.834     -0.765      0.000 4
 120  118     -0.831      0.987      0.000 4
 124  119     -0.822      1.095      0.000 4
 121  116     -0.815     -1.164      0.000 4
  -1  122     -0.815     -0.917      0.000 4
 126  124     -0.814     -0.286      0.000 4
 128  125     -0.808     -0.539      0.000 4
 122  126     -0.805      0.695      0.000 4
  -1   -2     -0.805      1.001      0.000 4
 130  128     -0.799      0.050      0.000 4
  -1   -2     -0.794     -0.502      0.000 4
 132  130     -0.775      0.955      0.000 4
  -1  134     -0.773      0.323      0.000 4
  -1   -2     -0.771     -0.542      0.000 4
 133  131     -0.766     -0.669      0.000 4
 134  133     -0.756     -0.401      0.000 4
 136  132     -0.755     -0.942      0.000 4
 137   -2     -0.751     -1.152      0.000 4
 142  135     -0.731     -0.965      0.000 4
 140  137     -0.730     -0.472      0.000 4
 138  138     -0.730     -0.205      0.000 4
 143   -2     -0.727      0.962      0.000 4
 141  140     -0.726      0.437      0.000 4
 144  139     -0.724     -1.081      0.000 4
 145  144     -0.713      0.081      0.000 4
  -1   -2     -0.712      0.491      0.000 4
 147   -2     -0.710     -1.013      0.000 4
 148  143     -0.709      1.019      0.000 4
 146  145     -0.706      0.175      0.000 4
 149  147     -0.693      0.828      0.000 4
 150  149     -0.688     -0.253      0.000 4
 152  148     -0.686     -0.727      0.000 4
 163   -2     -0.685     -1.174      0.000 4
 153  142     -0.682     -1.054      0.000 4
 154  151     -0.680     -0.031      0.000 4
 155  150     -0.679     -0.461      0.000 4
 156  152     -0.674      0.609      0.000 4
 157   -2     -0.672     -0.878      0.000 4
 158  153     -0.654     -0.101      0.000 4
 159  154     -0.647     -0.723      0.000 4
 169  141     -0.646      1.010      0.000 4
 160  155     -0.645      1.042      0.000 4
 161   -2     -0.644      1.083      0.000 4
  -1  156     -0.642      0.737      0.000 4
 164  158     -0.622     -0.237      0.000 4
 165  157     -0.620     -0.967      0.000 4
 166  161     -0.613      0.399      0.000 4
 168  160     -0.609     -1.043      0.000 4
 170  164     -0.584      0.282      0.000 4
 171   -2     -0.570     -0.141      0.000 4
 173  167     -0.570     -0.599      0.000 4
 172  168     -0.567     -0.929      0.000 4
  -1  170     -0.558      0.443      0.000 4
 187  146     -0.558     -1.172      0.000 4
  -1  163     -0.551      0.863      0.000 4
 178  172     -0.538     -0.229      0.000 4
 181  174     -0.530      1.079      0.000 4
 180  175     -0.530     -0.197      0.000 4
 182  176     -0.525      0.644      0.000 4
  -1  171     -0.519     -1.150      0.000 4
  -1  181     -0.518     -0.674      0.000 4
 183  177     -0.506     -0.508      0.000 4
 184  179     -0.494      0.615      0.000 4
  -1   -2     -0.487     -1.174      0.000 4
 186   -2     -0.479     -0.732      0.000 4
 188   -2     -0.471     -0.559      0.000 4
 189  184     -0.465      0.260      0.000 4
  -1  185     -0.463     -0.841      0.000 4
  -1  183     -0.445     -0.623      0.000 4
  -1   -2     -0.445      0.237      0.000 4
 193  190     -0.430      0.733      0.000 4
 196  193     -0.428     -0.132      0.000 4
 195  191     -0.428     -0.461      0.000 4
 197  192     -0.425      1.069      0.000 4
 206  180     -0.423     -1.170      0.000 4
 202  182     -0.413     -1.121      0.000 4
 198  194     -0.411      0.835      0.000 4
 199  195     -0.409      0.906      0.000 4
 201  196     -0.403     -0.829      0.000 4
 200  197     -0.403      0.340      0.000 4
 203  198     -0.397      0.656      0.000 4
 204  199     -0.372     -0.299      0.000 4
 205  200     -0.370     -0.608      0.000 4
 208  201     -0.349      0.632      0.000 4
 209  212     -0.345     -1.076      0.000 4
 210   -2     -0.340      0.602      0.000 4
 211  202     -0.338     -0.775      0.000 4
 212  204     -0.336      0.025      0.000 4
 214   -2     -0.330      1.080      0.000 4
 215  205     -0.325     -0.531      0.000 4
 216  206     -0.314     -0.820      0.000 4
 218   -2     -0.302      0.074      0.000 4
 219  207     -0.299      0.563      0.000 4
  -1   -2     -0.297      0.035      0.000 4
 207   -2     -0.284     -0.699      0.000 4
 221  210     -0.279     -0.182      0.000 4
 222  209     -0.269     -1.171      0.000 4
 223  211     -0.269     -0.896      0.000 4
 225  213     -0.248     -1.009      0.000 4
 224  214     -0.245     -0.118      0.000 4
  -1  203     -0.240      1.175      0.000 4
 227   -2     -0.238     -0.966      0.000 4
  -1  216     -0.231      0.300      0.000 4
 230   -2     -0.226     -1.093      0.000 4
 213   -2     -0.226      0.378      0.000 4
 229  218     -0.220     -0.040      0.000 4
 231  219     -0.207     -0.490      0.000 4
 232  220     -0.207     -0.588      0.000 4
 233  221     -0.199      0.262      0.000 4
 234  223     -0.195      0.478      0.000 4
 237  224     -0.194     -1.166      0.000 4
 235  217     -0.187     -1.070      0.000 4
 236  226     -0.178      0.186      0.000 4
 238  225     -0.177      1.053      0.000 4
 239  227     -0.175     -0.992      0.000 4
  -1  229     -0.174     -0.096      0.000 4
 241  230     -0.147     -0.807      0.000 4
 240  232     -0.146     -0.220      0.000 4
 242  231     -0.145      0.274      0.000 4
 247   -2     -0.143     -1.120      0.000 4
 246  234     -0.133     -0.453      0.000 4
 248  236     -0.121      1.055      0.000 4
 250  237     -0.119     -1.167      0.000 4
 249  238     -0.117      0.447      0.000 4
 251  240     -0.100     -0.909      0.000 4
 243  233     -0.098     -0.628      0.000 4
 252  241     -0.093      0.897      0.000 4
  -1  244     -0.085     -0.864      0.000 4
 254  247     -0.080     -1.123      0.000 4
 253   -2     -0.071     -0.354      0.000 4
 255  245     -0.070      1.002      0.000 4
  -1  248     -0.059      0.245      0.000 4
 257  249     -0.048      0.428      0.000 4
 258  250     -0.038      0.053      0.000 4
 279  235     -0.035      0.955      0.000 4
 260  252     -0.033      0.286      0.000 4
 268   -2     -0.007     -1.172      0.000 4
 262  257     -0.003      0.431      0.000 4
 264  258     -0.002      0.741      0.000 4
 265  259     -0.001      0.259      0.000 4
 266  261      0.001     -0.009      0.000 4
 269  262      0.004     -0.980      0.000 4
 261  263      0.017     -1.103      0.000 4
 270  264      0.036      1.135      0.000 4
 271  265      0.038      0.487      0.000 4
 272  275      0.051     -1.130      0.000 4
 273  266      0.052      0.677      0.000 4
 267  268      0.058      0.128      0.000 4
 278  267      0.059     -0.833      0.000 4
 276  269      0.061     -0.683      0.000 4
  -1  272      0.063      0.305      0.000 4
 274  276      0.070     -1.080      0.000 4
 282  271      0.070     -0.015      0.000 4
  -1   -2      0.072     -0.355      0.000 4
 281  270      0.073      0.098      0.000 4
 283   -2      0.073     -0.506      0.000 4
  -1   -2      0.083      0.466      0.000 4
 285  274      0.099     -0.165      0.000 4
 287   -2      0.106     -1.070      0.000 4
 284   -2      0.108     -1.159      0.000 4
 288   -2      0.115     -0.133      0.000 4
 289  280      0.127     -0.409      0.000 4
  -1   -2      0.130      1.151      0.000 4
 290  277      0.131     -0.323      0.000 4
  -1   -2      0.137      0.728      0.000 4
 292  278      0.139     -0.947      0.000 4
 293  279      0.141      0.634      0.000 4
  -1  281      0.150      0.504      0.000 4
 294  283      0.168      0.793      0.000 4
 295  284      0.174      0.277      0.000 4
 296  285      0.182     -0.495      0.000 4
 297  286      0.186     -0.954      0.000 4
 298  287      0.195     -0.307      0.000 4
 299  288      0.202     -1.165      0.000 4
 300  289      0.214     -0.775      0.000 4
 303  291      0.223      0.040      0.000 4
 302  290      0.223      0.991      0.000 4
 304  293      0.225     -1.000      0.000 4
 306   -2      0.230      0.729      0.000 4
 305  294      0.230     -0.656      0.000 4
 307  295      0.234      0.418      0.000 4
 309  297      0.250     -0.087      0.000 4
 310   -2      0.270     -0.464      0.000 4
 311  299      0.273     -1.140      0.000 4
 313  300      0.277     -0.247      0.000 4
  -1  301      0.283      0.115      0.000 4
 314  302      0.287      0.734      0.000 4
 315  303      0.298      0.928      0.000 4
 316  304      0.301      1.078      0.000 4
 320  307      0.302     -1.173      0.000 4
 317  305      0.305     -0.788      0.000 4
 318  306      0.308      0.860      0.000 4
 319  308      0.312      0.193      0.000 4
  -1  310      0.318      0.542      0.000 4
 323   -2      0.332      0.652      0.000 4
 324  311      0.345     -1.121      0.000 4
 325  312      0.348     -0.223      0.000 4
  -1  313      0.358     -0.124      0.000 4
 327  314      0.358     -0.972      0.000 4
 328   -2      0.360     -1.053      0.000 4
 329  316      0.366      0.057      0.000 4
 330  317      0.371      0.784      0.000 4
 331  319      0.383     -1.028      0.000 4
 333  321      0.397     -0.620      0.000 4
 332  320      0.398      0.830      0.000 4
  -1  322      0.401     -0.776      0.000 4
 326  329      0.401     -0.289      0.000 4
 335  324      0.418     -0.922      0.000 4
  -1  325      0.420      0.886      0.000 4
 347  318      0.435     -1.172      0.000 4
 338  328      0.439     -0.707      0.000 4
 340   -2      0.442     -0.297      0.000 4
 341   -2      0.449      0.715      0.000 4
  -1  330      0.450     -0.340      0.000 4
  -1  334      0.454      0.190      0.000 4
 342  333      0.464     -0.516      0.000 4
 343  335      0.473      0.984      0.000 4
 345  336      0.477      0.133      0.000 4
  -1  337      0.480     -0.632      0.000 4
  -1  338      0.482      0.683      0.000 4
  -1  340      0.490     -0.466      0.000 4
  -1   -2      0.498      0.880      0.000 4
 348  341      0.512      0.009      0.000 4
 321   -2      0.517      0.535      0.000 4
 349  342      0.521      0.779      0.000 4
 350  343      0.524     -0.327      0.000 4
 351  344      0.525     -0.646      0.000 4
  -1  345      0.537     -1.121      0.000 4
 355  350      0.557      0.572      0.000 4
 357  349      0.561     -0.769      0.000 4
 356  351      0.562      0.430      0.000 4
  -1  348      0.562     -0.499      0.000 4
 362   -2      0.566      0.244      0.000 4
 359  355      0.575     -0.819      0.000 4
 360  354      0.575      0.169      0.000 4
 361  356      0.578      0.707      0.000 4
  -1   -2      0.582     -1.094      0.000 4
 363  357      0.583     -0.019      0.000 4
 371   -2      0.593     -1.166      0.000 4
 365  358      0.596     -0.986      0.000 4
 366  359      0.605      0.592      0.000 4
 367  360      0.611     -0.468      0.000 4
  -1  361      0.616     -0.870      0.000 4
 370  364      0.625      1.085      0.000 4
 369  365      0.627     -1.024      0.000 4
 372  367      0.645      0.839      0.000 4
  -1  368      0.648      0.664      0.000 4
 374  369      0.649     -0.638      0.000 4
 390  352      0.654      0.251      0.000 4
 375  370      0.659      0.722      0.000 4
 376  371      0.662     -0.735      0.000 4
 388   -2      0.684     -0.938      0.000 4
 378  372      0.685     -0.589      0.000 4
 379  373      0.686     -0.034      0.000 4
 373   -2      0.698     -0.210      0.000 4
  -1  366      0.705     -1.169      0.000 4
 382  376      0.705      0.650      0.000 4
 384  377      0.716      0.391      0.000 4
  -1  387      0.716     -1.098      0.000 4
 386  378      0.718      0.424      0.000 4
 387  379      0.725      0.056      0.000 4
  -1  380      0.727     -1.007      0.000 4
 389  381      0.732     -0.783      0.000 4
 392  383      0.740      0.765      0.000 4
  -1  382      0.740     -0.410      0.000 4
 393  384      0.743      1.003      0.000 4
 377  393      0.757     -0.823      0.000 4
 394   -2      0.757     -1.057      0.000 4
 395  386      0.759      0.692      0.000 4
 396  388      0.761     -0.136      0.000 4
  -1  389      0.763      0.255      0.000 4
 398  391      0.773     -0.233      0.000 4
 399  392      0.782      0.384      0.000 4
 400  394      0.783      0.911      0.000 4
 401  396      0.790     -0.978      0.000 4
 402  397      0.798      1.011      0.000 4
  -1  400      0.817     -0.780      0.000 4
  -1  399      0.818     -0.341      0.000 4
 405  401      0.821     -0.598      0.000 4
 406  402      0.826     -1.103      0.000 4
 407   -2      0.831     -0.016      0.000 4
 408  403      0.839     -1.044      0.000 4
 410  406      0.851     -0.849      0.000 4
  -1  405      0.854      0.909      0.000 4
 412  408      0.875     -1.154      0.000 4
 413  407      0.876      1.092      0.000 4
 403  422      0.880     -0.776      0.000 4
  -1   -2      0.880      0.196      0.000 4
  -1  410      0.892      0.235      0.000 4
  -1  415      0.892     -0.043      0.000 4
  -1   -2      0.896      0.782      0.000 4
  -1  411      0.897     -1.007      0.000 4
  -1  412      0.904      1.090      0.000 4
  -1  431      0.916     -0.200      0.000 4
 416  413      0.922     -0.877      0.000 4
  -1   -2      0.926     -0.092      0.000 4
 418  414      0.927      0.534      0.000 4
 417  417      0.927     -0.604      0.000 4
  -1  416      0.933     -1.085      0.000 4
 419  418      0.939      0.315      0.000 4
 421  419      0.940      0.271      0.000 4
 420  420      0.941      0.775      0.000 4
  -1  424      0.943      1.006      0.000 4
 422   -2      0.946     -0.813      0.000 4
 423  423      0.947      1.063      0.000 4
 424  421      0.949      0.964      0.000 4
 425  425      0.977     -0.061      0.000 4
 426  426      0.987     -0.467      0.000 4
 427  428      0.994     -0.727      0.000 4
 428  427      0.995     -0.560      0.000 4
 430  432      0.998     -0.279      0.000 4
  -1  430      1.002      0.060      0.000 4
 431   -2      1.020     -0.308      0.000 4
  -1   -2      1.021     -0.177      0.000 4
 432  433      1.029      0.675      0.000 4
  -1   -2      1.033     -1.100      0.000 4
 433  434      1.039      0.622      0.000 4
 434  435      1.046      0.575      0.000 4
 438   -2      1.050      0.121      0.000 4
 436  436      1.056     -0.943      0.000 4
  -1  437      1.056     -0.347      0.000 4
  -1   -2      1.059      0.073      0.000 4
  -1  438      1.060      0.449      0.000 4
  -1  441      1.062      0.725      0.000 4
 446  439      1.062     -0.212      0.000 4
 440  440      1.062      0.184      0.000 4
 442  442      1.069      0.364      0.000 4
  -1   -2      1.070     -0.252      0.000 4
 443  443      1.076     -0.644      0.000 4
 445  445      1.080     -0.291      0.000 4
 447  448      1.107     -1.057      0.000 4
 448  447      1.109      0.187      0.000 4
 454   -2      1.125      0.343      0.000 4
 444  453      1.129     -1.170      0.000 4
 451  450      1.136      0.474      0.000 4
 450  452      1.137     -0.726      0.000 4
  -1  451      1.138     -0.388      0.000 4
  -1   -2      1.152      0.405      0.000 4
  -1   -2      1.152      0.294      0.000 4
 455  457      1.160     -0.957      0.000 4
 456  456      1.162     -0.081      0.000 4
 457  458      1.166     -0.873      0.000 4
 458  459      1.169     -0.656      0.000 4
 459  460      1.177      0.804      0.000 4
 460  461      1.179      1.012      0.000 4
 461  468      1.183      0.629      0.000 4
  -1  455      1.191      0.324      0.000 4
  -1   -2      1.197     -0.471      0.000 4
  -1   -2      1.200      0.688      0.000 4
 464  465      1.208     -0.056      0.000 4
 465  466      1.211     -0.648      0.000 4
 466   -2      1.224     -1.043      0.000 4
  -1   -2      1.248      1.035      0.000 4
 467  469      1.252      0.054      0.000 4
 468  470      1.256      0.229      0.000 4
 470  472      1.276     -0.614      0.000 4
 472  473      1.283      0.721      0.000 4
 473  475      1.286     -0.690      0.000 4
 474  476      1.292     -0.474      0.000 4
 475  477      1.303     -1.102      0.000 4
 476  478      1.305      1.030      0.000 4
  -1  495      1.318     -0.276      0.000 4
 478  479      1.322     -0.637      0.000 4
  -1  481      1.333     -0.584      0.000 4
  -1  480      1.334     -0.139      0.000 4
 487   -2      1.354     -0.619      0.000 4
 481   -2      1.355      0.990      0.000 4
 477  488      1.357     -1.162      0.000 4
 482  485      1.359     -0.711      0.000 4
  -1  489      1.371      0.581      0.000 4
 483  486      1.371     -1.094      0.000 4
 484  484      1.374      1.025      0.000 4
 486  487      1.376      0.272      0.000 4
 492  492      1.413      0.410      0.000 4
 490  493      1.416     -1.111      0.000 4
 491  494      1.418      1.173      0.000 4
 499   -2      1.445     -0.393      0.000 4
 488  511      1.450     -1.172      0.000 4
 495  496      1.452     -0.625      0.000 4
 496  497      1.457     -0.483      0.000 4
  -1  498      1.462      0.469      0.000 4
 497  499      1.463     -0.553      0.000 4
 498  500      1.467     -0.368      0.000 4
 500  502      1.489      0.059      0.000 4
 501  501      1.489      0.131      0.000 4
 502  503      1.491      0.156      0.000 4
 503  504      1.496     -0.938      0.000 4
 509   -2      1.497     -0.901      0.000 4
  -1   -2      1.499     -0.064      0.000 4
 505  506      1.527      0.242      0.000 4
 506  508      1.536      1.140      0.000 4
 512  509      1.539     -1.117      0.000 4
  -1   -2      1.540     -1.175      0.000 4
 508  510      1.541      0.597      0.000 4
 511  513      1.558     -0.326      0.000 4
 513  514      1.563      0.949      0.000 4
  -1  515      1.567      0.688      0.000 4
 514  517      1.571     -0.133      0.000 4
 515  519      1.575      0.294      0.000 4
  -1  518      1.576     -1.015      0.000 4
