532
   0    1     -1.571      0.330      0.000 4
   1    2     -1.567     -0.888      0.000 4
   2    3     -1.561      0.492      0.000 4
  -1    4     -1.560      0.947      0.000 4
   3    5     -1.560      0.629      0.000 4
   4    8     -1.546      0.176      0.000 4
  -1    7     -1.542      1.084      0.000 4
   5   10     -1.539      0.775      0.000 4
   6    9     -1.539     -0.375      0.000 4
  -1   -2     -1.521      0.674      0.000 4
   8   12     -1.511      0.401      0.000 4
   9   -2     -1.502      0.990      0.000 4
  14   13     -1.489     -1.170      0.000 4
  10   14     -1.489      0.335      0.000 4
  11   15     -1.485     -0.431      0.000 4
  -1   -2     -1.482      0.621      0.000 4
  13   -2     -1.476     -1.130      0.000 4
  12   17     -1.471      0.064      0.000 4
  15   18     -1.466      0.821      0.000 4
  16   19     -1.463     -0.720      0.000 4
  17   20     -1.458      1.136      0.000 4
  18   23     -1.447     -0.471      0.000 4
  19   22     -1.447      0.740      0.000 4
  20   24     -1.445      0.872      0.000 4
  22   26     -1.429     -0.022      0.000 4
  24   28     -1.420      0.189      0.000 4
  26   27     -1.413     -0.819      0.000 4
  28   29     -1.412     -1.094      0.000 4
  27   31     -1.395     -0.626      0.000 4
  -1   30     -1.391     -1.163      0.000 4
  -1   -2     -1.372      0.443      0.000 4
  31   34     -1.367     -0.402      0.000 4
  33   35     -1.361     -0.767      0.000 4
  -1   36     -1.357     -0.964      0.000 4
  30   52     -1.338      0.575      0.000 4
  36   37     -1.335      1.025      0.000 4
  37   38     -1.329     -1.001      0.000 4
  38   -2     -1.328     -0.505      0.000 4
  39   39     -1.317     -0.153      0.000 4
  40   40     -1.293     -0.602      0.000 4
  -1   -2     -1.292     -0.525      0.000 4
  41   -2     -1.290     -0.914      0.000 4
  42   42     -1.287     -0.710      0.000 4
  44   41     -1.287     -1.154      0.000 4
  45   43     -1.271     -0.941      0.000 4
  -1   45     -1.266     -0.652      0.000 4
  46   46     -1.252      0.443      0.000 4
  47   49     -1.245      0.695      0.000 4
  48   47     -1.245      0.907      0.000 4
  49   48     -1.243      1.082      0.000 4
  50   50     -1.239      0.794      0.000 4
  -1   58     -1.238      0.053      0.000 4
  -1   -2     -1.232      0.474      0.000 4
  53   51     -1.227     -1.077      0.000 4
  52   53     -1.226     -0.715      0.000 4
  51   54     -1.225     -0.395      0.000 4
  55   55     -1.220     -0.922      0.000 4
  54   56     -1.219     -0.124      0.000 4
  57   57     -1.210     -0.857      0.000 4
  -1   -2     -1.207     -0.067      0.000 4
  59   -2     -1.200     -0.473      0.000 4
  61   59     -1.195      0.706      0.000 4
  60   60     -1.192      0.432      0.000 4
  63   62     -1.177     -0.414      0.000 4
  64   65     -1.174     -0.315      0.000 4
  58   64     -1.173     -1.171      0.000 4
  67   67     -1.163      0.514      0.000 4
  62   -2     -1.161      1.069      0.000 4
  69   68     -1.157      1.110      0.000 4
  71   69     -1.156     -0.908      0.000 4
  70   73     -1.153     -0.178      0.000 4
  73   70     -1.152     -0.946      0.000 4
  72   74     -1.148      0.418      0.000 4
  87   -2     -1.140     -0.525      0.000 4
  77   75     -1.121      0.614      0.000 4
  76   77     -1.120     -0.240      0.000 4
  78   79     -1.115      0.360      0.000 4
  79   78     -1.113      0.851      0.000 4
  -1   -2     -1.101     -1.083      0.000 4
  -1   -2     -1.095      0.461      0.000 4
  81   82     -1.078     -0.462      0.000 4
  80   84     -1.072     -1.172      0.000 4
  82   85     -1.060     -0.780      0.000 4
  84   81     -1.057     -1.095      0.000 4
  83   86     -1.056      0.320      0.000 4
  85   -2     -1.053     -1.133      0.000 4
  86   87     -1.038     -0.094      0.000 4
  88   91     -1.025      0.589      0.000 4
  -1   -2     -1.023      0.803      0.000 4
  90   92     -1.013     -0.916      0.000 4
  92   93     -1.002      1.066      0.000 4
  94   94     -0.983     -1.119      0.000 4
  93   95     -0.981     -0.138      0.000 4
  96   97     -0.967     -0.011      0.000 4
  -1   98     -0.966     -0.051      0.000 4
  -1   99     -0.964      0.392      0.000 4
  97  100     -0.963     -0.216      0.000 4
 119   90     -0.957      0.703      0.000 4
  -1   -2     -0.953      0.458      0.000 4
  -1   -2     -0.951     -0.917      0.000 4
 100   -2     -0.936      0.431      0.000 4
 103  101     -0.933     -0.982      0.000 4
  -1  107     -0.931      1.159      0.000 4
  99   -2     -0.929      0.314      0.000 4
 104  105     -0.925      0.396      0.000 4
 105  106     -0.914     -0.627      0.000 4
  -1   -2     -0.908      1.140      0.000 4
 114   -2     -0.908     -1.165      0.000 4
  -1   -2     -0.906      1.107      0.000 4
 108  108     -0.903     -0.053      0.000 4
 111  110     -0.895     -0.762      0.000 4
 110  112     -0.892      0.040      0.000 4
  -1  111     -0.888     -0.708      0.000 4
 115  114     -0.863      0.141      0.000 4
 116  115     -0.856      0.813      0.000 4
 118  117     -0.846     -0.442      0.000 4
 117  118     -0.846     -0.142      0.000 4
 109  128     -0.832      1.048      0.000 4
 121  109     -0.830     -1.170      0.000 4
  -1   -2     -0.827     -0.343      0.000 4
 122  120     -0.825      0.880      0.000 4
 123  121     -0.822      1.095      0.000 4
 124  124     -0.820     -0.096      0.000 4
  -1   -2     -0.817     -0.913      0.000 4
 125  122     -0.815      0.987      0.000 4
 126  123     -0.814     -0.755      0.000 4
  -1   -2     -0.810     -0.806      0.000 4
  -1   -2     -0.809      0.070      0.000 4
 127  126     -0.777      0.778      0.000 4
  -1  127     -0.777     -0.044      0.000 4
 129  129     -0.760     -0.539      0.000 4
 130   -2     -0.759      0.960      0.000 4
 131   -2     -0.754     -0.932      0.000 4
 133   -2     -0.742      0.851      0.000 4
 134  132     -0.740     -0.288      0.000 4
 140  130     -0.730     -0.963      0.000 4
 136  134     -0.730     -0.676      0.000 4
 138  136     -0.722     -0.546      0.000 4
  -1  137     -0.715     -1.011      0.000 4
 139  140     -0.709      0.050      0.000 4
 141  139     -0.708     -0.257      0.000 4
  -1  138     -0.708      0.980      0.000 4
 132  141     -0.702     -1.170      0.000 4
 144  143     -0.696      1.034      0.000 4
 145  150     -0.687      0.330      0.000 4
  -1  145     -0.683     -1.140      0.000 4
 147  146     -0.676     -0.480      0.000 4
 149  147     -0.659     -0.737      0.000 4
 150  148     -0.657      0.847      0.000 4
 154  157     -0.655     -0.885      0.000 4
 152  149     -0.653     -0.211      0.000 4
 155   -2     -0.652     -0.268      0.000 4
 156   -2     -0.645      0.450      0.000 4
 153  152     -0.640      1.107      0.000 4
 158  154     -0.633      1.030      0.000 4
 160  155     -0.622     -0.475      0.000 4
 159  158     -0.622      0.082      0.000 4
 166   -2     -0.619     -0.737      0.000 4
 163  156     -0.618     -1.054      0.000 4
 161  160     -0.618      0.179      0.000 4
 162   -2     -0.617     -0.977      0.000 4
 164  161     -0.612      0.633      0.000 4
  -1   -2     -0.608      0.794      0.000 4
 165  163     -0.593     -0.036      0.000 4
 169  164     -0.575      0.997      0.000 4
 170  165     -0.572     -0.108      0.000 4
 171  166     -0.557     -0.937      0.000 4
 175  172     -0.556     -1.170      0.000 4
 172  168     -0.549     -0.251      0.000 4
  -1   -2     -0.541      0.442      0.000 4
 168  178     -0.537     -1.087      0.000 4
 174  169     -0.535      0.407      0.000 4
 177  170     -0.529     -0.621      0.000 4
 178  171     -0.526      1.119      0.000 4
 179  173     -0.520      0.901      0.000 4
 180  174     -0.505      0.296      0.000 4
 181  175     -0.491     -0.152      0.000 4
 182  176     -0.489      0.465      0.000 4
 186   -2     -0.475     -0.458      0.000 4
 185  184     -0.475     -1.162      0.000 4
 188  177     -0.473      0.679      0.000 4
 187  189     -0.470      0.985      0.000 4
 189  179     -0.469     -0.246      0.000 4
 190  180     -0.461     -0.212      0.000 4
 192   -2     -0.459     -1.110      0.000 4
 191  181     -0.457     -0.539      0.000 4
 193  182     -0.454     -0.768      0.000 4
 194  183     -0.448     -0.877      0.000 4
 195  185     -0.440      0.654      0.000 4
 196  186     -0.429     -0.593      0.000 4
  -1   -2     -0.425     -0.981      0.000 4
 197  187     -0.420      1.126      0.000 4
 198  190     -0.408     -0.661      0.000 4
  -1  191     -0.406     -1.161      0.000 4
 201   -2     -0.396      0.818      0.000 4
 202  192     -0.390      0.782      0.000 4
 204  194     -0.388     -0.875      0.000 4
 206  195     -0.387      0.964      0.000 4
 203  193     -0.386      0.269      0.000 4
 205  196     -0.386      0.894      0.000 4
 207   -2     -0.383      0.473      0.000 4
 208  197     -0.379     -0.498      0.000 4
 211   -2     -0.356     -1.130      0.000 4
 213   -2     -0.354     -1.175      0.000 4
 212  199     -0.352      0.705      0.000 4
 199  201     -0.338      0.365      0.000 4
 217  202     -0.334      1.149      0.000 4
  -1  204     -0.324     -0.745      0.000 4
 218  205     -0.319     -0.829      0.000 4
 219  206     -0.317     -0.332      0.000 4
 220  207     -0.304      0.689      0.000 4
 221  208     -0.299     -0.878      0.000 4
 222  210     -0.294      0.652      0.000 4
 232  200     -0.288     -1.114      0.000 4
 223  212     -0.285     -0.580      0.000 4
 215   -2     -0.278     -0.474      0.000 4
  -1   -2     -0.275      0.465      0.000 4
 228  215     -0.261     -0.959      0.000 4
 227  214     -0.260     -0.757      0.000 4
 229  216     -0.257      0.615      0.000 4
 230  209     -0.247      0.873      0.000 4
  -1  217     -0.243     -1.078      0.000 4
  -1  218     -0.242     -0.033      0.000 4
 231  219     -0.241      0.074      0.000 4
 233   -2     -0.236      0.036      0.000 4
 234  220     -0.220     -0.204      0.000 4
  -1   -2     -0.216      0.379      0.000 4
  -1   -2     -0.213     -0.873      0.000 4
  -1  222     -0.197     -0.141      0.000 4
 237  226     -0.181      0.328      0.000 4
 239   -2     -0.179     -0.543      0.000 4
 238  225     -0.179     -0.655      0.000 4
 241  224     -0.179     -1.068      0.000 4
 240  228     -0.178      0.413      0.000 4
 242  227     -0.176      1.140      0.000 4
 243  230     -0.168     -0.055      0.000 4
 244  232     -0.154      0.527      0.000 4
 253  236     -0.153     -1.172      0.000 4
 246  233     -0.153     -0.254      0.000 4
 245   -2     -0.152      0.283      0.000 4
 263   -2     -0.143     -1.122      0.000 4
  -1  229     -0.142     -0.560      0.000 4
 248  234     -0.136     -0.884      0.000 4
 249  235     -0.132      0.200      0.000 4
 250  237     -0.127     -0.118      0.000 4
 251  238     -0.121      1.147      0.000 4
 265  239     -0.106     -0.255      0.000 4
  -1   -2     -0.104      0.588      0.000 4
 256  241     -0.104      0.300      0.000 4
 255  242     -0.101     -0.513      0.000 4
  -1   -2     -0.097      0.256      0.000 4
 257  243     -0.090     -0.997      0.000 4
 258   -2     -0.085      0.497      0.000 4
 260  244     -0.084      0.987      0.000 4
 261  245     -0.081      0.007      0.000 4
  -1   -2     -0.078     -0.027      0.000 4
 262  246     -0.078     -0.947      0.000 4
 264  247     -0.069      1.098      0.000 4
  -1  240     -0.065     -0.328      0.000 4
 252   -2     -0.060      0.803      0.000 4
 274   -2     -0.040     -1.128      0.000 4
 267  251     -0.036      1.045      0.000 4
 268  252     -0.027      0.267      0.000 4
 269  253     -0.022      0.477      0.000 4
  -1  266     -0.017      0.618      0.000 4
 270  256     -0.016      0.898      0.000 4
 271  254     -0.009      0.051      0.000 4
 273   -2     -0.005      0.316      0.000 4
 272  261     -0.001     -1.029      0.000 4
 276   -2      0.008      0.827      0.000 4
 275  255      0.008      0.723      0.000 4
 277  257      0.016      0.482      0.000 4
  -1  258      0.022      0.285      0.000 4
  -1   -2      0.029     -0.991      0.000 4
  -1  250      0.037     -1.169      0.000 4
 285  260      0.044     -1.059      0.000 4
 281  262      0.052      0.544      0.000 4
 282  263      0.061      0.758      0.000 4
  -1  265      0.062      0.046      0.000 4
 284  264      0.064     -0.922      0.000 4
 286  267      0.070     -0.764      0.000 4
  -1   -2      0.072      0.662      0.000 4
 287  268      0.076      0.136      0.000 4
 289  270      0.088      0.101      0.000 4
 290   -2      0.092     -1.163      0.000 4
 291  272      0.103      1.036      0.000 4
  -1   -2      0.135     -0.469      0.000 4
 293  273      0.138      0.811      0.000 4
  -1  276      0.142     -1.036      0.000 4
 296  275      0.142      0.708      0.000 4
 295  277      0.142     -0.376      0.000 4
 297  278      0.152      0.565      0.000 4
 299  279      0.153     -1.076      0.000 4
 300  280      0.165      0.883      0.000 4
 301  281      0.178      0.308      0.000 4
 302  282      0.184     -0.559      0.000 4
 303  283      0.191     -1.042      0.000 4
  -1   -2      0.194     -1.172      0.000 4
 304  284      0.199     -0.357      0.000 4
  -1  286      0.210     -1.156      0.000 4
 306  288      0.214     -0.858      0.000 4
 307  289      0.217      1.090      0.000 4
 305  287      0.217     -1.076      0.000 4
 309  290      0.218      0.811      0.000 4
 308  292      0.221      0.037      0.000 4
  -1  291      0.222     -1.001      0.000 4
 311  293      0.229     -0.733      0.000 4
 310  294      0.230      0.466      0.000 4
 313  295      0.246     -0.108      0.000 4
 312  296      0.248     -1.028      0.000 4
  -1  297      0.263     -0.756      0.000 4
 315  298      0.271     -0.291      0.000 4
 316   -2      0.273      0.124      0.000 4
 317  299      0.275      0.814      0.000 4
 318  300      0.286      1.022      0.000 4
 319  301      0.294      0.950      0.000 4
 321  302      0.298      0.210      0.000 4
  -1   -2      0.307      0.146      0.000 4
 314  316      0.308     -1.172      0.000 4
  -1   -2      0.327     -1.087      0.000 4
 323  306      0.333     -0.254      0.000 4
  -1  307      0.337     -0.292      0.000 4
 325  309      0.347      0.056      0.000 4
 327  334      0.351     -0.489      0.000 4
 329  310      0.354      0.868      0.000 4
 328  311      0.354      1.159      0.000 4
 330  312      0.360     -1.049      0.000 4
 339   -2      0.375      0.914      0.000 4
 334  315      0.382     -0.327      0.000 4
 336  313      0.383     -1.114      0.000 4
 322  326      0.387     -1.172      0.000 4
 335   -2      0.389     -0.932      0.000 4
 337  318      0.390     -0.686      0.000 4
 340  321      0.414      0.055      0.000 4
 341  322      0.418     -0.993      0.000 4
 342  323      0.422     -0.334      0.000 4
 338  333      0.431     -0.769      0.000 4
  -1   -2      0.432     -1.162      0.000 4
  -1   -2      0.434     -0.098      0.000 4
 344  329      0.434      0.251      0.000 4
 345  330      0.445      0.146      0.000 4
 346  331      0.450     -0.568      0.000 4
 355  305      0.455      0.460      0.000 4
 348  332      0.458      1.073      0.000 4
  -1  337      0.467     -1.178      0.000 4
 351   -2      0.473     -0.511      0.000 4
 354  336      0.483      0.007      0.000 4
 353   -2      0.490     -1.151      0.000 4
 356  338      0.498     -0.361      0.000 4
 357  353      0.507     -0.850      0.000 4
  -1  339      0.511      0.580      0.000 4
 358  340      0.511     -0.697      0.000 4
 360  342      0.520      0.625      0.000 4
 368  343      0.521      0.525      0.000 4
  -1  344      0.525      0.185      0.000 4
 362  346      0.532      1.168      0.000 4
 363  345      0.532     -0.539      0.000 4
  -1  347      0.536      0.269      0.000 4
 365  348      0.543     -0.021      0.000 4
  -1  350      0.544     -0.804      0.000 4
 366  349      0.546      0.775      0.000 4
  -1   -2      0.552      0.579      0.000 4
 367   -2      0.560     -0.835      0.000 4
 369  354      0.562      0.655      0.000 4
 370  355      0.569     -0.868      0.000 4
  -1  352      0.574      0.599      0.000 4
 371  356      0.586     -0.503      0.000 4
 372  358      0.596     -0.305      0.000 4
 375   -2      0.606      0.730      0.000 4
 377  360      0.609     -0.910      0.000 4
 378  361      0.616      0.911      0.000 4
 379  362      0.616      1.161      0.000 4
 380  363      0.620      0.788      0.000 4
 373   -2      0.628     -1.065      0.000 4
 382  366      0.629     -0.673      0.000 4
 384  368      0.650     -0.767      0.000 4
  -1  369      0.653     -0.573      0.000 4
 374  388      0.654     -0.223      0.000 4
 387  371      0.659      0.431      0.000 4
 386  372      0.660     -0.617      0.000 4
 388  373      0.662      0.465      0.000 4
 389  374      0.667      0.705      0.000 4
 391  387      0.674      1.058      0.000 4
  -1  367      0.675      0.073      0.000 4
 392  375      0.683     -0.970      0.000 4
 393  376      0.685     -0.362      0.000 4
 394  382      0.702      0.826      0.000 4
 409   -2      0.705     -0.407      0.000 4
  -1  379      0.705     -1.047      0.000 4
  -1  380      0.708     -0.448      0.000 4
 397  383      0.713      0.749      0.000 4
 398  384      0.720     -0.809      0.000 4
 399  385      0.722      0.421      0.000 4
 400   -2      0.727      1.071      0.000 4
 401  378      0.729     -1.125      0.000 4
 402  389      0.730     -1.032      0.000 4
 404  391      0.745     -0.651      0.000 4
 405  392      0.747     -0.842      0.000 4
 406   -2      0.751      1.058      0.000 4
 408  393      0.757      0.971      0.000 4
 407  394      0.759     -1.077      0.000 4
 411  395      0.775     -0.347      0.000 4
 412   -2      0.779      1.072      0.000 4
  -1  396      0.779      1.146      0.000 4
  -1   -2      0.783     -1.162      0.000 4
 414  398      0.784     -1.037      0.000 4
 413  402      0.790     -0.990      0.000 4
 415  399      0.791      0.917      0.000 4
 416  400      0.797     -0.609      0.000 4
 423  401      0.804      0.611      0.000 4
 418  403      0.808     -0.788      0.000 4
 419  404      0.819      0.220      0.000 4
 420  405      0.827      0.255      0.000 4
 421  407      0.834     -1.113      0.000 4
 422  408      0.837     -1.060      0.000 4
 425   -2      0.842     -0.856      0.000 4
 430  410      0.864      0.568      0.000 4
 429  412      0.866      1.142      0.000 4
 426   -2      0.867     -0.084      0.000 4
 431  414      0.867     -0.779      0.000 4
 433  411      0.868      0.343      0.000 4
 435  413      0.869      0.297      0.000 4
 428  416      0.897      0.819      0.000 4
 436  417      0.899     -1.006      0.000 4
 437  418      0.913     -0.050      0.000 4
 438  420      0.918      0.993      0.000 4
 439   -2      0.924      1.052      0.000 4
 440  421      0.934      1.105      0.000 4
  -1  423      0.935     -0.806      0.000 4
 444  422      0.937      0.074      0.000 4
 455   -2      0.938      1.029      0.000 4
 445  424      0.949     -0.268      0.000 4
 446  425      0.950     -0.458      0.000 4
 449  426      0.962     -0.161      0.000 4
 448  427      0.964     -0.548      0.000 4
 447  428      0.966     -1.134      0.000 4
 450  429      0.972      0.701      0.000 4
 451  430      0.975      0.138      0.000 4
 452  431      0.979      0.646      0.000 4
 453  432      0.981      0.599      0.000 4
  -1  433      0.996      0.267      0.000 4
 456  434      0.997      0.384      0.000 4
  -1   -2      0.998      0.097      0.000 4
  -1   -2      1.007      1.114      0.000 4
  -1  435      1.018     -0.238      0.000 4
 457  436      1.032     -0.269      0.000 4
 459  437      1.036      0.205      0.000 4
 460   -2      1.046     -0.175      0.000 4
 461  438      1.053     -0.619      0.000 4
  -1  439      1.054     -0.995      0.000 4
 463  441      1.063      0.489      0.000 4
  -1   -2      1.071      0.535      0.000 4
 465  442      1.081      0.425      0.000 4
 466  443      1.082     -0.266      0.000 4
  -1   -2      1.086     -1.067      0.000 4
  -1   -2      1.092      0.728      0.000 4
  -1  444      1.096     -0.359      0.000 4
 467  445      1.100     -0.058      0.000 4
 468  446      1.111     -1.024      0.000 4
 469  447      1.115      1.017      0.000 4
 470  448      1.118      0.943      0.000 4
 471  450      1.120     -0.693      0.000 4
 472  449      1.123      0.641      0.000 4
 473  452      1.130      0.811      0.000 4
 462  465      1.144     -1.139      0.000 4
  -1   -2      1.144      0.695      0.000 4
 476  453      1.144     -0.033      0.000 4
 477  455      1.156      1.017      0.000 4
 478  456      1.158     -0.923      0.000 4
 479  457      1.160     -0.834      0.000 4
  -1   -2      1.167      0.562      0.000 4
  -1   -2      1.170     -0.377      0.000 4
 483  458      1.185      0.238      0.000 4
 485   -2      1.189      0.073      0.000 4
 484  459      1.189     -0.606      0.000 4
  -1  462      1.191      1.071      0.000 4
  -1  464      1.198     -0.847      0.000 4
 487  454      1.221     -1.061      0.000 4
 486  466      1.227      0.965      0.000 4
  -1  460      1.243     -0.006      0.000 4
 489  468      1.255     -0.562      0.000 4
 481   -2      1.263     -0.427      0.000 4
 491   -2      1.278      0.250      0.000 4
 493   -2      1.281     -0.108      0.000 4
 492  470      1.281      1.013      0.000 4
  -1  471      1.296      0.668      0.000 4
  -1   -2      1.309     -1.049      0.000 4
 496  474      1.311     -1.166      0.000 4
  -1  476      1.313      0.561      0.000 4
 495  475      1.318      0.275      0.000 4
  -1  473      1.325     -0.976      0.000 4
 494  481      1.334     -0.559      0.000 4
 499   -2      1.336      0.577      0.000 4
 500  478      1.344     -0.648      0.000 4
 501  480      1.351     -0.072      0.000 4
 502  479      1.351      0.399      0.000 4
  -1   -2      1.370     -0.538      0.000 4
 503  482      1.386     -1.086      0.000 4
  -1  484      1.388     -1.172      0.000 4
 497   -2      1.388     -1.032      0.000 4
  -1  486      1.403      0.450      0.000 4
 506  487      1.406      1.142      0.000 4
 507   -2      1.436     -0.417      0.000 4
 509  489      1.438     -0.312      0.000 4
 508  490      1.438     -0.551      0.000 4
 510  491      1.440      0.160      0.000 4
 512   -2      1.443      0.075      0.000 4
 511  488      1.444     -0.484      0.000 4
 513   -2      1.444      0.583      0.000 4
 514  492      1.445     -0.284      0.000 4
  -1  494      1.450     -1.162      0.000 4
 505   -2      1.478      0.666      0.000 4
 519  496      1.484      0.238      0.000 4
 522   -2      1.484     -1.033      0.000 4
 521  497      1.488      0.559      0.000 4
 520  498      1.490     -0.857      0.000 4
 524  499      1.499     -0.822      0.000 4
 525  500      1.519      0.640      0.000 4
 526  502      1.528      0.896      0.000 4
 527  503      1.532      0.030      0.000 4
 529  505      1.535     -0.336      0.000 4
 530   -2      1.537     -0.268      0.000 4
 531  506      1.538      0.285      0.000 4
 532  508      1.541     -0.094      0.000 4
 515   -2      1.546     -1.157      0.000 4
 535  510      1.557     -1.035      0.000 4
 534  507      1.558     -0.303      0.000 4
  -1  511      1.559     -0.725      0.000 4
 536  512      1.564      1.165      0.000 4
 537  513      1.570      0.050      0.000 4
 538  515      1.574     -0.933      0.000 4
  -1  514      1.574      0.472      0.000 4
