551
   0    0     -1.570     -0.824      0.000 4
   1   -2     -1.562     -0.152      0.000 4
   3    3     -1.552      0.240      0.000 4
   4   -2     -1.547      0.355      0.000 4
   6   -2     -1.546      1.020      0.000 4
  -1    5     -1.539     -1.163      0.000 4
   7    6     -1.538      0.304      0.000 4
   8    8     -1.530      0.577      0.000 4
   9    9     -1.526      0.450      0.000 4
  10   10     -1.518      0.717      0.000 4
  11   11     -1.515     -0.328      0.000 4
  -1   16     -1.510     -1.125      0.000 4
  12   12     -1.509      0.167      0.000 4
  15   14     -1.496      0.930      0.000 4
  16   -2     -1.495     -1.102      0.000 4
  30   -2     -1.494      0.624      0.000 4
  17   15     -1.482      0.533      0.000 4
  -1   -2     -1.477     -1.131      0.000 4
  18   17     -1.470      0.369      0.000 4
  19   18     -1.464      1.079      0.000 4
  20   20     -1.462     -0.386      0.000 4
  21   19     -1.460     -0.590      0.000 4
  22   21     -1.456     -0.661      0.000 4
  -1   22     -1.455      0.227      0.000 4
  24   23     -1.446      0.765      0.000 4
  23   24     -1.444      0.309      0.000 4
  25   26     -1.431      0.068      0.000 4
  29   25     -1.431     -1.035      0.000 4
  27   27     -1.427      0.815      0.000 4
  28   28     -1.423     -0.424      0.000 4
  -1   30     -1.418      0.690      0.000 4
  -1   -2     -1.410      0.016      0.000 4
  31   -2     -1.402      0.654      0.000 4
  -1   32     -1.391      0.595      0.000 4
  34   31     -1.390     -1.163      0.000 4
  32   -2     -1.387     -0.575      0.000 4
  33   34     -1.383     -0.011      0.000 4
  -1   36     -1.380      0.030      0.000 4
  36   35     -1.372     -0.910      0.000 4
  35   37     -1.371      0.179      0.000 4
  -1   40     -1.359      0.741      0.000 4
  37   39     -1.350      1.168      0.000 4
  38   41     -1.345     -0.947      0.000 4
  40   42     -1.334      0.591      0.000 4
  39   43     -1.334     -0.367      0.000 4
  41   44     -1.330      0.978      0.000 4
  -1   51     -1.323      0.414      0.000 4
  -1   -2     -1.323      0.925      0.000 4
  -1   45     -1.318     -1.095      0.000 4
  43   -2     -1.315      1.134      0.000 4
  44   47     -1.300     -1.047      0.000 4
  45   49     -1.300     -0.863      0.000 4
  -1   -2     -1.298     -0.466      0.000 4
  47   53     -1.281     -0.891      0.000 4
  46   54     -1.277     -0.666      0.000 4
  48   55     -1.274     -0.562      0.000 4
  49   56     -1.266     -0.137      0.000 4
  50   57     -1.250     -1.030      0.000 4
  53   58     -1.245      1.038      0.000 4
  55   60     -1.228     -0.877      0.000 4
  54   61     -1.228      0.868      0.000 4
  56   62     -1.212     -0.677      0.000 4
  -1   -2     -1.211     -0.812      0.000 4
  57   63     -1.209      0.758      0.000 4
  59   64     -1.207      0.661      0.000 4
  42   -2     -1.196     -1.101      0.000 4
  60   65     -1.195      0.422      0.000 4
  62   66     -1.183     -0.369      0.000 4
  -1   68     -1.169     -1.171      0.000 4
  63   -2     -1.164      1.065      0.000 4
  65   70     -1.162     -0.869      0.000 4
  66   71     -1.161     -0.907      0.000 4
  64   73     -1.158     -0.112      0.000 4
  67   69     -1.156      1.029      0.000 4
  81   52     -1.154     -1.126      0.000 4
  68   74     -1.153      0.675      0.000 4
  -1   -2     -1.144     -0.062      0.000 4
  70   75     -1.135     -0.391      0.000 4
  71   77     -1.130      0.413      0.000 4
  61   -2     -1.124     -1.047      0.000 4
  72   79     -1.123     -0.297      0.000 4
  74   80     -1.113      1.073      0.000 4
  75   82     -1.107      0.494      0.000 4
  77   83     -1.091     -0.167      0.000 4
  76   85     -1.087     -1.116      0.000 4
  78   84     -1.087      0.826      0.000 4
  -1   76     -1.086     -0.976      0.000 4
  82   -2     -1.084      0.195      0.000 4
  80   86     -1.082      0.400      0.000 4
  83   87     -1.070      0.594      0.000 4
  84   88     -1.060     -0.225      0.000 4
  85   90     -1.050     -0.753      0.000 4
  -1   -2     -1.050     -0.398      0.000 4
  86   91     -1.046      0.348      0.000 4
  87   92     -1.038     -0.445      0.000 4
  90   93     -1.015     -0.888      0.000 4
  91   95     -1.011      0.930      0.000 4
 100   97     -1.008     -1.088      0.000 4
  -1   96     -1.007     -0.797      0.000 4
  92   -2     -1.005     -1.171      0.000 4
  94   98     -1.000      1.047      0.000 4
  95   99     -0.996      0.793      0.000 4
  96  102     -0.989     -0.593      0.000 4
  97  100     -0.984      0.313      0.000 4
  -1   -2     -0.973     -0.434      0.000 4
 105  103     -0.970     -1.024      0.000 4
  99  105     -0.969      0.578      0.000 4
  98  106     -0.969     -0.089      0.000 4
 101  104     -0.966      1.068      0.000 4
  93   -2     -0.942     -1.147      0.000 4
 102  108     -0.935     -0.963      0.000 4
 107   -2     -0.933      0.754      0.000 4
  -1  115     -0.923     -0.031      0.000 4
 103  109     -0.913      0.696      0.000 4
 104  112     -0.913     -0.135      0.000 4
 106  111     -0.908      1.095      0.000 4
 109  114     -0.899     -0.215      0.000 4
  -1   -2     -0.895      0.332      0.000 4
  -1  119     -0.893     -0.049      0.000 4
 111   -2     -0.890     -0.008      0.000 4
  -1  116     -0.888     -0.443      0.000 4
 112  117     -0.885     -0.618      0.000 4
 113  118     -0.883     -0.751      0.000 4
 117  122     -0.868     -0.699      0.000 4
 118  124     -0.862      0.737      0.000 4
 116  125     -0.857      0.317      0.000 4
 110  113     -0.856     -1.171      0.000 4
 119  126     -0.853      0.393      0.000 4
 120  129     -0.829     -0.054      0.000 4
  -1  134     -0.829     -0.909      0.000 4
 121  127     -0.827      1.047      0.000 4
 122  130     -0.824      0.814      0.000 4
 124  131     -0.821      1.093      0.000 4
 125  133     -0.814      0.038      0.000 4
 127  135     -0.800      0.881      0.000 4
 128  138     -0.799     -0.441      0.000 4
 130  136     -0.798      0.990      0.000 4
 129  137     -0.797     -0.801      0.000 4
 132  139     -0.796     -1.102      0.000 4
 131  140     -0.796     -0.754      0.000 4
 133  141     -0.787      0.140      0.000 4
  -1  142     -0.779     -0.597      0.000 4
 136  144     -0.775     -0.144      0.000 4
 141  148     -0.749     -0.925      0.000 4
 140  147     -0.748     -0.099      0.000 4
  -1  146     -0.743      0.970      0.000 4
  -1  149     -0.737     -0.483      0.000 4
  -1   -2     -0.733     -0.573      0.000 4
 145   -2     -0.733     -0.963      0.000 4
 144   -2     -0.732      0.768      0.000 4
 143  151     -0.728      0.068      0.000 4
  -1  152     -0.723     -1.009      0.000 4
 146  153     -0.722     -1.168      0.000 4
 148  154     -0.720     -0.546      0.000 4
  -1   -2     -0.717      0.216      0.000 4
 151  150     -0.717      0.718      0.000 4
 149  158     -0.713      0.864      0.000 4
 135   -2     -0.704     -0.677      0.000 4
 142  163     -0.688      1.047      0.000 4
  -1   -2     -0.684     -0.553      0.000 4
 157   -2     -0.684      0.916      0.000 4
 156  161     -0.680     -0.296      0.000 4
 158  159     -0.680     -1.124      0.000 4
  -1   -2     -0.676      1.176      0.000 4
  -1   -2     -0.675      0.038      0.000 4
 159  162     -0.647     -0.267      0.000 4
 160  164     -0.645     -0.416      0.000 4
  -1   -2     -0.642      1.128      0.000 4
 162  166     -0.639     -0.751      0.000 4
 164  165     -0.638     -1.108      0.000 4
 163  167     -0.636      0.048      0.000 4
 165  169     -0.630     -0.493      0.000 4
 166  170     -0.629      0.865      0.000 4
 147  185     -0.627     -1.064      0.000 4
 161   -2     -0.620      1.057      0.000 4
 169  172     -0.619      0.337      0.000 4
 170  173     -0.610     -0.985      0.000 4
  -1  174     -0.606     -1.101      0.000 4
 171  176     -0.599      0.262      0.000 4
 172  175     -0.598     -0.755      0.000 4
 173  177     -0.589     -0.221      0.000 4
 174  178     -0.588      0.463      0.000 4
 176  180     -0.578     -0.491      0.000 4
 177  181     -0.566      0.650      0.000 4
 178  182     -0.562      1.027      0.000 4
 180  183     -0.553      0.082      0.000 4
 182  184     -0.547      0.184      0.000 4
  -1   -2     -0.542      0.892      0.000 4
 184  186     -0.530      1.149      0.000 4
 183  187     -0.527     -0.040      0.000 4
 187   -2     -0.509     -1.171      0.000 4
 185  189     -0.507     -0.118      0.000 4
  -1  191     -0.499      0.988      0.000 4
 186  190     -0.499      0.936      0.000 4
 188  192     -0.497     -0.649      0.000 4
 190  193     -0.491     -0.266      0.000 4
 192  194     -0.476      0.425      0.000 4
 194  195     -0.443      0.308      0.000 4
 195  196     -0.440     -0.914      0.000 4
 198  197     -0.435     -0.803      0.000 4
  -1  199     -0.435     -0.482      0.000 4
 196  198     -0.434      0.490      0.000 4
 197  200     -0.433      0.715      0.000 4
 199  201     -0.431     -0.164      0.000 4
 200  202     -0.424      1.171      0.000 4
 202  203     -0.420     -0.568      0.000 4
  -1  204     -0.412     -1.129      0.000 4
 203  205     -0.406     -0.243      0.000 4
 216  188     -0.405     -1.167      0.000 4
 205  206     -0.400      0.689      0.000 4
 207  207     -0.391     -0.628      0.000 4
  -1   -2     -0.385      0.638      0.000 4
 210  210     -0.379     -0.917      0.000 4
 211  211     -0.374      1.014      0.000 4
 213  212     -0.364      0.940      0.000 4
  -1  215     -0.362     -1.168      0.000 4
 214  214     -0.361      0.827      0.000 4
  -1  216     -0.358     -1.130      0.000 4
 201   -2     -0.348     -1.025      0.000 4
 218  217     -0.344     -0.535      0.000 4
  -1  218     -0.342      0.178      0.000 4
 219  219     -0.339      0.292      0.000 4
  -1  220     -0.336      0.503      0.000 4
 221  222     -0.321      0.751      0.000 4
 209  225     -0.310     -0.701      0.000 4
 223  224     -0.308     -0.879      0.000 4
  -1  208     -0.305     -0.172      0.000 4
 226  227     -0.291     -0.930      0.000 4
 225  228     -0.290      0.389      0.000 4
  -1   -2     -0.288     -1.100      0.000 4
 229  234     -0.275     -1.170      0.000 4
 228  230     -0.274     -0.365      0.000 4
  -1   -2     -0.274      0.738      0.000 4
  -1  239     -0.264      0.121      0.000 4
 230  229     -0.263      0.699      0.000 4
 232  232     -0.260     -1.015      0.000 4
 231  233     -0.257     -0.626      0.000 4
 233  231     -0.255     -1.129      0.000 4
 237   -2     -0.234     -0.183      0.000 4
 227  242     -0.232     -1.087      0.000 4
 235  237     -0.227      0.015      0.000 4
 236  238     -0.225      0.662      0.000 4
  -1   -2     -0.217     -0.203      0.000 4
  -1   -2     -0.206      0.035      0.000 4
 241  235     -0.201     -0.741      0.000 4
 240  240     -0.198     -0.111      0.000 4
  -1  241     -0.196     -0.041      0.000 4
 244  243     -0.188     -0.233      0.000 4
 248   -2     -0.183     -1.158      0.000 4
 254  244     -0.181     -1.128      0.000 4
 249  256     -0.162     -0.715      0.000 4
 250  246     -0.158     -0.164      0.000 4
 267  236     -0.153     -1.033      0.000 4
 252   -2     -0.148     -0.602      0.000 4
 251  249     -0.144      0.447      0.000 4
  -1   -2     -0.143     -1.119      0.000 4
 253  250     -0.143      0.357      0.000 4
  -1   -2     -0.138      0.742      0.000 4
 256  251     -0.131     -0.952      0.000 4
 255  252     -0.130     -0.070      0.000 4
 257  253     -0.128      0.573      0.000 4
  -1   -2     -0.122     -0.285      0.000 4
 259  255     -0.119      0.305      0.000 4
 262  258     -0.099      0.212      0.000 4
 263  259     -0.095     -0.138      0.000 4
  -1  248     -0.093     -1.123      0.000 4
  -1   -2     -0.083      0.641      0.000 4
 275  247     -0.082     -0.571      0.000 4
 265  260     -0.082      1.065      0.000 4
  -1  263     -0.079     -0.166      0.000 4
 266  262     -0.077     -0.288      0.000 4
 268  264     -0.075      0.324      0.000 4
 269  265     -0.073      1.171      0.000 4
 271  267     -0.061      0.538      0.000 4
 272  269     -0.052     -0.001      0.000 4
 273  271     -0.038      1.126      0.000 4
  -1  276     -0.026     -1.075      0.000 4
 285  273     -0.018     -0.423      0.000 4
 277  274     -0.011     -0.113      0.000 4
 270  290     -0.008     -1.169      0.000 4
 278  278     -0.007      0.521      0.000 4
 279  279     -0.005      0.290      0.000 4
 281  281      0.012      0.900      0.000 4
 282  282      0.014      0.339      0.000 4
 284  283      0.015      0.791      0.000 4
 283  284      0.015      0.044      0.000 4
  -1  285      0.023     -1.123      0.000 4
 287  286      0.032      0.527      0.000 4
 286   -2      0.040     -1.056      0.000 4
 288  287      0.040      0.308      0.000 4
 289  288      0.049     -0.041      0.000 4
 290  291      0.061      0.596      0.000 4
 291  292      0.062      0.828      0.000 4
 292  293      0.065     -0.998      0.000 4
 293   -2      0.068      0.724      0.000 4
 306   -2      0.069     -0.939      0.000 4
 295  294      0.074      0.540      0.000 4
 294  295      0.075     -0.841      0.000 4
  -1   -2      0.084     -0.890      0.000 4
 297  297      0.089      0.142      0.000 4
  -1  298      0.092     -0.646      0.000 4
 300  299      0.096      1.123      0.000 4
  -1   -2      0.098     -1.024      0.000 4
 301  300      0.100      0.102      0.000 4
 304  304      0.104      0.412      0.000 4
  -1   -2      0.112     -1.080      0.000 4
 305   -2      0.118      0.369      0.000 4
 307  306      0.139      0.777      0.000 4
 309  301      0.139     -1.066      0.000 4
  -1   -2      0.141      0.039      0.000 4
  -1  303      0.142     -1.114      0.000 4
 310  308      0.146     -0.426      0.000 4
 311  309      0.150      0.617      0.000 4
 302  320      0.150     -1.162      0.000 4
 312  310      0.156     -0.605      0.000 4
 313  311      0.160      0.963      0.000 4
 314   -2      0.177      0.335      0.000 4
 315   -2      0.187     -0.625      0.000 4
 316  314      0.192     -1.119      0.000 4
 317  315      0.199     -0.405      0.000 4
 318   -2      0.203      1.173      0.000 4
 320  316      0.207      0.992      0.000 4
 321  317      0.212      0.887      0.000 4
 319   -2      0.214     -1.150      0.000 4
 322  318      0.214     -0.933      0.000 4
 323  319      0.218      0.029      0.000 4
  -1  321      0.223     -0.262      0.000 4
 326  323      0.229     -0.805      0.000 4
  -1   -2      0.230     -1.007      0.000 4
  -1  313      0.234      0.479      0.000 4
 328  324      0.242     -0.129      0.000 4
  -1  326      0.262     -0.824      0.000 4
 330  327      0.263      0.888      0.000 4
 332  328      0.266     -0.329      0.000 4
 333  330      0.277      1.104      0.000 4
 334  331      0.285      1.028      0.000 4
 335  332      0.286      0.226      0.000 4
 339   -2      0.287      0.661      0.000 4
  -1   -2      0.292     -0.129      0.000 4
  -1   -2      0.303     -0.939      0.000 4
 329  333      0.304     -1.142      0.000 4
  -1   -2      0.314      0.532      0.000 4
 341   -2      0.321     -1.166      0.000 4
 337  335      0.326     -0.293      0.000 4
 338   -2      0.330     -0.173      0.000 4
 340  336      0.331      0.055      0.000 4
 342  338      0.337      0.941      0.000 4
 343  339      0.365     -1.114      0.000 4
 344  340      0.369     -0.365      0.000 4
  -1  342      0.378     -1.006      0.000 4
 345  341      0.381     -0.745      0.000 4
 346  343      0.389      1.048      0.000 4
  -1  349      0.390     -0.915      0.000 4
 347  345      0.392     -1.166      0.000 4
 349  346      0.405     -0.371      0.000 4
 350  347      0.407      0.271      0.000 4
 351  348      0.412     -0.418      0.000 4
 352  350      0.419      0.154      0.000 4
 353  351      0.419     -1.054      0.000 4
 354  352      0.425     -0.827      0.000 4
  -1   -2      0.427      0.499      0.000 4
 355  353      0.432      0.816      0.000 4
 356   -2      0.435     -0.615      0.000 4
 359  354      0.439     -1.159      0.000 4
  -1   -2      0.442     -1.122      0.000 4
 358  355      0.447      1.144      0.000 4
  -1   -2      0.454      0.647      0.000 4
 360  357      0.455      0.003      0.000 4
 361  359      0.459     -0.557      0.000 4
  -1   -2      0.462     -0.514      0.000 4
 362  364      0.465      0.469      0.000 4
 364  369      0.477     -0.113      0.000 4
 363  361      0.477     -0.393      0.000 4
  -1   -2      0.481     -1.054      0.000 4
  -1  362      0.481     -1.115      0.000 4
 366  363      0.485      0.568      0.000 4
  -1   -2      0.490      0.514      0.000 4
 367  365      0.490      0.679      0.000 4
 368   -2      0.491     -1.152      0.000 4
 394   -2      0.493      0.194      0.000 4
 370  368      0.500     -0.742      0.000 4
 371  366      0.501      0.292      0.000 4
 373   -2      0.510     -0.025      0.000 4
 376  371      0.518      0.837      0.000 4
 379   -2      0.518      0.625      0.000 4
 375  372      0.519     -0.580      0.000 4
 377   -2      0.532      0.704      0.000 4
 378  376      0.544     -0.861      0.000 4
 381  377      0.564     -0.909      0.000 4
 382  378      0.566     -0.536      0.000 4
 383  379      0.575      0.444      0.000 4
  -1  380      0.577      0.784      0.000 4
 384  381      0.591      0.846      0.000 4
 385  382      0.595      0.973      0.000 4
 386  383      0.598     -0.036      0.000 4
 387  384      0.608     -0.950      0.000 4
 389  385      0.613      0.467      0.000 4
 388  386      0.615     -0.705      0.000 4
 390  387      0.619      0.502      0.000 4
 391  388      0.626      0.758      0.000 4
  -1  390      0.627     -1.168      0.000 4
 392  389      0.631     -0.607      0.000 4
 395  392      0.637     -0.801      0.000 4
 393  393      0.637     -1.097      0.000 4
 399  396      0.662      0.521      0.000 4
 400  398      0.672      0.881      0.000 4
 401  399      0.672      0.453      0.000 4
 403  401      0.678      0.799      0.000 4
 402  402      0.679     -0.450      0.000 4
  -1   -2      0.690     -0.246      0.000 4
 406  405      0.694     -0.169      0.000 4
 397   -2      0.698     -1.173      0.000 4
 408  406      0.709     -0.831      0.000 4
 410  407      0.712      1.124      0.000 4
  -1  431      0.722      0.000      0.000 4
 407   -2      0.724     -1.114      0.000 4
  -1  409      0.730     -0.672      0.000 4
 414  410      0.733      1.029      0.000 4
 404   -2      0.733     -1.053      0.000 4
  -1  412      0.739      1.113      0.000 4
 415  413      0.743     -0.358      0.000 4
 416  414      0.743     -0.862      0.000 4
  -1  415      0.762      0.237      0.000 4
 418  416      0.766     -1.092      0.000 4
 419  417      0.769      1.121      0.000 4
 420   -2      0.775     -0.028      0.000 4
 421  418      0.777     -0.623      0.000 4
 423  420      0.790     -1.046      0.000 4
  -1  422      0.803     -0.982      0.000 4
 425  423      0.804     -0.136      0.000 4
  -1  426      0.811      0.364      0.000 4
 426  429      0.811      0.605      0.000 4
 427  427      0.812      0.318      0.000 4
 430  430      0.820      0.801      0.000 4
 431   -2      0.825      0.493      0.000 4
 432  433      0.834     -0.863      0.000 4
 433  436      0.847     -1.058      0.000 4
 435  435      0.850      1.035      0.000 4
  -1  437      0.857     -0.535      0.000 4
 434  441      0.860     -1.152      0.000 4
 438  439      0.861      0.856      0.000 4
 439  440      0.863     -0.043      0.000 4
 437  444      0.877     -0.606      0.000 4
 442   -2      0.886     -0.204      0.000 4
 444  447      0.901      1.029      0.000 4
 443  445      0.901     -1.005      0.000 4
 445  446      0.909     -0.266      0.000 4
 446  449      0.911     -0.158      0.000 4
 448  451      0.919     -0.454      0.000 4
 449  448      0.920      1.064      0.000 4
  -1  443      0.922      0.032      0.000 4
  -1  458      0.924     -0.873      0.000 4
 450  454      0.925      1.139      0.000 4
 452  452      0.925      0.731      0.000 4
 436  473      0.925     -0.802      0.000 4
 453  453      0.927      0.626      0.000 4
 454  457      0.928      0.675      0.000 4
 440  456      0.929      0.102      0.000 4
 455  459      0.933     -1.078      0.000 4
 456  460      0.934      0.404      0.000 4
 457  461      0.940     -0.545      0.000 4
 451  467      0.959     -0.706      0.000 4
 459  463      0.966      0.776      0.000 4
 460  475      0.969     -0.325      0.000 4
 461  466      0.972     -1.125      0.000 4
 462  465      0.973     -0.228      0.000 4
 463  464      0.974      0.217      0.000 4
 464   -2      0.978     -0.616      0.000 4
 465  471      0.995     -0.164      0.000 4
 466  472      1.002      0.507      0.000 4
 476  455      1.014     -0.836      0.000 4
 468  474      1.018      0.437      0.000 4
 469  476      1.032     -0.605      0.000 4
 470  477      1.035     -0.253      0.000 4
 472   -2      1.047      0.742      0.000 4
  -1  470      1.050     -0.464      0.000 4
 473  481      1.053     -1.171      0.000 4
  -1   -2      1.054      0.693      0.000 4
 474  480      1.057     -0.346      0.000 4
 475   -2      1.064      0.646      0.000 4
 471  502      1.078     -0.109      0.000 4
 477  483      1.085     -0.018      0.000 4
 479  485      1.089      0.821      0.000 4
 478  484      1.090      0.955      0.000 4
 480   -2      1.094      0.282      0.000 4
 481  479      1.095      0.705      0.000 4
 482  486      1.103      1.025      0.000 4
 483  487      1.105     -0.668      0.000 4
  -1  482      1.110      0.576      0.000 4
 484  488      1.113     -0.996      0.000 4
 485  489      1.122      0.248      0.000 4
 487  491      1.130      0.088      0.000 4
 489  492      1.138      1.024      0.000 4
 488   -2      1.138     -1.174      0.000 4
 493  499      1.149     -0.804      0.000 4
 492  495      1.155     -1.107      0.000 4
 486   -2      1.168     -0.573      0.000 4
  -1  493      1.186     -1.176      0.000 4
 497  508      1.220      0.259      0.000 4
 498  506      1.232     -0.524      0.000 4
  -1  507      1.251     -0.597      0.000 4
 503  517      1.252      0.558      0.000 4
 501  509      1.260      1.004      0.000 4
 505  511      1.282     -0.168      0.000 4
 504  512      1.283     -0.537      0.000 4
 508  510      1.283     -1.167      0.000 4
 506  514      1.298      0.395      0.000 4
 510  518      1.313     -0.514      0.000 4
 511  519      1.329     -0.598      0.000 4
 512  520      1.342     -1.112      0.000 4
 513  521      1.348      0.437      0.000 4
  -1   -2      1.358     -0.754      0.000 4
 515  523      1.372     -0.973      0.000 4
  -1  524      1.379      1.140      0.000 4
 516  525      1.388     -1.030      0.000 4
 517  526      1.394      1.115      0.000 4
 518  527      1.397      0.163      0.000 4
  -1  533      1.400     -1.168      0.000 4
 519   -2      1.402      0.093      0.000 4
 520  528      1.410     -0.368      0.000 4
 521  529      1.412     -0.260      0.000 4
  -1  530      1.412     -0.981      0.000 4
 522  531      1.419     -0.497      0.000 4
  -1   -2      1.419     -0.014      0.000 4
 523  532      1.423     -0.431      0.000 4
  -1  522      1.425     -0.677      0.000 4
  -1   -2      1.429      0.172      0.000 4
 524  534      1.440      0.236      0.000 4
 525  535      1.442      0.536      0.000 4
 526  536      1.450     -0.399      0.000 4
 527   -2      1.450     -1.174      0.000 4
  -1  537      1.452     -1.095      0.000 4
  -1  538      1.455     -1.132      0.000 4
 529  539      1.475      0.608      0.000 4
 530  540      1.484     -0.789      0.000 4
 532  541      1.495      0.852      0.000 4
 533  542      1.498      0.277      0.000 4
  -1   -2      1.508     -0.700      0.000 4
 535  544      1.513     -0.066      0.000 4
 538  545      1.519     -0.231      0.000 4
 531  551      1.533     -1.172      0.000 4
 540  550      1.540      0.063      0.000 4
 541  549      1.540      0.446      0.000 4
 542  553      1.551     -0.656      0.000 4
 543  552      1.553      1.124      0.000 4
 545  555      1.555     -0.964      0.000 4
 544  554      1.556     -1.077      0.000 4
 546  556      1.567     -0.862      0.000 4
 547   -2      1.569      0.740      0.000 4
 548   -2      1.573      0.855      0.000 4
 549  557      1.574      0.610      0.000 4
