528
   2   -2     -1.571     -0.692      0.000 4
   0    0     -1.570      0.521      0.000 4
   3    1     -1.556     -1.000      0.000 4
   4    2     -1.554      0.374      0.000 4
   5    3     -1.551      0.790      0.000 4
  -1   12     -1.543     -1.104      0.000 4
   6    5     -1.538     -0.009      0.000 4
  -1    6     -1.531      0.881      0.000 4
   7   -2     -1.525     -0.044      0.000 4
   8    7     -1.525      0.241      0.000 4
   1   -2     -1.500     -1.169      0.000 4
  -1    4     -1.493     -0.101      0.000 4
  16   -2     -1.473     -0.960      0.000 4
  -1   -2     -1.473     -1.107      0.000 4
  13   -2     -1.471      0.205      0.000 4
  17   15     -1.461      0.947      0.000 4
  18   16     -1.455      0.605      0.000 4
  20   18     -1.454      0.266      0.000 4
  19   17     -1.453      0.482      0.000 4
  21   19     -1.450     -0.251      0.000 4
  22   22     -1.441      0.376      0.000 4
  24   23     -1.430     -0.551      0.000 4
  26   24     -1.418      0.149      0.000 4
  -1   25     -1.417      0.524      0.000 4
  -1   -2     -1.405     -0.654      0.000 4
  37   11     -1.401     -1.175      0.000 4
  -1   27     -1.394      0.450      0.000 4
  28   26     -1.394     -0.308      0.000 4
  -1   28     -1.386      0.657      0.000 4
  14   -2     -1.381     -1.117      0.000 4
  31   30     -1.374      0.705      0.000 4
  32   29     -1.372      0.315      0.000 4
  34   -2     -1.368     -0.982      0.000 4
  33   32     -1.367      1.054      0.000 4
  35   33     -1.366     -0.839      0.000 4
  36   34     -1.357     -0.345      0.000 4
  -1   -2     -1.357      0.132      0.000 4
  -1   31     -1.356     -1.020      0.000 4
  38   36     -1.350     -1.083      0.000 4
  39   37     -1.342      0.594      0.000 4
  29   -2     -1.336      0.267      0.000 4
  -1   -2     -1.330      0.977      0.000 4
  42   42     -1.325      0.067      0.000 4
  43   41     -1.323      1.024      0.000 4
  44   43     -1.318      0.565      0.000 4
  45   44     -1.308      0.874      0.000 4
  -1   46     -1.305      0.028      0.000 4
  47   45     -1.301      1.173      0.000 4
  48   47     -1.298     -0.776      0.000 4
  -1   -2     -1.288      0.650      0.000 4
  49   49     -1.284     -0.934      0.000 4
  51   48     -1.284     -1.170      0.000 4
  50   50     -1.280      1.153      0.000 4
  53   -2     -1.266      0.002      0.000 4
  41   -2     -1.264     -0.373      0.000 4
  54   -2     -1.263      0.037      0.000 4
  56   51     -1.261     -0.654      0.000 4
  57   -2     -1.254      0.716      0.000 4
  58   53     -1.250      0.160      0.000 4
  59   54     -1.249     -0.309      0.000 4
  68   38     -1.243      0.303      0.000 4
  60   55     -1.241     -0.584      0.000 4
  62   -2     -1.240      0.994      0.000 4
  70   -2     -1.238      0.617      0.000 4
  61   59     -1.234      0.519      0.000 4
  63   57     -1.233      0.948      0.000 4
  64   58     -1.233     -0.787      0.000 4
  65   61     -1.216     -0.491      0.000 4
  69   71     -1.207     -1.150      0.000 4
  67   68     -1.206     -1.040      0.000 4
  -1   64     -1.182      0.600      0.000 4
  71   65     -1.178     -0.604      0.000 4
  72   67     -1.175      0.790      0.000 4
  73   69     -1.170     -0.828      0.000 4
  74   70     -1.163     -0.793      0.000 4
  -1   52     -1.159     -0.005      0.000 4
  -1   -2     -1.158     -0.963      0.000 4
  77   73     -1.140     -0.111      0.000 4
  78   74     -1.134      0.694      0.000 4
  -1   78     -1.129      0.595      0.000 4
  79   75     -1.126     -1.021      0.000 4
  -1   -2     -1.121     -0.983      0.000 4
  81   77     -1.112      1.006      0.000 4
  80   -2     -1.106      0.609      0.000 4
  84   82     -1.086     -1.171      0.000 4
  83   79     -1.084     -0.331      0.000 4
  85   80     -1.059      0.385      0.000 4
  86   81     -1.057      0.629      0.000 4
  95   -2     -1.052     -1.025      0.000 4
  -1   -2     -1.051     -0.663      0.000 4
  88   -2     -1.041      0.419      0.000 4
  89   83     -1.036     -0.359      0.000 4
  90   86     -1.024      0.780      0.000 4
  92   85     -1.024     -0.706      0.000 4
  91   87     -1.021     -0.101      0.000 4
  93   88     -1.017     -0.838      0.000 4
  -1   -2     -1.014     -0.303      0.000 4
  -1   -2     -1.009     -0.664      0.000 4
  94   90     -1.007     -0.273      0.000 4
  96   92     -0.989      0.385      0.000 4
  97   91     -0.988      1.007      0.000 4
  98   94     -0.972      0.464      0.000 4
  99   93     -0.971      0.894      0.000 4
 100   95     -0.965     -0.983      0.000 4
 101   96     -0.955      0.566      0.000 4
 102   97     -0.954     -0.157      0.000 4
 105   98     -0.948     -0.918      0.000 4
 103  100     -0.947     -0.423      0.000 4
 106  102     -0.939      0.379      0.000 4
 108  104     -0.928     -0.214      0.000 4
 104  105     -0.917      0.765      0.000 4
 111  107     -0.909      1.073      0.000 4
 113  109     -0.904     -0.762      0.000 4
 121   89     -0.904     -1.072      0.000 4
 114  110     -0.896      0.333      0.000 4
  -1  111     -0.883      0.429      0.000 4
 116  112     -0.871      0.895      0.000 4
  -1  122     -0.854      0.739      0.000 4
 118  113     -0.852      0.565      0.000 4
 119  114     -0.844     -0.735      0.000 4
 120  116     -0.829      0.303      0.000 4
 123  118     -0.823     -0.691      0.000 4
 122  119     -0.823     -0.611      0.000 4
 125  117     -0.822      1.088      0.000 4
 126   -2     -0.819      0.693      0.000 4
 127  124     -0.816      1.044      0.000 4
 117  132     -0.805     -0.942      0.000 4
 115   -2     -0.800     -1.163      0.000 4
 130  125     -0.789     -0.445      0.000 4
 131  126     -0.779     -0.493      0.000 4
  -1   -2     -0.777     -0.334      0.000 4
 133  127     -0.776      0.996      0.000 4
 136  129     -0.768      0.477      0.000 4
 134   -2     -0.768     -0.036      0.000 4
 135  128     -0.766     -0.141      0.000 4
 137  130     -0.764     -0.222      0.000 4
 138  131     -0.760     -0.755      0.000 4
 140   -2     -0.757     -0.932      0.000 4
 142  134     -0.748      0.893      0.000 4
 147   -2     -0.745      0.332      0.000 4
 143  135     -0.744     -1.011      0.000 4
 144  136     -0.741     -0.965      0.000 4
 145  138     -0.736     -0.013      0.000 4
 146   -2     -0.730     -0.068      0.000 4
  -1   -2     -0.727     -0.388      0.000 4
 148  141     -0.717      0.254      0.000 4
 150  142     -0.714      0.991      0.000 4
 149  143     -0.712      0.398      0.000 4
  -1  139     -0.703      0.315      0.000 4
 152  144     -0.701     -0.459      0.000 4
 162  145     -0.682     -1.126      0.000 4
 153  149     -0.678     -0.065      0.000 4
  -1   -2     -0.678      0.389      0.000 4
  -1  147     -0.677      1.079      0.000 4
 157  150     -0.667      1.022      0.000 4
 158  153     -0.661      0.031      0.000 4
 159  151     -0.660     -1.086      0.000 4
  -1   -2     -0.656     -0.366      0.000 4
 160  154     -0.651      1.167      0.000 4
 161  156     -0.643     -0.571      0.000 4
 165  157     -0.637     -1.018      0.000 4
 163  158     -0.635     -0.162      0.000 4
 164  159     -0.632      0.140      0.000 4
 166  160     -0.621      0.749      0.000 4
  -1  161     -0.611     -0.588      0.000 4
 167  163     -0.601     -0.115      0.000 4
  -1  162     -0.600     -0.787      0.000 4
 170  165     -0.578      0.918      0.000 4
  -1   -2     -0.570     -0.563      0.000 4
 172  167     -0.563     -1.008      0.000 4
 171  168     -0.562     -0.328      0.000 4
 173  166     -0.560     -0.801      0.000 4
 175  169     -0.549      1.089      0.000 4
 174  172     -0.547     -0.456      0.000 4
 176  170     -0.546     -0.538      0.000 4
 177  171     -0.541     -1.170      0.000 4
 178  173     -0.534     -1.086      0.000 4
 180  175     -0.495     -0.544      0.000 4
 181  174     -0.494      0.851      0.000 4
 179  176     -0.494      0.039      0.000 4
 182   -2     -0.484      0.362      0.000 4
 184  177     -0.477      0.708      0.000 4
  -1   -2     -0.471      0.569      0.000 4
 186  181     -0.470     -0.258      0.000 4
 185  178     -0.470      0.502      0.000 4
 189  180     -0.465     -1.171      0.000 4
 188  182     -0.463      0.276      0.000 4
 190  184     -0.445     -0.720      0.000 4
  -1   -2     -0.441      0.035      0.000 4
  -1   -2     -0.441     -0.323      0.000 4
  -1  186     -0.440      0.290      0.000 4
 191  185     -0.438     -0.994      0.000 4
 192  187     -0.417      0.075      0.000 4
 201   -2     -0.415      0.191      0.000 4
 194  188     -0.411     -0.888      0.000 4
 195  190     -0.398     -0.064      0.000 4
  -1  195     -0.396      1.129      0.000 4
 196  192     -0.385     -0.149      0.000 4
  -1  193     -0.384     -0.320      0.000 4
 198  194     -0.378     -1.013      0.000 4
  -1  191     -0.371     -0.618      0.000 4
 200  196     -0.368      0.801      0.000 4
 199  197     -0.368      0.474      0.000 4
 202   -2     -0.366      1.125      0.000 4
 204   -2     -0.364     -1.130      0.000 4
  -1  216     -0.362     -1.168      0.000 4
 206  198     -0.359     -0.654      0.000 4
 205  199     -0.358     -0.559      0.000 4
 207  200     -0.348     -0.721      0.000 4
 208  201     -0.343      1.052      0.000 4
  -1   -2     -0.338      0.552      0.000 4
 212  204     -0.335      0.779      0.000 4
 213  205     -0.329      0.342      0.000 4
 214  206     -0.323     -0.212      0.000 4
 215  207     -0.323      0.934      0.000 4
 197  208     -0.313     -0.329      0.000 4
 217  209     -0.305     -0.289      0.000 4
 218  210     -0.302     -0.994      0.000 4
 220  212     -0.294     -1.048      0.000 4
 221   -2     -0.288      0.559      0.000 4
 222  215     -0.282     -0.633      0.000 4
 219   -2     -0.276     -0.815      0.000 4
 223   -2     -0.275     -1.143      0.000 4
 224  219     -0.272      0.861      0.000 4
 230  214     -0.255      0.581      0.000 4
 226  220     -0.236      0.321      0.000 4
 227  222     -0.231      0.846      0.000 4
 229   -2     -0.227     -1.092      0.000 4
  -1  225     -0.219     -0.148      0.000 4
 231  224     -0.218     -0.748      0.000 4
 232  227     -0.215     -0.221      0.000 4
 239  226     -0.211      1.147      0.000 4
 233  230     -0.208     -1.069      0.000 4
 234  228     -0.206      0.448      0.000 4
 235  229     -0.203     -0.455      0.000 4
  -1   -2     -0.198     -0.632      0.000 4
 237  232     -0.177      0.776      0.000 4
 238  233     -0.175      0.120      0.000 4
  -1  236     -0.145     -0.647      0.000 4
 240  240     -0.144     -0.005      0.000 4
  -1   -2     -0.143     -0.575      0.000 4
  -1  234     -0.143      0.415      0.000 4
  -1  235     -0.142     -0.270      0.000 4
 245  221     -0.139     -0.855      0.000 4
 241  237     -0.135     -1.105      0.000 4
  -1   -2     -0.127     -0.678      0.000 4
  -1  249     -0.125     -0.160      0.000 4
  -1  239     -0.121     -0.730      0.000 4
 244   -2     -0.120     -0.314      0.000 4
 243   -2     -0.119      0.011      0.000 4
 262   -2     -0.097     -0.905      0.000 4
 257   -2     -0.095     -0.760      0.000 4
 247  244     -0.091      0.528      0.000 4
 248  245     -0.089     -0.226      0.000 4
 250  246     -0.085      0.682      0.000 4
 251  248     -0.084     -0.022      0.000 4
 252  251     -0.067     -0.108      0.000 4
 255  255     -0.055      0.765      0.000 4
 256  256     -0.052     -0.711      0.000 4
 258  257     -0.044      0.237      0.000 4
 259  258     -0.040     -0.199      0.000 4
  -1  259     -0.033     -0.352      0.000 4
  -1   -2     -0.031     -0.387      0.000 4
 261  261     -0.029      0.646      0.000 4
 253  271     -0.027      0.378      0.000 4
 264  263     -0.004     -0.029      0.000 4
 265  264     -0.000      0.121      0.000 4
 272   -2      0.003     -1.169      0.000 4
 268  266      0.010      1.068      0.000 4
 281  267      0.012     -0.547      0.000 4
 270  268      0.017      0.622      0.000 4
  -1  269      0.020      0.942      0.000 4
 274   -2      0.043      0.401      0.000 4
 283  272      0.048      0.028      0.000 4
 277  273      0.051      0.632      0.000 4
 278  274      0.058      0.300      0.000 4
 279  276      0.059      0.990      0.000 4
 273  277      0.062      0.362      0.000 4
 282  279      0.069      0.720      0.000 4
  -1   -2      0.073     -0.117      0.000 4
 284  280      0.076     -0.081      0.000 4
 286   -2      0.076     -0.231      0.000 4
 287  283      0.077     -1.009      0.000 4
  -1   -2      0.088     -1.062      0.000 4
 289  285      0.105      0.149      0.000 4
  -1  281      0.106     -0.163      0.000 4
  -1  284      0.107     -0.984      0.000 4
 290  286      0.112      0.493      0.000 4
 291  287      0.115      0.100      0.000 4
 292   -2      0.125      1.055      0.000 4
 293  289      0.126      0.957      0.000 4
 294  290      0.132      0.921      0.000 4
  -1  291      0.139     -0.952      0.000 4
 296  293      0.144      1.136      0.000 4
 297  294      0.146      0.201      0.000 4
 299  295      0.152     -0.552      0.000 4
 298  296      0.154     -0.674      0.000 4
 301   -2      0.159     -0.756      0.000 4
  -1  298      0.171     -0.126      0.000 4
 302  297      0.171      0.394      0.000 4
 303  300      0.187     -0.775      0.000 4
 305  301      0.192     -1.173      0.000 4
 304   -2      0.194      1.050      0.000 4
  -1  303      0.202      0.610      0.000 4
 300  304      0.210      0.009      0.000 4
 308  305      0.213     -1.094      0.000 4
 309  316      0.220     -0.358      0.000 4
 311  306      0.228     -0.968      0.000 4
 312  307      0.233     -0.189      0.000 4
 313  308      0.237      1.052      0.000 4
 314  309      0.246      0.130      0.000 4
 315  310      0.248     -1.014      0.000 4
 317  311      0.253     -0.430      0.000 4
  -1  312      0.254      0.802      0.000 4
 318  314      0.258     -0.982      0.000 4
  -1   -2      0.258      1.022      0.000 4
 319  315      0.260      0.258      0.000 4
  -1  317      0.270      0.167      0.000 4
 320   -2      0.272     -0.921      0.000 4
 321   -2      0.276      0.497      0.000 4
 310   -2      0.287     -0.485      0.000 4
 322  321      0.299      0.043      0.000 4
  -1  313      0.301      0.975      0.000 4
 324  322      0.303     -0.237      0.000 4
 325  323      0.305     -1.091      0.000 4
 326  324      0.311      1.102      0.000 4
 327  325      0.320     -1.174      0.000 4
 328  328      0.351      0.046      0.000 4
 329  329      0.357      0.316      0.000 4
 331  330      0.367     -0.464      0.000 4
 332  331      0.368      0.171      0.000 4
 333  332      0.371     -0.878      0.000 4
  -1  334      0.383     -0.518      0.000 4
  -1   -2      0.391      0.959      0.000 4
 336  336      0.396     -0.014      0.000 4
 339   -2      0.401      0.765      0.000 4
 338  339      0.416     -0.956      0.000 4
  -1   -2      0.424      0.675      0.000 4
 341   -2      0.428     -1.176      0.000 4
 340  342      0.429     -0.615      0.000 4
  -1  341      0.431      0.804      0.000 4
 342  343      0.431     -0.662      0.000 4
 343  345      0.433      0.341      0.000 4
 344  346      0.437     -0.481      0.000 4
 345  347      0.447     -0.046      0.000 4
 347  350      0.471      0.972      0.000 4
 348  351      0.473      0.826      0.000 4
 352  352      0.482     -0.851      0.000 4
 351  353      0.484     -0.680      0.000 4
  -1  355      0.492     -1.165      0.000 4
  -1  354      0.504     -1.005      0.000 4
 354   -2      0.515     -0.397      0.000 4
 356  356      0.522     -0.053      0.000 4
 357  358      0.527     -0.620      0.000 4
 358  359      0.528      0.548      0.000 4
 360  360      0.534      0.587      0.000 4
 359  363      0.535     -0.963      0.000 4
 361  362      0.540      0.975      0.000 4
  -1  371      0.541     -0.476      0.000 4
 364  365      0.557      0.357      0.000 4
 363  366      0.558      1.105      0.000 4
 362   -2      0.560     -1.007      0.000 4
 365  367      0.565      0.875      0.000 4
 366  368      0.573      0.605      0.000 4
 367  369      0.579      0.529      0.000 4
 368  370      0.589     -0.787      0.000 4
 370   -2      0.611     -0.719      0.000 4
 369  372      0.612     -1.035      0.000 4
 373  374      0.614      0.915      0.000 4
 375  377      0.619     -0.876      0.000 4
  -1  373      0.620     -0.971      0.000 4
 377  376      0.620      1.000      0.000 4
 378   -2      0.623     -0.505      0.000 4
 379  378      0.628     -0.007      0.000 4
 380  380      0.646     -1.169      0.000 4
 381  375      0.651      0.276      0.000 4
  -1   -2      0.659      0.322      0.000 4
 390   -2      0.665     -0.070      0.000 4
 382  382      0.673     -0.395      0.000 4
 383  383      0.678     -0.676      0.000 4
  -1  392      0.682     -0.931      0.000 4
 384  385      0.693     -0.889      0.000 4
  -1  387      0.693     -0.723      0.000 4
 385  386      0.696      0.365      0.000 4
 386  388      0.697      0.418      0.000 4
 387  389      0.706      1.136      0.000 4
 388  390      0.713      0.683      0.000 4
  -1  391      0.715     -0.078      0.000 4
 372  424      0.725     -0.213      0.000 4
 389   -2      0.725     -0.913      0.000 4
 391  394      0.734     -0.662      0.000 4
  -1   -2      0.743      0.891      0.000 4
 392  397      0.756     -0.032      0.000 4
  -1   -2      0.762      0.964      0.000 4
 393  398      0.766      0.104      0.000 4
 395   -2      0.771     -1.125      0.000 4
 394  399      0.777     -0.838      0.000 4
  -1  401      0.786     -1.039      0.000 4
 397  402      0.792      0.177      0.000 4
  -1  403      0.792     -1.078      0.000 4
 398  404      0.796      0.944      0.000 4
 400  409      0.802     -0.979      0.000 4
  -1   -2      0.807      0.127      0.000 4
  -1   -2      0.808      0.321      0.000 4
  -1  406      0.808      0.547      0.000 4
 401  407      0.809      0.449      0.000 4
 402  408      0.810     -0.153      0.000 4
 403  410      0.814     -0.268      0.000 4
 404  413      0.819     -0.888      0.000 4
 405  412      0.821      0.688      0.000 4
 406  414      0.827      0.742      0.000 4
 399   -2      0.831     -0.620      0.000 4
 407  416      0.832     -0.804      0.000 4
 408  415      0.832      0.803      0.000 4
 411  417      0.843      0.249      0.000 4
  -1  418      0.844     -0.293      0.000 4
 396  437      0.846     -1.149      0.000 4
 412  420      0.850     -0.460      0.000 4
  -1  419      0.852      0.405      0.000 4
 413  421      0.855     -1.074      0.000 4
 415  422      0.864      1.106      0.000 4
 416  425      0.875      0.839      0.000 4
 440   -2      0.878     -0.329      0.000 4
 417  426      0.878      0.551      0.000 4
 418  428      0.883     -0.544      0.000 4
 419  429      0.887      0.475      0.000 4
 423  431      0.891     -0.149      0.000 4
 414  451      0.892      0.600      0.000 4
 422   -2      0.893     -0.248      0.000 4
  -1   -2      0.894      0.781      0.000 4
 424  433      0.897     -0.875      0.000 4
 425  434      0.901     -0.802      0.000 4
 426  436      0.902     -1.006      0.000 4
 427  435      0.903     -0.942      0.000 4
 428   -2      0.905     -1.135      0.000 4
 429  438      0.912      0.030      0.000 4
 430  439      0.924     -0.026      0.000 4
 434  442      0.939     -1.077      0.000 4
 435  432      0.941     -0.233      0.000 4
 432  447      0.943     -1.173      0.000 4
 436  444      0.949      0.787      0.000 4
 437  445      0.954      0.685      0.000 4
 439  446      0.969      0.006      0.000 4
  -1  448      0.973     -0.322      0.000 4
 447   -2      0.980     -0.121      0.000 4
 441  450      0.982     -0.581      0.000 4
 442  452      0.986     -1.110      0.000 4
 438  454      0.990      0.275      0.000 4
 445  441      0.996     -0.811      0.000 4
 446   -2      0.999      0.180      0.000 4
 448  455      1.002      0.111      0.000 4
 449  456      1.008      0.852      0.000 4
 450  458      1.034      0.986      0.000 4
 451  459      1.064     -0.625      0.000 4
 452  460      1.074     -1.175      0.000 4
 459  461      1.095      1.037      0.000 4
  -1  462      1.107     -0.944      0.000 4
 455  463      1.117     -0.519      0.000 4
 457  464      1.121     -0.047      0.000 4
 456  465      1.125     -0.978      0.000 4
 458  466      1.130     -0.742      0.000 4
  -1   -2      1.137      1.025      0.000 4
 461  468      1.140     -0.825      0.000 4
 454  475      1.157     -1.042      0.000 4
 460  467      1.158     -1.172      0.000 4
 464  470      1.159      0.557      0.000 4
  -1  469      1.167      1.107      0.000 4
 466  473      1.167      0.392      0.000 4
 467  474      1.176     -0.457      0.000 4
 469  479      1.177      0.021      0.000 4
 470   -2      1.196     -1.129      0.000 4
 480  476      1.200     -0.146      0.000 4
 473  478      1.206      0.985      0.000 4
 472  477      1.206     -0.522      0.000 4
 476  481      1.230     -0.457      0.000 4
 477  480      1.232      0.912      0.000 4
 474  484      1.236     -1.063      0.000 4
 478  485      1.259     -0.428      0.000 4
  -1   -2      1.271     -0.996      0.000 4
 482  486      1.285     -0.504      0.000 4
 483  487      1.287      0.177      0.000 4
  -1  489      1.301     -0.900      0.000 4
 484  492      1.332      0.493      0.000 4
 486  493      1.333      0.237      0.000 4
  -1   -2      1.336     -0.645      0.000 4
 487  494      1.337     -0.188      0.000 4
 488  495      1.341     -1.003      0.000 4
 490  496      1.347     -0.281      0.000 4
 481  510      1.352     -1.166      0.000 4
 491  497      1.352      1.057      0.000 4
 485   -2      1.362     -0.856      0.000 4
 517   -2      1.369     -0.395      0.000 4
 494  500      1.370     -0.335      0.000 4
 496  501      1.372      0.550      0.000 4
 497  503      1.377     -0.917      0.000 4
 498  504      1.387     -0.133      0.000 4
  -1  511      1.395     -0.971      0.000 4
  -1   -2      1.395      0.985      0.000 4
 501  506      1.402      0.266      0.000 4
 500  507      1.405     -0.858      0.000 4
 504  508      1.411      0.770      0.000 4
  -1  512      1.434      0.998      0.000 4
 506  515      1.440     -0.958      0.000 4
  -1   -2      1.443      0.960      0.000 4
 507  513      1.443      0.400      0.000 4
  -1  514      1.444     -0.018      0.000 4
 509  517      1.452     -0.144      0.000 4
 511  522      1.461     -0.198      0.000 4
 510  520      1.462     -0.621      0.000 4
 512  523      1.463     -0.654      0.000 4
 513  521      1.465      0.089      0.000 4
 514  519      1.466     -1.083      0.000 4
 515  524      1.472      0.008      0.000 4
 518  525      1.482      0.652      0.000 4
 519  526      1.484      0.537      0.000 4
 520  527      1.501      0.353      0.000 4
  -1   -2      1.504     -1.145      0.000 4
 521  528      1.506      1.022      0.000 4
 533   -2      1.511      0.724      0.000 4
 534  530      1.526      0.948      0.000 4
 524  531      1.527     -1.112      0.000 4
 525   -2      1.527     -0.521      0.000 4
 522  533      1.539      0.418      0.000 4
 526  536      1.541     -1.175      0.000 4
 528  534      1.541      1.063      0.000 4
 529  535      1.542     -0.817      0.000 4
 530  537      1.543     -0.936      0.000 4
 532  539      1.551     -0.712      0.000 4
