516
   1    1     -1.569     -0.846      0.000 4
   2    2     -1.559      0.246      0.000 4
   3    3     -1.559      0.365      0.000 4
   7    5     -1.549      0.311      0.000 4
   6    6     -1.547     -1.170      0.000 4
   8    7     -1.541      0.595      0.000 4
   9    8     -1.538      0.464      0.000 4
   4    9     -1.528      0.733      0.000 4
  11   10     -1.520     -0.338      0.000 4
  12   11     -1.520      0.169      0.000 4
  -1   22     -1.506     -1.025      0.000 4
  -1   -2     -1.506      0.644      0.000 4
  15   12     -1.494     -1.134      0.000 4
  17   -2     -1.491      0.544      0.000 4
  16   14     -1.491      0.384      0.000 4
  19   15     -1.470     -0.400      0.000 4
  -1   -2     -1.466     -1.170      0.000 4
  20   16     -1.463      1.096      0.000 4
  -1   17     -1.459     -0.679      0.000 4
  21   18     -1.458      0.319      0.000 4
  23   19     -1.454      0.784      0.000 4
  24   -2     -1.445      0.067      0.000 4
  25   20     -1.433      0.832      0.000 4
  27   -2     -1.432      0.019      0.000 4
  28   21     -1.431     -0.438      0.000 4
  30   -2     -1.429     -1.052      0.000 4
  29   23     -1.426      0.706      0.000 4
  22   31     -1.420     -0.781      0.000 4
  -1   -2     -1.419      0.054      0.000 4
  31   24     -1.413      0.669      0.000 4
  32   26     -1.402     -1.170      0.000 4
  33   27     -1.397     -0.014      0.000 4
  -1   -2     -1.393      0.028      0.000 4
  -1   28     -1.391     -0.591      0.000 4
  35   30     -1.387      0.182      0.000 4
  -1   -2     -1.370     -0.927      0.000 4
  36   -2     -1.368      0.755      0.000 4
  37   35     -1.346      0.603      0.000 4
  38   37     -1.345     -0.376      0.000 4
  39   38     -1.343     -0.965      0.000 4
  40   40     -1.333      0.993      0.000 4
  42   42     -1.312     -1.107      0.000 4
  43   45     -1.307      0.552      0.000 4
  47   34     -1.297     -1.171      0.000 4
  51   47     -1.288     -0.890      0.000 4
  49   49     -1.281     -0.680      0.000 4
  48   51     -1.281     -0.138      0.000 4
  52   -2     -1.279     -0.573      0.000 4
  53   -2     -1.257     -0.640      0.000 4
  46   -2     -1.250     -1.076      0.000 4
  55   53     -1.244      1.054      0.000 4
  54   54     -1.244     -1.045      0.000 4
  56   55     -1.233      0.879      0.000 4
  57   -2     -1.225     -0.891      0.000 4
  58   -2     -1.219      0.768      0.000 4
  60   57     -1.218     -0.690      0.000 4
  -1   66     -1.217      0.672      0.000 4
  61   60     -1.214      0.428      0.000 4
  -1   -2     -1.212     -0.828      0.000 4
  62   61     -1.198     -0.378      0.000 4
  63   63     -1.184     -0.599      0.000 4
  -1   -2     -1.184      0.600      0.000 4
  64   64     -1.178     -0.116      0.000 4
  65   -2     -1.164      0.683      0.000 4
  66   65     -1.163      1.048      0.000 4
  67   67     -1.161      1.085      0.000 4
  68   68     -1.160     -0.882      0.000 4
  83   56     -1.159     -0.918      0.000 4
  70   70     -1.150      0.418      0.000 4
  71   71     -1.148     -0.397      0.000 4
  72   73     -1.138     -0.301      0.000 4
  -1   74     -1.134     -0.804      0.000 4
  74   75     -1.129     -1.160      0.000 4
  73   77     -1.124      0.498      0.000 4
  -1   76     -1.122     -0.510      0.000 4
  77   78     -1.113      1.083      0.000 4
  76   79     -1.112     -0.171      0.000 4
  -1   80     -1.107      0.200      0.000 4
  78   81     -1.104      0.407      0.000 4
  79   82     -1.096      0.834      0.000 4
  82   86     -1.080     -0.188      0.000 4
  81   85     -1.078     -0.229      0.000 4
  86   87     -1.073     -1.107      0.000 4
  85   88     -1.069      0.352      0.000 4
  87   89     -1.054     -0.762      0.000 4
  88   90     -1.049     -0.450      0.000 4
  80   -2     -1.043      0.587      0.000 4
  98   -2     -1.023     -0.760      0.000 4
  90   92     -1.017      0.937      0.000 4
 100   93     -1.015     -0.897      0.000 4
  93   94     -1.010      0.794      0.000 4
  92   95     -1.007      0.314      0.000 4
  94   -2     -1.005     -1.170      0.000 4
  95   97     -1.000      1.053      0.000 4
  -1   96     -1.000     -1.098      0.000 4
  96   -2     -0.991     -0.090      0.000 4
  97   99     -0.986      0.582      0.000 4
 101   -2     -0.943      0.756      0.000 4
 102  102     -0.934     -0.134      0.000 4
 103  101     -0.933     -0.970      0.000 4
 104  119     -0.928      0.698      0.000 4
 105   -2     -0.926      0.912      0.000 4
 113   -2     -0.920     -1.159      0.000 4
 106  104     -0.917     -0.216      0.000 4
 112  103     -0.916      0.466      0.000 4
 108  108     -0.909     -0.017      0.000 4
 109  109     -0.907      1.102      0.000 4
 110   -2     -0.906     -0.541      0.000 4
 111  110     -0.900     -0.444      0.000 4
 114  111     -0.895     -0.620      0.000 4
 115  113     -0.892      0.262      0.000 4
 116  114     -0.885     -0.756      0.000 4
 118  115     -0.879      0.316      0.000 4
 117  116     -0.878      0.394      0.000 4
 120  117     -0.874     -0.703      0.000 4
 121  120     -0.852     -0.053      0.000 4
 123  123     -0.842      0.382      0.000 4
  -1  121     -0.841     -1.106      0.000 4
 122  122     -0.841      0.039      0.000 4
 124  124     -0.835      0.813      0.000 4
  -1  112     -0.831     -1.171      0.000 4
  -1  125     -0.829      1.047      0.000 4
 126  126     -0.822      1.094      0.000 4
  -1  127     -0.817     -0.383      0.000 4
 127  128     -0.814     -0.441      0.000 4
 128  130     -0.811      0.140      0.000 4
 129  129     -0.809      0.880      0.000 4
 131  131     -0.802      0.991      0.000 4
 132  132     -0.802     -0.755      0.000 4
 133  134     -0.799     -0.143      0.000 4
  -1  135     -0.786     -0.341      0.000 4
 140  136     -0.777     -1.108      0.000 4
 137  138     -0.771     -0.097      0.000 4
 138  141     -0.754      0.062      0.000 4
 125   -2     -0.745      0.968      0.000 4
 139  133     -0.740      0.757      0.000 4
 135  160     -0.735     -0.547      0.000 4
 141  146     -0.733     -0.963      0.000 4
 147   -2     -0.722      0.860      0.000 4
 136   -2     -0.722      0.710      0.000 4
 154  139     -0.722     -1.009      0.000 4
 146  148     -0.715     -1.169      0.000 4
 149  147     -0.713     -0.675      0.000 4
 150  149     -0.710     -0.628      0.000 4
 151  152     -0.699     -0.292      0.000 4
 152  153     -0.698     -0.551      0.000 4
 153  151     -0.696      0.990      0.000 4
 155  154     -0.691      1.043      0.000 4
 158   -2     -0.665     -0.264      0.000 4
 157  158     -0.659      0.049      0.000 4
 159   -2     -0.645     -0.488      0.000 4
 160  159     -0.645     -0.745      0.000 4
 181   -2     -0.640      1.122      0.000 4
 161  163     -0.639      0.334      0.000 4
 162  162     -0.639      0.873      0.000 4
  -1  164     -0.635      0.836      0.000 4
 164  166     -0.634     -1.106      0.000 4
 183  137     -0.631      0.607      0.000 4
  -1   -2     -0.629     -0.016      0.000 4
 167   -2     -0.626      1.050      0.000 4
 168   -2     -0.626     -1.061      0.000 4
  -1  168     -0.618     -0.986      0.000 4
 175  167     -0.612      0.262      0.000 4
 171  169     -0.611     -0.217      0.000 4
 172  170     -0.606      0.459      0.000 4
 173  171     -0.603     -0.747      0.000 4
 174  172     -0.597      0.514      0.000 4
 176  173     -0.593     -0.484      0.000 4
 177  174     -0.581      0.643      0.000 4
 178  175     -0.578      0.082      0.000 4
 180  177     -0.568      0.182      0.000 4
  -1  176     -0.567      1.012      0.000 4
 182  178     -0.561     -0.949      0.000 4
 185  179     -0.551     -1.173      0.000 4
 184  180     -0.548     -0.038      0.000 4
 186  181     -0.539     -1.092      0.000 4
 188  182     -0.529      1.140      0.000 4
 187  183     -0.527     -0.113      0.000 4
 189  184     -0.511      0.126      0.000 4
 190  185     -0.509     -0.260      0.000 4
 191  186     -0.507     -0.640      0.000 4
 165  210     -0.505      0.925      0.000 4
  -1  189     -0.503      0.453      0.000 4
 193   -2     -0.495      0.420      0.000 4
 194  188     -0.482     -1.168      0.000 4
 200  192     -0.458      0.303      0.000 4
 196  194     -0.451     -0.161      0.000 4
 197  196     -0.446      0.704      0.000 4
 198  197     -0.443     -0.902      0.000 4
 199  199     -0.441     -0.792      0.000 4
 201  200     -0.431     -0.558      0.000 4
 202  202     -0.426     -0.261      0.000 4
 205  203     -0.423      1.156      0.000 4
 204  204     -0.421     -0.226      0.000 4
 206  205     -0.413      0.678      0.000 4
  -1  206     -0.405      1.008      0.000 4
  -1  193     -0.402      0.481      0.000 4
 207  207     -0.399     -0.615      0.000 4
 209   -2     -0.390     -0.689      0.000 4
 210  208     -0.382     -0.903      0.000 4
  -1  209     -0.380      0.849      0.000 4
 211   -2     -0.378      0.998      0.000 4
 212  212     -0.371      0.814      0.000 4
 213  211     -0.370      0.925      0.000 4
 218   -2     -0.366     -1.161      0.000 4
 216  214     -0.356      0.287      0.000 4
 217  215     -0.355     -0.523      0.000 4
 215  216     -0.353      0.182      0.000 4
 219  220     -0.338      0.263      0.000 4
 220  221     -0.330      0.736      0.000 4
 221  222     -0.324     -0.161      0.000 4
 222  223     -0.314     -0.687      0.000 4
 223  224     -0.312     -0.864      0.000 4
 231  218     -0.304      0.381      0.000 4
 225  226     -0.293     -0.914      0.000 4
 226  227     -0.287     -0.355      0.000 4
 228  228     -0.280      0.119      0.000 4
 229  229     -0.269     -1.165      0.000 4
 232  231     -0.267     -0.610      0.000 4
 233  232     -0.260     -0.998      0.000 4
 234  233     -0.252     -1.113      0.000 4
  -1  242     -0.248     -0.792      0.000 4
 236  236     -0.234      0.646      0.000 4
  -1  235     -0.232     -1.081      0.000 4
 239  240     -0.210      0.074      0.000 4
 235   -2     -0.207      0.032      0.000 4
 240  244     -0.204     -0.445      0.000 4
  -1  249     -0.197     -0.221      0.000 4
 243  246     -0.186     -1.067      0.000 4
 242  247     -0.178      1.146      0.000 4
  -1  250     -0.169     -0.156      0.000 4
  -1   -2     -0.165     -0.695      0.000 4
 247  253     -0.156     -0.584      0.000 4
 245  252     -0.156      0.437      0.000 4
 248  254     -0.143     -0.066      0.000 4
 249  255     -0.137      0.559      0.000 4
 241   -2     -0.132     -0.279      0.000 4
 250  256     -0.132     -0.931      0.000 4
 251  258     -0.129      0.298      0.000 4
 253  251     -0.112     -0.735      0.000 4
 252  259     -0.110      0.208      0.000 4
 254  260     -0.105     -0.130      0.000 4
 260   -2     -0.105     -0.576      0.000 4
 255  262     -0.086     -0.551      0.000 4
 257  263     -0.085     -0.279      0.000 4
 258  265     -0.084      0.316      0.000 4
 259  264     -0.083      1.039      0.000 4
 244  276     -0.082     -0.164      0.000 4
 277  248     -0.081     -1.157      0.000 4
 261  266     -0.073     -0.997      0.000 4
 263  267     -0.070      1.154      0.000 4
 262  268     -0.068      0.524      0.000 4
 264  270     -0.061      0.005      0.000 4
 265  271     -0.045     -0.358      0.000 4
  -1   -2     -0.044      1.051      0.000 4
 267  272     -0.037      1.103      0.000 4
 269  275     -0.026     -0.407      0.000 4
 289   -2     -0.025     -0.112      0.000 4
 272  277     -0.012      0.283      0.000 4
  -1  278     -0.011      0.507      0.000 4
 274  281      0.005      0.329      0.000 4
 273  280      0.006     -1.022      0.000 4
 275  282      0.008      0.047      0.000 4
 276  283      0.011      0.878      0.000 4
  -1  288      0.015      0.777      0.000 4
  -1  284      0.019     -1.116      0.000 4
  -1  291      0.026     -0.941      0.000 4
  -1   -2      0.027      0.512      0.000 4
 278  286      0.033      0.302      0.000 4
 280  287      0.044     -0.034      0.000 4
  -1  285      0.046     -1.068      0.000 4
 281  289      0.059      0.580      0.000 4
 282   -2      0.063      0.805      0.000 4
 283  290      0.066     -0.975      0.000 4
 284  292      0.073     -0.815      0.000 4
 285  293      0.074      0.529      0.000 4
 287  294      0.085      0.140      0.000 4
 288  295      0.089     -0.620      0.000 4
  -1  300      0.090     -1.163      0.000 4
 286   -2      0.091      1.030      0.000 4
  -1  296      0.097      0.102      0.000 4
 293  297      0.098      1.095      0.000 4
 294  299      0.102      0.400      0.000 4
 297  302      0.138     -0.952      0.000 4
 298   -2      0.139     -0.510      0.000 4
 299  304      0.140      0.754      0.000 4
 316   -2      0.150      0.599      0.000 4
 307   -2      0.156     -1.129      0.000 4
  -1  303      0.156     -0.584      0.000 4
 302  307      0.162      0.938      0.000 4
 303  308      0.178      0.327      0.000 4
 304  323      0.186     -0.604      0.000 4
 305  310      0.192     -1.093      0.000 4
 317  305      0.198     -0.390      0.000 4
 308  313      0.210      1.149      0.000 4
 310  317      0.214     -0.908      0.000 4
 311  318      0.219      0.032      0.000 4
 313  334      0.223      0.495      0.000 4
 312  319      0.223     -0.488      0.000 4
 314  314      0.225      0.940      0.000 4
 315  320      0.230     -0.782      0.000 4
 318  321      0.243     -0.122      0.000 4
 319  322      0.247     -1.027      0.000 4
 321  324      0.265      0.865      0.000 4
 322  325      0.268     -0.313      0.000 4
 323  326      0.280      1.078      0.000 4
 324  327      0.287      1.005      0.000 4
 325  328      0.289      0.220      0.000 4
 320  330      0.296     -0.612      0.000 4
 327  332      0.303     -0.914      0.000 4
  -1  335      0.328     -0.280      0.000 4
 328  336      0.330     -1.130      0.000 4
 330  339      0.336      0.055      0.000 4
  -1  341      0.343      0.920      0.000 4
 332  342      0.363     -1.093      0.000 4
 335  343      0.373     -0.353      0.000 4
 338  345      0.378     -1.163      0.000 4
 326  367      0.381      0.565      0.000 4
 336  346      0.383     -0.726      0.000 4
  -1  354      0.392     -0.888      0.000 4
 339  347      0.393      1.023      0.000 4
 341  349      0.401      0.055      0.000 4
 342  350      0.411     -0.358      0.000 4
 343  351      0.416      0.266      0.000 4
 344  352      0.417     -0.408      0.000 4
 345  353      0.421     -1.034      0.000 4
 337  360      0.425     -0.945      0.000 4
 347  355      0.426      0.152      0.000 4
 346  356      0.427     -0.809      0.000 4
 348  359      0.450      1.124      0.000 4
  -1   -2      0.460     -0.724      0.000 4
 349  361      0.461     -0.543      0.000 4
 350  362      0.465      0.004      0.000 4
 351  366      0.467      0.631      0.000 4
 354  364      0.484     -0.382      0.000 4
 357   -2      0.497      0.669      0.000 4
 358  365      0.497      0.556      0.000 4
 355   -2      0.499      0.503      0.000 4
 361   -2      0.500      0.022      0.000 4
 359  368      0.503     -0.727      0.000 4
  -1   -2      0.505      0.285      0.000 4
  -1  371      0.507     -0.968      0.000 4
 362  374      0.520     -0.566      0.000 4
 365   -2      0.521     -0.315      0.000 4
 363   -2      0.523     -0.023      0.000 4
  -1   -2      0.525      0.323      0.000 4
  -1  375      0.526      0.819      0.000 4
 367   -2      0.537     -0.336      0.000 4
  -1  373      0.540     -0.145      0.000 4
 368  376      0.540      0.688      0.000 4
 369  377      0.544     -0.846      0.000 4
 360  393      0.547     -1.175      0.000 4
 364  379      0.560      0.613      0.000 4
 371  378      0.567     -0.898      0.000 4
 372  380      0.571     -0.524      0.000 4
  -1  370      0.574      0.292      0.000 4
 366  390      0.583      0.767      0.000 4
  -1   -2      0.593     -0.398      0.000 4
 374  382      0.600      0.827      0.000 4
 373  381      0.600      0.953      0.000 4
 375  383      0.609     -0.036      0.000 4
 376  385      0.619     -0.695      0.000 4
 379  387      0.627      0.455      0.000 4
 378  389      0.631     -1.082      0.000 4
 380  388      0.631      0.490      0.000 4
 381  391      0.637      0.132      0.000 4
 383   -2      0.639      0.740      0.000 4
 382  392      0.640     -0.791      0.000 4
 384   -2      0.649     -1.167      0.000 4
 385  394      0.650     -0.636      0.000 4
 387  396      0.665      1.099      0.000 4
  -1  413      0.669      0.299      0.000 4
 377   -2      0.670     -0.376      0.000 4
  -1  405      0.676     -1.094      0.000 4
  -1   -2      0.678      0.515      0.000 4
 390  397      0.681      0.864      0.000 4
 391  398      0.681     -0.148      0.000 4
  -1  399      0.683     -0.989      0.000 4
 393  400      0.687     -0.445      0.000 4
 392  401      0.688      0.443      0.000 4
 394  402      0.689      0.783      0.000 4
  -1  403      0.709     -0.170      0.000 4
 396  404      0.712     -0.826      0.000 4
 395   -2      0.714     -1.100      0.000 4
 398  406      0.717      1.109      0.000 4
 399   -2      0.723     -0.615      0.000 4
  -1   -2      0.733     -1.139      0.000 4
  -1  407      0.733     -1.045      0.000 4
 402   -2      0.735     -0.667      0.000 4
 413  409      0.741     -0.006      0.000 4
 405  412      0.742      1.007      0.000 4
 407  410      0.752     -0.354      0.000 4
 408  411      0.765     -1.088      0.000 4
 410   -2      0.780      0.236      0.000 4
 411  414      0.782     -0.618      0.000 4
  -1  415      0.786     -1.043      0.000 4
  -1  416      0.800      0.268      0.000 4
 423   -2      0.800     -0.798      0.000 4
 416   -2      0.818     -0.135      0.000 4
 417  421      0.820     -0.163      0.000 4
 419  418      0.829      0.358      0.000 4
 420  419      0.829      0.591      0.000 4
 421  420      0.830      0.311      0.000 4
 422   -2      0.831     -0.077      0.000 4
  -1  422      0.847     -1.056      0.000 4
 430  423      0.858     -1.159      0.000 4
 438  408      0.859     -0.784      0.000 4
 427  427      0.860      1.171      0.000 4
 428  425      0.862     -0.533      0.000 4
 429  426      0.867     -1.075      0.000 4
 431  428      0.871      0.845      0.000 4
 432  429      0.881     -0.047      0.000 4
  -1   -2      0.886     -1.132      0.000 4
  -1  431      0.896     -0.661      0.000 4
 436  430      0.899      0.080      0.000 4
 444  417      0.901     -1.005      0.000 4
 443   -2      0.902     -0.202      0.000 4
 437  433      0.912      1.029      0.000 4
 439  435      0.919     -0.264      0.000 4
 440  437      0.927      1.127      0.000 4
 442  436      0.928     -0.454      0.000 4
  -1  440      0.933      0.148      0.000 4
  -1  441      0.934     -1.077      0.000 4
 446  442      0.940      0.723      0.000 4
 447  443      0.943      0.666      0.000 4
 448  444      0.944      0.617      0.000 4
 449  446      0.947     -0.545      0.000 4
 445   -2      0.949      0.100      0.000 4
 451  447      0.954      0.398      0.000 4
 450   -2      0.954      0.278      0.000 4
 452  445      0.956      0.450      0.000 4
 453  449      0.970     -1.130      0.000 4
 454   -2      0.976      0.769      0.000 4
  -1  450      0.978     -0.617      0.000 4
 456  452      0.992      0.215      0.000 4
 457  451      1.001     -0.262      0.000 4
 458  454      1.005      0.360      0.000 4
 459  455      1.009     -0.168      0.000 4
 460  457      1.019     -0.841      0.000 4
 461  456      1.022      0.499      0.000 4
 463  459      1.035      0.430      0.000 4
  -1  458      1.039     -0.608      0.000 4
 465  460      1.052     -0.256      0.000 4
 466   -2      1.059      0.738      0.000 4
 467  461      1.061     -0.050      0.000 4
 468  464      1.067     -0.348      0.000 4
  -1  466      1.071     -0.717      0.000 4
 478   -2      1.080      1.155      0.000 4
 481  462      1.083      0.639      0.000 4
 472  470      1.104      0.818      0.000 4
 470  472      1.105      1.024      0.000 4
 473  471      1.106     -0.023      0.000 4
 462   -2      1.108     -0.676      0.000 4
 476  474      1.109      0.700      0.000 4
 475  476      1.111     -1.005      0.000 4
 480   -2      1.138     -1.166      0.000 4
 486  475      1.144      0.246      0.000 4
 479  479      1.144      1.023      0.000 4
  -1   -2      1.149     -1.114      0.000 4
 483  480      1.150      0.083      0.000 4
 482  482      1.152     -0.812      0.000 4
 485  483      1.175     -0.583      0.000 4
  -1  481      1.214     -1.037      0.000 4
  -1   -2      1.219     -0.225      0.000 4
 487  484      1.227     -0.281      0.000 4
  -1   -2      1.229     -0.959      0.000 4
 490   -2      1.238      0.258      0.000 4
  -1  487      1.240     -0.537      0.000 4
 489  486      1.242     -0.403      0.000 4
  -1   -2      1.254     -0.221      0.000 4
  -1   -2      1.264     -0.908      0.000 4
 493  492      1.267     -1.170      0.000 4
 492  490      1.267      1.007      0.000 4
  -1  494      1.279      0.274      0.000 4
 491  493      1.288     -0.550      0.000 4
  -1  489      1.296     -0.176      0.000 4
  -1   -2      1.297      0.572      0.000 4
  -1   -2      1.299     -0.499      0.000 4
  -1  495      1.310     -1.016      0.000 4
 496   -2      1.312      0.392      0.000 4
 497  496      1.319     -0.527      0.000 4
 498  497      1.333     -0.613      0.000 4
 499  498      1.342     -1.126      0.000 4
 500  499      1.364      0.441      0.000 4
 502   -2      1.376     -0.152      0.000 4
 503  502      1.384     -1.054      0.000 4
 507  501      1.385     -0.993      0.000 4
 505  503      1.398      1.123      0.000 4
 508  505      1.411      0.168      0.000 4
 509  508      1.419     -0.384      0.000 4
 510  509      1.421     -0.271      0.000 4
 511  510      1.427     -0.512      0.000 4
 512  511      1.430     -0.447      0.000 4
  -1   -2      1.435     -0.020      0.000 4
 515  512      1.453      0.237      0.000 4
 514  514      1.453     -1.113      0.000 4
 516  513      1.456      0.543      0.000 4
 504   -2      1.473     -1.169      0.000 4
  -1   -2      1.475     -0.770      0.000 4
  -1   -2      1.484      1.096      0.000 4
 517  518      1.486     -0.810      0.000 4
  -1  519      1.488     -1.077      0.000 4
  -1   -2      1.492     -0.987      0.000 4
  -1   -2      1.499     -0.772      0.000 4
 519  521      1.505      0.866      0.000 4
 521  522      1.510      0.279      0.000 4
 525  523      1.521     -0.302      0.000 4
 523  524      1.522     -0.238      0.000 4
 524  525      1.522     -0.073      0.000 4
 528  528      1.550      0.060      0.000 4
 532  529      1.552      0.453      0.000 4
 529  531      1.553     -1.101      0.000 4
 531  530      1.554      1.136      0.000 4
  -1  526      1.555     -0.676      0.000 4
 530  532      1.555     -0.986      0.000 4
 533  533      1.570     -0.883      0.000 4
