537
   0    0     -1.571      0.251      0.000 4
   2    1     -1.569     -0.865      0.000 4
   1   -2     -1.568      0.376      0.000 4
   3    2     -1.560      0.320      0.000 4
  -1    6     -1.560      0.730      0.000 4
   5    3     -1.549      0.608      0.000 4
   4    4     -1.549      0.477      0.000 4
   6    5     -1.547      1.059      0.000 4
   7    7     -1.532      0.172      0.000 4
   8   -2     -1.531      0.754      0.000 4
   9    8     -1.529     -0.357      0.000 4
  -1   -2     -1.515      0.660      0.000 4
  16   10     -1.509     -0.115      0.000 4
  24    9     -1.507     -1.162      0.000 4
  19   13     -1.500      0.969      0.000 4
  11   14     -1.497      0.389      0.000 4
  17   17     -1.485     -0.986      0.000 4
  22   18     -1.476     -0.414      0.000 4
  23   19     -1.473      0.324      0.000 4
  27   20     -1.461      1.115      0.000 4
  25   21     -1.461     -0.698      0.000 4
  -1   22     -1.459      0.065      0.000 4
  26   -2     -1.459      0.799      0.000 4
  29   24     -1.439     -0.453      0.000 4
  30   25     -1.437      0.849      0.000 4
  31   27     -1.434      0.721      0.000 4
  33   28     -1.423     -1.069      0.000 4
  34   -2     -1.421     -0.803      0.000 4
  35   33     -1.412     -0.018      0.000 4
  36   34     -1.402      0.186      0.000 4
  -1   32     -1.398     -1.175      0.000 4
  -1   -2     -1.396      0.358      0.000 4
  10   -2     -1.395     -0.553      0.000 4
  40   39     -1.358      0.615      0.000 4
  -1   38     -1.358     -0.942      0.000 4
  41   40     -1.356     -0.387      0.000 4
  -1   46     -1.345     -1.170      0.000 4
  43   43     -1.335     -0.981      0.000 4
  42   44     -1.334      1.007      0.000 4
  -1   41     -1.325     -0.018      0.000 4
  -1   45     -1.321      0.562      0.000 4
  45   -2     -1.305     -1.121      0.000 4
  46   47     -1.296     -0.148      0.000 4
  47   48     -1.292     -0.894      0.000 4
  49   -2     -1.286     -1.086      0.000 4
  48   50     -1.284     -0.586      0.000 4
  50   51     -1.282     -0.692      0.000 4
  54   -2     -1.279     -1.171      0.000 4
  51   52     -1.271     -0.921      0.000 4
  53   53     -1.268     -0.117      0.000 4
  55   54     -1.261     -0.649      0.000 4
  44   -2     -1.244      1.067      0.000 4
  56   57     -1.240      0.891      0.000 4
  58   58     -1.236     -1.059      0.000 4
  -1   -2     -1.235     -1.086      0.000 4
  59   -2     -1.232      0.680      0.000 4
  57   60     -1.231      0.434      0.000 4
  60   -2     -1.229      0.779      0.000 4
  61   61     -1.225     -0.903      0.000 4
  62   62     -1.221     -0.704      0.000 4
  63   -2     -1.212      0.466      0.000 4
  64   63     -1.208     -0.386      0.000 4
  66   64     -1.197     -0.119      0.000 4
  68   59     -1.179     -1.173      0.000 4
  67   -2     -1.176      0.692      0.000 4
  69   66     -1.169      0.424      0.000 4
  71   67     -1.163      1.059      0.000 4
  70   69     -1.162     -0.405      0.000 4
  72   68     -1.161      1.097      0.000 4
  74   70     -1.158     -0.894      0.000 4
  73   72     -1.157     -0.308      0.000 4
  75   71     -1.156     -0.932      0.000 4
  76   73     -1.143      0.506      0.000 4
  -1   74     -1.134     -0.516      0.000 4
  78   76     -1.131      0.202      0.000 4
  79   75     -1.131     -0.173      0.000 4
  80   77     -1.123      0.409      0.000 4
  81   78     -1.112      1.093      0.000 4
  82   79     -1.110     -1.069      0.000 4
  83   80     -1.104      0.840      0.000 4
  84   81     -1.103      0.608      0.000 4
  -1   83     -1.098     -0.193      0.000 4
  85   82     -1.097     -0.232      0.000 4
  86   84     -1.089      0.354      0.000 4
  -1   86     -1.076     -0.995      0.000 4
  88   -2     -1.075      0.456      0.000 4
  91   87     -1.062     -1.122      0.000 4
  90   -2     -1.062     -1.085      0.000 4
  89   88     -1.062     -0.456      0.000 4
  93   90     -1.028      0.316      0.000 4
  94   91     -1.022      0.941      0.000 4
  92  100     -1.017     -0.828      0.000 4
  95   92     -1.014     -0.905      0.000 4
  -1   -2     -1.013      0.799      0.000 4
  -1   -2     -1.013     -0.092      0.000 4
  96   -2     -1.010     -0.603      0.000 4
  -1   97     -1.010     -1.165      0.000 4
  97   96     -1.005      0.584      0.000 4
  99   95     -1.001      1.058      0.000 4
 100   -2     -0.991     -1.107      0.000 4
 101  104     -0.976     -0.031      0.000 4
 102   99     -0.956     -0.136      0.000 4
 103   -2     -0.951     -0.910      0.000 4
 105  103     -0.940     -0.215      0.000 4
 107  102     -0.936     -0.975      0.000 4
 106  107     -0.936     -0.007      0.000 4
 109  106     -0.927      0.918      0.000 4
 111   -2     -0.923     -0.035      0.000 4
 112  114     -0.916      0.324      0.000 4
 118  110     -0.915      0.437      0.000 4
 113  109     -0.915     -0.448      0.000 4
 108  124     -0.907      1.104      0.000 4
 117  113     -0.904     -0.623      0.000 4
 125   -2     -0.901     -0.304      0.000 4
  -1   -2     -0.899      0.397      0.000 4
 120  117     -0.890     -0.759      0.000 4
 119  118     -0.889      0.739      0.000 4
 122  119     -0.880     -0.706      0.000 4
 123  120     -0.875     -0.054      0.000 4
 124  121     -0.864      0.039      0.000 4
  -1  122     -0.862      0.381      0.000 4
 127  123     -0.845      0.812      0.000 4
 121  142     -0.844     -1.173      0.000 4
 128  125     -0.835      0.140      0.000 4
 130   -2     -0.830      1.047      0.000 4
 129  126     -0.828     -0.442      0.000 4
 132  127     -0.822      1.094      0.000 4
 131  128     -0.819     -0.145      0.000 4
 133  129     -0.816      0.880      0.000 4
 134  130     -0.810      0.987      0.000 4
 135  131     -0.806     -0.754      0.000 4
 136   -2     -0.804     -0.804      0.000 4
 142   -2     -0.802     -0.932      0.000 4
 138  132     -0.790     -0.096      0.000 4
 139   -2     -0.780      0.065      0.000 4
  -1  116     -0.754      0.656      0.000 4
 141  135     -0.754      0.963      0.000 4
  -1  134     -0.749     -0.926      0.000 4
  -1  144     -0.748     -1.072      0.000 4
 143  136     -0.745     -0.541      0.000 4
  -1  137     -0.732     -0.963      0.000 4
 145   -2     -0.718     -1.010      0.000 4
 146  141     -0.717     -0.290      0.000 4
 150  145     -0.712      1.087      0.000 4
 147   -2     -0.710     -0.549      0.000 4
 149   -2     -0.706     -1.170      0.000 4
 151   -2     -0.693      1.040      0.000 4
  -1   -2     -0.692     -1.094      0.000 4
  -1   -2     -0.686     -1.129      0.000 4
 153  147     -0.681      0.049      0.000 4
 154  148     -0.676     -0.411      0.000 4
 155   -2     -0.659      0.332      0.000 4
 156  149     -0.659     -0.485      0.000 4
  -1  150     -0.658     -0.889      0.000 4
 157  151     -0.651     -0.743      0.000 4
  -1  152     -0.647      0.866      0.000 4
 160   -2     -0.644      0.832      0.000 4
 162  153     -0.640      1.115      0.000 4
 161  154     -0.638      1.075      0.000 4
 164   -2     -0.630      1.039      0.000 4
 163  156     -0.627     -0.215      0.000 4
 166  158     -0.626     -0.021      0.000 4
 165  159     -0.625      0.453      0.000 4
 167  157     -0.622     -1.058      0.000 4
  -1   -2     -0.617      0.513      0.000 4
 168  161     -0.611     -0.745      0.000 4
 169  162     -0.606     -0.481      0.000 4
 171  160     -0.598     -0.971      0.000 4
 170  163     -0.597      0.082      0.000 4
 172  164     -0.594      0.637      0.000 4
 173  165     -0.591      0.180      0.000 4
  -1   -2     -0.579      0.769      0.000 4
 175  166     -0.571      1.006      0.000 4
 174  167     -0.569     -0.037      0.000 4
 176  171     -0.548     -0.109      0.000 4
  -1  170     -0.542     -1.088      0.000 4
 178  173     -0.527     -0.255      0.000 4
 179  172     -0.527      1.131      0.000 4
 177  179     -0.525     -1.167      0.000 4
 181  174     -0.517     -0.631      0.000 4
 182  175     -0.513      0.420      0.000 4
 158   -2     -0.511      0.914      0.000 4
 184  176     -0.480      0.300      0.000 4
 186  177     -0.474     -0.161      0.000 4
  -1   -2     -0.473     -0.673      0.000 4
  -1  180     -0.461     -0.463      0.000 4
  -1  181     -0.458      0.692      0.000 4
  -1  185     -0.449     -0.252      0.000 4
 189  184     -0.445     -0.782      0.000 4
 191  183     -0.445     -0.892      0.000 4
 190  186     -0.442     -0.549      0.000 4
 183  191     -0.437     -1.144      0.000 4
 188  187     -0.436     -0.219      0.000 4
 187  190     -0.425      0.667      0.000 4
  -1   -2     -0.425     -0.995      0.000 4
 194  189     -0.422      1.143      0.000 4
 193   -2     -0.411     -1.120      0.000 4
 195  192     -0.410     -0.605      0.000 4
 196   -2     -0.406      0.992      0.000 4
 215   -2     -0.396     -0.677      0.000 4
  -1  193     -0.387      0.834      0.000 4
 199  194     -0.384     -0.890      0.000 4
 200  195     -0.381      0.982      0.000 4
 201  196     -0.380      0.799      0.000 4
 202  197     -0.377      0.909      0.000 4
 203  198     -0.375      0.281      0.000 4
 204  199     -0.368     -0.511      0.000 4
 208   -2     -0.360     -1.140      0.000 4
 207   -2     -0.356     -1.078      0.000 4
 206  201     -0.353      0.257      0.000 4
 209  202     -0.339      0.721      0.000 4
 210  203     -0.337     -0.164      0.000 4
 213  204     -0.331      1.170      0.000 4
 214   -2     -0.325     -1.141      0.000 4
 216  206     -0.318      0.374      0.000 4
 217  207     -0.315     -0.849      0.000 4
 205   -2     -0.300     -1.133      0.000 4
 218  208     -0.300     -0.344      0.000 4
 221  209     -0.295     -0.898      0.000 4
 219  211     -0.293      0.116      0.000 4
  -1  212     -0.289     -1.171      0.000 4
 223  213     -0.282      0.671      0.000 4
 224  215     -0.274     -0.598      0.000 4
  -1   -2     -0.273     -0.486      0.000 4
 226  217     -0.259     -0.980      0.000 4
  -1  205     -0.254     -0.776      0.000 4
 227  218     -0.251      0.018      0.000 4
 230   -2     -0.244     -1.094      0.000 4
 229  220     -0.244      0.631      0.000 4
  -1  219     -0.236     -1.056      0.000 4
 233  222     -0.218     -0.149      0.000 4
 234  225     -0.215     -0.212      0.000 4
  -1   -2     -0.213     -0.489      0.000 4
  -1   -2     -0.190     -1.174      0.000 4
 237  227     -0.182     -0.148      0.000 4
  -1   -2     -0.182      1.120      0.000 4
 239  228     -0.180     -1.088      0.000 4
 238   -2     -0.178      1.167      0.000 4
  -1  230     -0.173     -0.676      0.000 4
 243  232     -0.164      0.426      0.000 4
 236  234     -0.161     -0.568      0.000 4
 244  233     -0.155     -0.058      0.000 4
  -1  243     -0.151     -0.999      0.000 4
 235   -2     -0.149      0.961      0.000 4
 245  235     -0.143      0.545      0.000 4
 247  236     -0.141     -0.270      0.000 4
 242   -2     -0.139      0.292      0.000 4
 249  238     -0.133     -0.911      0.000 4
 251   -2     -0.127     -1.131      0.000 4
 250  240     -0.122      1.173      0.000 4
 252  241     -0.119      0.204      0.000 4
 253  242     -0.115     -0.125      0.000 4
 257  247     -0.101     -0.239      0.000 4
 265  223     -0.098     -0.538      0.000 4
 266   -2     -0.093     -0.269      0.000 4
 256  246     -0.093      0.308      0.000 4
 258   -2     -0.090     -1.014      0.000 4
 259  248     -0.083      1.015      0.000 4
 268   -2     -0.080     -1.166      0.000 4
 261  249     -0.076     -0.975      0.000 4
 260  250     -0.075      0.510      0.000 4
 262  252     -0.071      0.006      0.000 4
 263  251     -0.070      1.126      0.000 4
  -1   -2     -0.057     -0.998      0.000 4
  -1   -2     -0.048      0.825      0.000 4
  -1  254     -0.036      1.075      0.000 4
 254   -2     -0.031     -0.761      0.000 4
  -1  258     -0.023      0.281      0.000 4
 267  257     -0.021     -0.103      0.000 4
 269  259     -0.017      0.489      0.000 4
 270  261      0.001      0.049      0.000 4
  -1   -2      0.004      0.115      0.000 4
 271   -2      0.004      0.324      0.000 4
 273  262      0.011      0.853      0.000 4
 274   -2      0.012      0.745      0.000 4
 275  264      0.018     -1.104      0.000 4
 276  265      0.023      0.497      0.000 4
 277  267      0.029      0.293      0.000 4
 278  268      0.036     -0.039      0.000 4
  -1  263      0.044     -0.247      0.000 4
 279   -2      0.046     -1.068      0.000 4
 280  269      0.053      0.561      0.000 4
 281  270      0.061      0.783      0.000 4
 282  271      0.065     -0.951      0.000 4
 283  272      0.072     -0.793      0.000 4
  -1  273      0.076      0.519      0.000 4
 285  274      0.080      0.137      0.000 4
 288   -2      0.083     -1.168      0.000 4
 286  275      0.087     -0.602      0.000 4
  -1   -2      0.093      1.007      0.000 4
 272  299      0.093      0.102      0.000 4
 290  278      0.098      0.390      0.000 4
 291  279      0.101      1.070      0.000 4
  -1  281      0.101     -0.972      0.000 4
 294  283      0.137     -0.951      0.000 4
 295  285      0.141      0.733      0.000 4
 296   -2      0.143     -0.395      0.000 4
 297  288      0.144     -1.067      0.000 4
  -1  282      0.148     -1.174      0.000 4
 298  286      0.151      0.590      0.000 4
 300  287      0.153     -0.563      0.000 4
 301   -2      0.154     -1.105      0.000 4
 302  289      0.162      0.912      0.000 4
 303  290      0.176      0.316      0.000 4
 304  291      0.187     -0.585      0.000 4
 305  292      0.192     -1.072      0.000 4
 306  293      0.199     -0.376      0.000 4
  -1  294      0.203     -1.174      0.000 4
 308  295      0.206      1.125      0.000 4
 307  298      0.216     -0.887      0.000 4
 310  296      0.216      0.840      0.000 4
  -1  297      0.219     -1.099      0.000 4
 311   -2      0.220      0.034      0.000 4
 312  301      0.224      0.481      0.000 4
 313  302      0.228     -0.761      0.000 4
  -1  304      0.233     -0.357      0.000 4
 315  300      0.237     -1.005      0.000 4
 314  305      0.245     -0.116      0.000 4
  -1   -2      0.263     -0.779      0.000 4
 316   -2      0.267     -0.548      0.000 4
 317  306      0.269     -0.302      0.000 4
 318  307      0.270      0.842      0.000 4
 319  308      0.283      1.053      0.000 4
 320  309      0.289      0.981      0.000 4
 321  310      0.293      0.216      0.000 4
 324  315      0.322     -1.109      0.000 4
 326  313      0.324      0.504      0.000 4
 327  314      0.327     -0.268      0.000 4
 328  316      0.336     -0.317      0.000 4
  -1  317      0.338     -0.157      0.000 4
 329  318      0.340      0.056      0.000 4
 330  320      0.347      0.896      0.000 4
 331  319      0.347     -0.133      0.000 4
 332  332      0.356      0.304      0.000 4
 333  321      0.361     -1.072      0.000 4
 334  322      0.373      0.940      0.000 4
  -1  325      0.374     -1.150      0.000 4
 335  323      0.378     -0.342      0.000 4
 336  324      0.385     -0.708      0.000 4
  -1   -2      0.391     -0.872      0.000 4
 337  327      0.404      0.573      0.000 4
 340  328      0.406      0.055      0.000 4
 341  329      0.415     -0.346      0.000 4
 342  330      0.420     -1.017      0.000 4
 345  333      0.428     -0.789      0.000 4
 346  334      0.435      0.150      0.000 4
 350   -2      0.443     -0.583      0.000 4
  -1   -2      0.444      0.815      0.000 4
  -1  335      0.447      0.775      0.000 4
  -1   -2      0.448      0.384      0.000 4
  -1   -2      0.450     -0.901      0.000 4
 349  336      0.453      1.098      0.000 4
  -1  337      0.469     -0.528      0.000 4
 351  339      0.471      0.614      0.000 4
 352  338      0.473      0.005      0.000 4
 353  340      0.479     -1.020      0.000 4
  -1   -2      0.486      0.443      0.000 4
 355  341      0.491     -0.372      0.000 4
 354  342      0.492     -1.152      0.000 4
  -1  354      0.492     -0.112      0.000 4
 357  343      0.504      0.277      0.000 4
 356  345      0.506     -0.714      0.000 4
 358  344      0.508      0.542      0.000 4
 361   -2      0.510      0.489      0.000 4
 362   -2      0.513      0.023      0.000 4
 363   -2      0.525     -0.555      0.000 4
  -1   -2      0.529      0.592      0.000 4
 364  349      0.530     -0.022      0.000 4
 366  351      0.536      0.799      0.000 4
 367  353      0.545     -0.831      0.000 4
  -1  352      0.547      0.277      0.000 4
  -1   -2      0.550     -0.138      0.000 4
 368  355      0.552      0.671      0.000 4
  -1  367      0.559      0.429      0.000 4
 370  357      0.567     -0.885      0.000 4
 365  356      0.567      0.602      0.000 4
 371  358      0.577     -0.516      0.000 4
 372  359      0.593      0.340      0.000 4
 376  360      0.607      0.933      0.000 4
 377  362      0.609     -0.930      0.000 4
 378  361      0.610      0.809      0.000 4
  -1   -2      0.620     -0.611      0.000 4
 380  363      0.621     -0.034      0.000 4
 379  365      0.623     -0.685      0.000 4
 381  366      0.630     -1.077      0.000 4
 382  364      0.631     -1.169      0.000 4
 383  368      0.643      0.461      0.000 4
 384  369      0.645     -0.780      0.000 4
 387  370      0.649      0.724      0.000 4
 388  371      0.656     -0.629      0.000 4
 389  372      0.670      1.079      0.000 4
 390  373      0.672     -0.364      0.000 4
  -1  375      0.682     -0.980      0.000 4
 392  377      0.689      0.846      0.000 4
 393  381      0.697     -0.439      0.000 4
 394  380      0.699      0.767      0.000 4
 395  382      0.702      0.433      0.000 4
  -1  383      0.714     -0.781      0.000 4
 396  384      0.715     -0.819      0.000 4
  -1  385      0.718      1.092      0.000 4
 374  403      0.729     -1.135      0.000 4
  -1  386      0.732     -1.041      0.000 4
  -1  387      0.737     -0.467      0.000 4
 400  388      0.739      1.079      0.000 4
 401  389      0.740     -0.657      0.000 4
  -1  390      0.747     -0.070      0.000 4
 402   -2      0.749     -0.853      0.000 4
 403  391      0.749      0.991      0.000 4
 404  392      0.752     -0.006      0.000 4
 399   -2      0.761     -1.083      0.000 4
 406  393      0.762     -0.350      0.000 4
 408   -2      0.773      1.089      0.000 4
  -1  395      0.776      1.164      0.000 4
  -1  399      0.781     -0.996      0.000 4
 410  396      0.786     -1.041      0.000 4
 412  398      0.790     -0.615      0.000 4
 409   -2      0.792      0.224      0.000 4
 413  400      0.803     -0.791      0.000 4
  -1   -2      0.804     -0.996      0.000 4
 417  402      0.833     -0.137      0.000 4
  -1  405      0.835      0.770      0.000 4
 420   -2      0.838     -1.115      0.000 4
 421  404      0.839     -0.859      0.000 4
 422   -2      0.841      0.844      0.000 4
 424  406      0.844      0.582      0.000 4
 425  407      0.846      0.351      0.000 4
 411  426      0.846     -1.054      0.000 4
 426  408      0.847      0.304      0.000 4
 415   -2      0.849     -0.081      0.000 4
 428  412      0.863     -0.782      0.000 4
 427  413      0.863      1.158      0.000 4
 431  417      0.869     -0.285      0.000 4
 429  416      0.873     -1.156      0.000 4
 432  418      0.883      0.832      0.000 4
  -1   -2      0.891      1.152      0.000 4
 433  419      0.895     -0.048      0.000 4
  -1  409      0.899     -1.005      0.000 4
 435  420      0.911      1.008      0.000 4
 436  423      0.915     -0.874      0.000 4
 439  425      0.929      1.117      0.000 4
 438   -2      0.930      1.042      0.000 4
 441  424      0.931     -0.265      0.000 4
 440   -2      0.931     -0.805      0.000 4
 449   -2      0.936     -1.079      0.000 4
 442  428      0.940     -0.456      0.000 4
 444  431      0.953      0.716      0.000 4
 445  434      0.955     -0.545      0.000 4
 447  433      0.957      0.658      0.000 4
 448  435      0.960      0.608      0.000 4
  -1  436      0.969     -1.134      0.000 4
 452  437      0.973      0.391      0.000 4
 419   -2      0.974      0.274      0.000 4
  -1  421      0.987      0.007      0.000 4
 443   -2      0.989     -0.182      0.000 4
  -1  438      0.991      0.761      0.000 4
  -1   -2      1.005     -0.068      0.000 4
 455  439      1.012      0.208      0.000 4
 454   -2      1.015     -0.268      0.000 4
  -1  427      1.019     -0.846      0.000 4
 457  441      1.023      0.356      0.000 4
 458  442      1.027     -0.170      0.000 4
 459  443      1.040      0.495      0.000 4
 460  444      1.046     -0.615      0.000 4
  -1  446      1.051     -1.173      0.000 4
 463  445      1.057      0.425      0.000 4
 464  440      1.064     -0.261      0.000 4
  -1  456      1.077      0.732      0.000 4
 466  447      1.078     -0.054      0.000 4
 467  449      1.092      0.638      0.000 4
 468  450      1.107      0.947      0.000 4
 462  461      1.108      1.022      0.000 4
 470  451      1.112     -1.014      0.000 4
 471  453      1.115     -0.684      0.000 4
 472  452      1.116      0.815      0.000 4
 473  455      1.123     -0.028      0.000 4
 475  457      1.130      0.235      0.000 4
 474   -2      1.131     -1.169      0.000 4
 476   -2      1.143      1.167      0.000 4
 477   -2      1.150      1.019      0.000 4
  -1  462      1.151     -1.126      0.000 4
  -1  464      1.154     -0.823      0.000 4
 478   -2      1.157     -0.909      0.000 4
 481  463      1.160      0.560      0.000 4
 482  466      1.166      0.246      0.000 4
 483  467      1.166      0.078      0.000 4
 485  468      1.181     -0.593      0.000 4
 486  470      1.216      0.960      0.000 4
  -1  471      1.223     -0.575      0.000 4
 488  472      1.234     -0.288      0.000 4
  -1  459      1.245      1.145      0.000 4
 490  473      1.246     -0.547      0.000 4
 491  474      1.250     -0.414      0.000 4
 492   -2      1.262     -0.621      0.000 4
 495  476      1.274      1.010      0.000 4
  -1   -2      1.287     -0.691      0.000 4
 496  477      1.295     -0.563      0.000 4
 499  480      1.303     -1.157      0.000 4
 497  481      1.310     -1.029      0.000 4
  -1   -2      1.314      0.572      0.000 4
 493  486      1.326     -0.966      0.000 4
 502  483      1.326      0.392      0.000 4
 501  484      1.326     -0.541      0.000 4
 503  485      1.339     -0.629      0.000 4
 504   -2      1.372     -1.007      0.000 4
 505  487      1.381      0.443      0.000 4
 506  488      1.386     -1.068      0.000 4
  -1  489      1.393     -1.171      0.000 4
 508  490      1.401      1.134      0.000 4
 509  491      1.415     -1.020      0.000 4
 510  492      1.425      0.167      0.000 4
 511  494      1.427     -0.399      0.000 4
  -1   -2      1.427      0.084      0.000 4
 507   -2      1.427     -0.297      0.000 4
 512  495      1.430     -0.534      0.000 4
 514  496      1.438     -0.464      0.000 4
  -1  498      1.452     -1.171      0.000 4
 518  499      1.455     -1.134      0.000 4
 519  500      1.467      0.237      0.000 4
 520  501      1.470      0.550      0.000 4
  -1  502      1.475      0.672      0.000 4
 523  503      1.492     -0.832      0.000 4
 531   -2      1.501     -1.013      0.000 4
 524  504      1.503      0.629      0.000 4
 517   -2      1.510     -1.150      0.000 4
 525  506      1.515      0.879      0.000 4
 526  507      1.523      0.282      0.000 4
 528   -2      1.529     -0.252      0.000 4
 527  508      1.529     -0.320      0.000 4
 529  510      1.531     -0.083      0.000 4
 530  512      1.543     -1.173      0.000 4
  -1  513      1.552     -0.291      0.000 4
 532  514      1.554     -1.120      0.000 4
  -1  515      1.557     -1.008      0.000 4
 535  517      1.558      0.055      0.000 4
 534  518      1.560      1.148      0.000 4
 536  519      1.565      0.461      0.000 4
 537  521      1.571     -0.904      0.000 4
