538
   0    1     -1.575     -0.029      0.000 4
   1   14     -1.572     -0.771      0.000 4
   2    2     -1.569      0.266      0.000 4
   3   15     -1.569      0.873      0.000 4
   4   -2     -1.542      0.820      0.000 4
   8    0     -1.529     -1.074      0.000 4
   6    6     -1.518      0.225      0.000 4
   7    8     -1.515      0.331      0.000 4
   9    9     -1.505      0.282      0.000 4
  10   10     -1.503      0.535      0.000 4
  11   11     -1.495      0.667      0.000 4
  12   12     -1.494      0.417      0.000 4
  13   13     -1.490     -0.294      0.000 4
  -1   -2     -1.487     -0.749      0.000 4
  26    4     -1.487      0.873      0.000 4
  14   16     -1.475     -1.170      0.000 4
  16   18     -1.475      0.158      0.000 4
  17   19     -1.467      1.023      0.000 4
  18   -2     -1.456     -0.514      0.000 4
  19   20     -1.455     -0.986      0.000 4
  21   21     -1.449     -0.614      0.000 4
  22   23     -1.440      0.346      0.000 4
  24   26     -1.435     -0.351      0.000 4
  -1   28     -1.426     -0.724      0.000 4
  28   27     -1.424      0.718      0.000 4
  25   -2     -1.420      0.140      0.000 4
  29   29     -1.401      0.288      0.000 4
  30   30     -1.399     -0.388      0.000 4
  31   32     -1.391      0.067      0.000 4
  32   31     -1.389      0.648      0.000 4
  33   33     -1.385     -0.218      0.000 4
  -1   -2     -1.375     -0.862      0.000 4
  35   34     -1.373     -0.536      0.000 4
  36   35     -1.370      0.614      0.000 4
  38   37     -1.362      1.125      0.000 4
  40   38     -1.356     -0.903      0.000 4
  44   39     -1.343     -1.046      0.000 4
  43   40     -1.338     -0.006      0.000 4
  45   43     -1.326      0.933      0.000 4
  46   44     -1.324      0.171      0.000 4
  47   45     -1.319      1.090      0.000 4
  48   -2     -1.319     -1.077      0.000 4
  49   48     -1.301     -0.338      0.000 4
  -1   46     -1.300     -0.979      0.000 4
  52   50     -1.298     -1.154      0.000 4
  37   62     -1.297     -0.835      0.000 4
  51   51     -1.296      0.559      0.000 4
  55   56     -1.269     -0.996      0.000 4
  -1   58     -1.263      0.040      0.000 4
  56   57     -1.263     -0.634      0.000 4
  53   -2     -1.257      1.079      0.000 4
  -1   59     -1.254     -0.532      0.000 4
  -1   -2     -1.249      0.512      0.000 4
  58   60     -1.243      1.002      0.000 4
  60   -2     -1.232     -0.842      0.000 4
  61   -2     -1.224     -0.704      0.000 4
  62   63     -1.217     -0.124      0.000 4
  63   64     -1.209      0.835      0.000 4
  64   -2     -1.200     -0.645      0.000 4
  68   -2     -1.184     -1.110      0.000 4
  67   66     -1.181      0.727      0.000 4
  -1   65     -1.172     -1.172      0.000 4
  70   68     -1.167     -0.874      0.000 4
  69   71     -1.166      0.638      0.000 4
  71   70     -1.164     -0.837      0.000 4
  72   69     -1.164      1.044      0.000 4
  73   72     -1.146      0.613      0.000 4
  -1   73     -1.145     -0.351      0.000 4
  74   76     -1.142      0.404      0.000 4
  75   74     -1.137     -1.008      0.000 4
  -1   75     -1.135     -1.110      0.000 4
  76   -2     -1.130     -0.424      0.000 4
  77   77     -1.116      1.045      0.000 4
  78   -2     -1.114      0.652      0.000 4
  79   80     -1.103     -0.106      0.000 4
  65   -2     -1.102     -1.117      0.000 4
  80   79     -1.099     -1.068      0.000 4
  81   81     -1.097     -0.376      0.000 4
  -1   82     -1.087     -0.483      0.000 4
  84   83     -1.077     -0.285      0.000 4
  -1   84     -1.077      0.672      0.000 4
  85   85     -1.073      0.401      0.000 4
  86   86     -1.064      0.804      0.000 4
  87   89     -1.054      0.479      0.000 4
  88   -2     -1.050     -1.172      0.000 4
  89   91     -1.038     -0.740      0.000 4
  90   92     -1.037     -0.161      0.000 4
  -1   93     -1.029     -1.066      0.000 4
  91   94     -1.027      0.582      0.000 4
  92   95     -1.025      0.389      0.000 4
  93   97     -1.023      0.193      0.000 4
  95   96     -1.019     -0.869      0.000 4
  97   98     -1.008     -0.219      0.000 4
  99   99     -1.007     -0.784      0.000 4
  98  100     -1.005     -0.182      0.000 4
 100  101     -1.001     -0.434      0.000 4
 102  102     -0.997      1.029      0.000 4
 101  103     -0.996      0.914      0.000 4
 103  105     -0.985      0.340      0.000 4
 105  106     -0.976      0.441      0.000 4
 113   90     -0.969     -1.120      0.000 4
 106  107     -0.967      1.063      0.000 4
 108   -2     -0.957      0.782      0.000 4
  -1   -2     -0.952     -0.978      0.000 4
 109  108     -0.950     -1.012      0.000 4
 110  109     -0.940     -0.940      0.000 4
 111  110     -0.922      0.571      0.000 4
 112  111     -0.920      0.307      0.000 4
 114  112     -0.914     -0.612      0.000 4
  -1  113     -0.910      1.086      0.000 4
 115  114     -0.909     -0.090      0.000 4
  -1  115     -0.908      0.748      0.000 4
 116  116     -0.904      1.039      0.000 4
 117   -2     -0.900      0.901      0.000 4
 118  131     -0.883     -1.170      0.000 4
  -1  117     -0.876      0.691      0.000 4
 119  118     -0.866     -0.743      0.000 4
 120  119     -0.861     -0.614      0.000 4
 121  120     -0.854     -0.135      0.000 4
 123  121     -0.850     -0.694      0.000 4
 124  124     -0.842     -0.217      0.000 4
 125  125     -0.835      0.330      0.000 4
 128  126     -0.828     -0.050      0.000 4
 129  128     -0.827     -0.009      0.000 4
 130  127     -0.826      0.734      0.000 4
 132  130     -0.822      1.090      0.000 4
 156   -2     -0.814      0.434      0.000 4
 134  132     -0.803      0.261      0.000 4
 139  133     -0.797      0.814      0.000 4
 137  134     -0.796      0.393      0.000 4
 138  135     -0.792      0.312      0.000 4
 140  136     -0.789      0.992      0.000 4
 141  139     -0.788     -0.798      0.000 4
  -1  137     -0.785     -0.377      0.000 4
 142   -2     -0.782     -0.754      0.000 4
 143  140     -0.780      0.885      0.000 4
  -1  153     -0.769      1.168      0.000 4
 145  141     -0.769     -1.165      0.000 4
 144  143     -0.767     -0.057      0.000 4
 147  144     -0.759     -0.447      0.000 4
 149  146     -0.752      0.036      0.000 4
 136  147     -0.750     -0.925      0.000 4
 151   -2     -0.738     -0.963      0.000 4
 152  148     -0.733     -1.010      0.000 4
 153  149     -0.726      0.978      0.000 4
 154  150     -0.722      0.139      0.000 4
 155  151     -0.718     -0.150      0.000 4
 157   -2     -0.704      1.113      0.000 4
 160  155     -0.689     -0.554      0.000 4
 158  156     -0.689     -0.103      0.000 4
 162  157     -0.684      1.060      0.000 4
 161   -2     -0.683     -1.135      0.000 4
 163   -2     -0.682     -0.686      0.000 4
  -1   -2     -0.677     -0.640      0.000 4
  -1  158     -0.676      1.020      0.000 4
  -1  160     -0.664     -1.042      0.000 4
  -1   -2     -0.664      0.064      0.000 4
 166   -2     -0.660     -1.172      0.000 4
  -1   -2     -0.655      1.093      0.000 4
 169  165     -0.653     -1.113      0.000 4
 168   -2     -0.652     -0.567      0.000 4
 171  163     -0.642      1.142      0.000 4
 170  164     -0.641     -1.075      0.000 4
 172  166     -0.630     -0.307      0.000 4
  -1  167     -0.622     -1.001      0.000 4
 173  168     -0.622     -0.764      0.000 4
 176  169     -0.618      1.068      0.000 4
  -1   -2     -0.612     -0.543      0.000 4
 177  170     -0.607      0.884      0.000 4
 178  171     -0.601     -0.432      0.000 4
 179  172     -0.596     -0.509      0.000 4
 180  173     -0.595     -0.279      0.000 4
 186   -2     -0.592     -0.233      0.000 4
 174   -2     -0.583     -1.112      0.000 4
 182  175     -0.582     -0.772      0.000 4
 181  176     -0.579      0.043      0.000 4
 183  177     -0.561      0.344      0.000 4
 184  178     -0.555      1.050      0.000 4
 185  180     -0.543     -0.511      0.000 4
  -1  179     -0.542     -1.173      0.000 4
  -1  181     -0.537     -1.086      0.000 4
 190   -2     -0.536      1.177      0.000 4
 188  182     -0.536      0.476      0.000 4
 189  183     -0.532      0.540      0.000 4
 191  184     -0.528      0.672      0.000 4
  -1   -2     -0.501     -0.646      0.000 4
 193  186     -0.495      0.080      0.000 4
 194  187     -0.493      0.185      0.000 4
 195  189     -0.485     -1.169      0.000 4
  -1  188     -0.484      0.968      0.000 4
 196  190     -0.475     -0.676      0.000 4
 197  191     -0.473     -0.048      0.000 4
 198  192     -0.456     -0.128      0.000 4
 199  193     -0.446     -0.287      0.000 4
 201  194     -0.439     -0.946      0.000 4
 203  198     -0.431     -1.050      0.000 4
 202  197     -0.431      0.452      0.000 4
 204  199     -0.424     -0.836      0.000 4
 187   -2     -0.422     -1.127      0.000 4
 207  200     -0.404      0.748      0.000 4
  -1  201     -0.398     -0.512      0.000 4
 213  202     -0.394      1.065      0.000 4
 209  203     -0.394     -0.604      0.000 4
 208  205     -0.392      0.320      0.000 4
  -1   -2     -0.391      0.631      0.000 4
 210  206     -0.388     -0.185      0.000 4
 211  209     -0.384     -0.332      0.000 4
 212  207     -0.377     -0.956      0.000 4
 214  208     -0.376     -0.664      0.000 4
 215  211     -0.370      0.725      0.000 4
 216  210     -0.369     -1.171      0.000 4
 217   -2     -0.368     -0.290      0.000 4
  -1  212     -0.368      1.058      0.000 4
  -1   -2     -0.364     -0.740      0.000 4
 219  213     -0.361     -0.254      0.000 4
 206  224     -0.357      0.986      0.000 4
 220   -2     -0.354      0.906      0.000 4
  -1   -2     -0.354      0.671      0.000 4
 222  214     -0.353     -1.076      0.000 4
 223  217     -0.344      0.870      0.000 4
 225  218     -0.316     -0.573      0.000 4
 227  219     -0.303     -0.927      0.000 4
 229  220     -0.298      0.793      0.000 4
 230  221     -0.296      0.306      0.000 4
 232  222     -0.290     -0.979      0.000 4
 233   -2     -0.278      0.279      0.000 4
 234  225     -0.269     -0.190      0.000 4
  -1   -2     -0.267      0.965      0.000 4
 235  226     -0.264     -1.065      0.000 4
 237   -2     -0.261     -1.168      0.000 4
 236  227     -0.253      0.411      0.000 4
 238  228     -0.243     -0.399      0.000 4
 239  229     -0.240     -0.675      0.000 4
  -1   -2     -0.237      0.866      0.000 4
 241  231     -0.231     -0.861      0.000 4
 243  236     -0.227     -1.091      0.000 4
 242  232     -0.227      0.120      0.000 4
  -1   -2     -0.215     -0.647      0.000 4
 244   -2     -0.214     -0.991      0.000 4
 246  235     -0.203      0.706      0.000 4
 245  241     -0.185     -0.223      0.000 4
 255   -2     -0.182     -1.070      0.000 4
 251  240     -0.164      0.071      0.000 4
 250   -2     -0.162     -0.055      0.000 4
 253   -2     -0.161     -0.263      0.000 4
  -1   -2     -0.151     -0.881      0.000 4
  -1  242     -0.150     -0.768      0.000 4
 256   -2     -0.141     -0.647      0.000 4
 258  245     -0.131     -0.187      0.000 4
 257  244     -0.130     -1.015      0.000 4
 259  246     -0.123      0.477      0.000 4
 260  248     -0.118      0.379      0.000 4
  -1  247     -0.117     -1.162      0.000 4
 261  249     -0.110      0.614      0.000 4
  -1  243     -0.110     -0.676      0.000 4
 262  250     -0.102     -0.087      0.000 4
 264   -2     -0.094      0.324      0.000 4
  -1   -2     -0.093     -1.124      0.000 4
 266  252     -0.085      1.131      0.000 4
 274   -2     -0.075     -1.086      0.000 4
 268  254     -0.074      0.221      0.000 4
 281   -2     -0.071     -0.162      0.000 4
 270  257     -0.066     -0.622      0.000 4
 301   -2     -0.056     -0.328      0.000 4
 275  259     -0.055      0.344      0.000 4
 276  261     -0.047      0.580      0.000 4
 277  262     -0.032     -0.012      0.000 4
  -1  253     -0.022     -1.008      0.000 4
 280  258     -0.020     -0.420      0.000 4
 282  266      0.006      0.315      0.000 4
 288  264      0.007     -1.170      0.000 4
 283  267      0.012      0.968      0.000 4
 284  268      0.018      0.850      0.000 4
 279  271      0.021     -1.110      0.000 4
 285   -2      0.025      0.365      0.000 4
  -1  270      0.026      0.043      0.000 4
 289   -2      0.038      0.567      0.000 4
 290  274      0.050      0.326      0.000 4
 286  288      0.056     -0.049      0.000 4
 292  276      0.061      0.893      0.000 4
 293   -2      0.064     -1.071      0.000 4
 294  278      0.065      0.641      0.000 4
  -1  272      0.070      0.577      0.000 4
 296  280      0.073      0.782      0.000 4
 295  279      0.077     -0.909      0.000 4
 297  282      0.084     -0.969      0.000 4
 298  283      0.091     -0.650      0.000 4
 299  284      0.096      0.145      0.000 4
 303  286      0.107     -1.169      0.000 4
 302  287      0.108      0.101      0.000 4
 304  295      0.110     -0.058      0.000 4
  -1  285      0.121      0.397      0.000 4
  -1   -2      0.126      0.955      0.000 4
  -1   -2      0.133      0.861      0.000 4
 306  290      0.137      0.828      0.000 4
 305  291      0.137     -0.948      0.000 4
 308   -2      0.145      0.668      0.000 4
 322   -2      0.145     -0.583      0.000 4
 309  292      0.150     -0.475      0.000 4
 311  293      0.152      1.032      0.000 4
 316  277      0.156     -1.135      0.000 4
 312   -2      0.157     -0.665      0.000 4
 314  297      0.175      0.356      0.000 4
 315  298      0.186     -0.684      0.000 4
 317   -2      0.198     -0.453      0.000 4
 318  301      0.211      0.549      0.000 4
 313  308      0.214      0.023      0.000 4
 321  303      0.217     -1.003      0.000 4
  -1   -2      0.224     -0.298      0.000 4
 323  305      0.227     -0.871      0.000 4
 324  306      0.237     -0.152      0.000 4
 325  307      0.252      0.953      0.000 4
  -1  299      0.253     -1.175      0.000 4
  -1  311      0.259     -0.644      0.000 4
 327  310      0.259     -0.369      0.000 4
 329  312      0.269      1.173      0.000 4
 331  313      0.273      1.099      0.000 4
 332  314      0.274      0.238      0.000 4
 333  315      0.301      0.572      0.000 4
  -1  316      0.303     -1.001      0.000 4
 335  319      0.317      0.049      0.000 4
  -1  320      0.317     -0.196      0.000 4
  -1   -2      0.317      0.893      0.000 4
 334   -2      0.350     -1.171      0.000 4
 336   -2      0.352      1.054      0.000 4
  -1   -2      0.356     -0.403      0.000 4
  -1  328      0.370      0.234      0.000 4
 340  326      0.372      0.050      0.000 4
 341  327      0.375     -0.797      0.000 4
  -1  324      0.377      1.113      0.000 4
 342   -2      0.385      0.288      0.000 4
  -1  335      0.387     -1.049      0.000 4
 343   -2      0.391     -0.965      0.000 4
 344  330      0.391     -0.407      0.000 4
 345  331      0.396      0.161      0.000 4
 346  332      0.401     -0.457      0.000 4
 348  334      0.420     -0.878      0.000 4
 349   -2      0.421     -1.106      0.000 4
 351  337      0.431     -0.005      0.000 4
 352  339      0.444     -0.598      0.000 4
 355   -2      0.449     -0.790      0.000 4
 353  329      0.449     -0.967      0.000 4
 354  348      0.451     -1.171      0.000 4
 357  340      0.459     -0.428      0.000 4
 366  344      0.460      0.311      0.000 4
 358   -2      0.462      0.552      0.000 4
  -1  341      0.463      0.734      0.000 4
 361  345      0.481     -1.104      0.000 4
 363  347      0.482     -0.032      0.000 4
 373  346      0.485      0.671      0.000 4
 365  349      0.491     -0.787      0.000 4
 364   -2      0.491     -1.153      0.000 4
 370   -2      0.492     -0.900      0.000 4
 374  343      0.495      0.430      0.000 4
 347   -2      0.496      0.892      0.000 4
 368   -2      0.497     -0.356      0.000 4
 367  353      0.497     -0.620      0.000 4
 371  354      0.504      0.752      0.000 4
 372  355      0.511     -0.975      0.000 4
 375  357      0.530     -0.891      0.000 4
  -1  356      0.531      0.325      0.000 4
 377  358      0.548     -0.568      0.000 4
 376   -2      0.549     -0.918      0.000 4
  -1  359      0.551      0.832      0.000 4
 378   -2      0.560     -0.950      0.000 4
 379  360      0.562     -0.044      0.000 4
  -1  361      0.565     -0.433      0.000 4
 380  362      0.567      0.897      0.000 4
 381  364      0.576      1.027      0.000 4
 382   -2      0.578      0.498      0.000 4
 383  365      0.582      0.536      0.000 4
 395  352      0.591     -0.253      0.000 4
 384  368      0.601      0.803      0.000 4
 385  369      0.602     -0.738      0.000 4
 386  370      0.604     -0.984      0.000 4
  -1   -2      0.609     -0.797      0.000 4
  -1  366      0.616      0.324      0.000 4
 389  372      0.626     -1.137      0.000 4
 390  373      0.627     -0.675      0.000 4
 393  374      0.628     -0.832      0.000 4
 392  375      0.629     -1.068      0.000 4
 394  376      0.632      0.484      0.000 4
 397  378      0.647      0.928      0.000 4
 398  379      0.649      0.846      0.000 4
 404   -2      0.651     -1.166      0.000 4
 399   -2      0.652     -1.122      0.000 4
 401  380      0.653     -0.474      0.000 4
 403  381      0.681     -1.026      0.000 4
  -1  384      0.687     -0.830      0.000 4
 405   -2      0.703     -0.856      0.000 4
 406  385      0.704     -0.448      0.000 4
 400  394      0.706      1.170      0.000 4
  -1   -2      0.708     -0.063      0.000 4
 408  387      0.712     -0.372      0.000 4
 409  388      0.715     -0.693      0.000 4
 410  389      0.715      0.256      0.000 4
 411  390      0.721      1.070      0.000 4
 416  386      0.728      1.160      0.000 4
 412   -2      0.729     -1.124      0.000 4
 413  392      0.734     -0.881      0.000 4
  -1  393      0.735     -1.073      0.000 4
 414  400      0.742     -0.782      0.000 4
 415  395      0.757     -0.638      0.000 4
 419  397      0.761      0.336      0.000 4
 418  396      0.762      0.385      0.000 4
  -1   -2      0.763     -0.459      0.000 4
 417   -2      0.765     -0.167      0.000 4
 420  398      0.770      0.634      0.000 4
 425   -2      0.771     -1.108      0.000 4
  -1   -2      0.774     -0.075      0.000 4
 422   -2      0.787     -0.816      0.000 4
 423  401      0.793      0.910      0.000 4
  -1   -2      0.798     -1.064      0.000 4
 421  402      0.800     -0.983      0.000 4
  -1   -2      0.803      0.618      0.000 4
 426  403      0.817     -0.038      0.000 4
 427  405      0.829      0.092      0.000 4
 428  407      0.832      0.890      0.000 4
  -1  408      0.840      1.071      0.000 4
 429  409      0.845     -0.792      0.000 4
 431  411      0.850     -1.065      0.000 4
 432  412      0.853     -0.203      0.000 4
  -1  404      0.863     -1.153      0.000 4
 433  413      0.863      0.163      0.000 4
 434  414      0.866     -0.264      0.000 4
  -1  416      0.877      0.512      0.000 4
 438  417      0.881      0.650      0.000 4
 439  418      0.881      0.420      0.000 4
 442  421      0.884      0.701      0.000 4
 441  420      0.884      0.758      0.000 4
 443  422      0.891     -0.454      0.000 4
 444  423      0.892      1.079      0.000 4
 452   -2      0.893     -0.292      0.000 4
  -1  426      0.901     -1.005      0.000 4
 446  425      0.902     -0.875      0.000 4
  -1  428      0.915     -0.801      0.000 4
 447  427      0.915     -0.543      0.000 4
 449  429      0.918      0.232      0.000 4
 448  430      0.918      1.167      0.000 4
 453  432      0.933      0.023      0.000 4
 445  438      0.934     -1.077      0.000 4
  -1  433      0.944     -0.867      0.000 4
 454  435      0.949     -0.252      0.000 4
 455  434      0.949      0.522      0.000 4
 456  436      0.952     -0.154      0.000 4
 457  437      0.961      0.450      0.000 4
 451   -2      0.978     -1.121      0.000 4
 459  439      0.990     -0.038      0.000 4
  -1   -2      1.005      0.759      0.000 4
 462  441      1.006     -0.825      0.000 4
 463  442      1.012     -0.593      0.000 4
 464  443      1.021      0.671      0.000 4
 465  444      1.023     -0.332      0.000 4
  -1   -2      1.031      0.249      0.000 4
 466   -2      1.038      0.291      0.000 4
 467  445      1.039     -0.008      0.000 4
 468   -2      1.050      0.713      0.000 4
  -1   -2      1.052     -1.050      0.000 4
  -1  447      1.055     -0.699      0.000 4
 470  448      1.057      0.831      0.000 4
 473  451      1.066      0.966      0.000 4
 474  450      1.067      0.257      0.000 4
 472  453      1.076     -1.171      0.000 4
 476  452      1.079      0.096      0.000 4
  -1  454      1.080      1.037      0.000 4
 477  455      1.088     -0.649      0.000 4
  -1   -2      1.093     -0.403      0.000 4
 478  456      1.096     -0.549      0.000 4
 479  458      1.111     -0.975      0.000 4
 485   -2      1.116      0.199      0.000 4
  -1  459      1.122      1.029      0.000 4
  -1  446      1.134      0.713      0.000 4
 481  461      1.141     -0.777      0.000 4
  -1  464      1.147     -1.174      0.000 4
 483  462      1.148     -0.549      0.000 4
 482  463      1.148     -0.863      0.000 4
 484  465      1.155     -1.080      0.000 4
 486  467      1.169      0.878      0.000 4
 487   -2      1.180      0.961      0.000 4
  -1  468      1.183     -0.244      0.000 4
 489  460      1.189     -0.066      0.000 4
 488  469      1.190     -1.172      0.000 4
 491   -2      1.203     -0.365      0.000 4
 493  472      1.210     -0.495      0.000 4
  -1  473      1.222     -0.910      0.000 4
 496  475      1.232     -0.565      0.000 4
 497  476      1.238      0.995      0.000 4
 498  477      1.243      0.391      0.000 4
 499  478      1.261     -0.500      0.000 4
 501   -2      1.274     -0.088      0.000 4
 502  480      1.291     -0.475      0.000 4
 495  486      1.295      0.427      0.000 4
 504  481      1.307     -0.959      0.000 4
 505  482      1.312     -0.557      0.000 4
  -1   -2      1.314     -0.196      0.000 4
 506  490      1.343     -1.066      0.000 4
 509  484      1.352      0.168      0.000 4
 510   -2      1.356      0.101      0.000 4
  -1   -2      1.369      0.256      0.000 4
 523  487      1.372     -1.168      0.000 4
 512  488      1.376      1.092      0.000 4
 513  489      1.383     -0.229      0.000 4
 514  485      1.383     -0.944      0.000 4
 515  491      1.386     -0.331      0.000 4
 516  492      1.398      0.236      0.000 4
 517  493      1.398      0.515      0.000 4
 518  494      1.400     -0.455      0.000 4
 519  495      1.402     -0.388      0.000 4
  -1   -2      1.430     -0.359      0.000 4
 521  497      1.434      0.582      0.000 4
  -1   -2      1.441     -0.765      0.000 4
 522  508      1.451     -1.081      0.000 4
 524  498      1.459      0.270      0.000 4
 525  500      1.462      0.817      0.000 4
  -1   -2      1.465      1.048      0.000 4
 527  502      1.476     -0.731      0.000 4
 528  503      1.487     -0.048      0.000 4
 529  504      1.491     -0.190      0.000 4
 530  505      1.495     -0.249      0.000 4
 533  506      1.501      0.425      0.000 4
 531  511      1.504     -1.000      0.000 4
  -1  507      1.505     -0.315      0.000 4
  -1   -2      1.505     -1.057      0.000 4
  -1   -2      1.507      0.775      0.000 4
 534  509      1.511      0.075      0.000 4
  -1  517      1.519     -1.143      0.000 4
 535  513      1.527     -1.174      0.000 4
  -1  514      1.529      0.659      0.000 4
 537  515      1.535      1.082      0.000 4
 538  516      1.539      0.577      0.000 4
 539  518      1.541     -0.599      0.000 4
 540  521      1.546     -0.906      0.000 4
  -1  512      1.547      0.030      0.000 4
 541  519      1.549     -1.020      0.000 4
 542  520      1.551      0.377      0.000 4
 545  522      1.560     -0.800      0.000 4
 547   -2      1.564      0.823      0.000 4
 548  523      1.567      1.124      0.000 4
