531
  -1    0     -1.575     -0.203      0.000 4
  -1   11     -1.574     -1.172      0.000 4
   1   -2     -1.572     -0.681      0.000 4
   2    1     -1.564      0.512      0.000 4
  -1    2     -1.559     -0.989      0.000 4
   5    3     -1.548      0.778      0.000 4
   4    4     -1.547      0.368      0.000 4
  -1    5     -1.547     -1.092      0.000 4
   3   12     -1.534     -0.962      0.000 4
   6    6     -1.531     -0.008      0.000 4
  -1    7     -1.529     -0.124      0.000 4
  -1   14     -1.528      0.868      0.000 4
  -1    8     -1.524      0.986      0.000 4
   7   10     -1.518      0.237      0.000 4
   8    9     -1.517     -0.194      0.000 4
  -1   -2     -1.511      0.735      0.000 4
  10   -2     -1.487     -0.098      0.000 4
  12   -2     -1.480     -1.167      0.000 4
  -1   -2     -1.475     -0.952      0.000 4
  14   -2     -1.472     -0.903      0.000 4
  15   15     -1.462      0.203      0.000 4
  16   -2     -1.461      0.935      0.000 4
  17   -2     -1.452      0.292      0.000 4
  18   16     -1.450      0.595      0.000 4
  -1   18     -1.446      0.474      0.000 4
  -1   17     -1.444      1.044      0.000 4
  19   20     -1.444     -0.247      0.000 4
  -1   21     -1.443      0.252      0.000 4
  21   -2     -1.437     -0.334      0.000 4
  22   22     -1.431      0.371      0.000 4
  23   23     -1.428     -0.543      0.000 4
  24   24     -1.410      0.147      0.000 4
  25   26     -1.387     -0.302      0.000 4
  -1   -2     -1.386      0.273      0.000 4
  -1   -2     -1.384     -1.110      0.000 4
  30   28     -1.369     -0.972      0.000 4
  31   29     -1.368     -0.829      0.000 4
  -1   27     -1.368      1.043      0.000 4
  29   30     -1.366      0.313      0.000 4
  35   31     -1.354     -1.074      0.000 4
  34   32     -1.351     -0.338      0.000 4
  33   -2     -1.350      0.483      0.000 4
  -1   33     -1.347      0.130      0.000 4
  36   -2     -1.338     -0.476      0.000 4
  37   35     -1.333      0.587      0.000 4
  38   37     -1.326      0.263      0.000 4
  39   38     -1.323      1.017      0.000 4
  -1   43     -1.311      0.560      0.000 4
  41   42     -1.310      0.065      0.000 4
  42   44     -1.304      0.865      0.000 4
  43   47     -1.303      1.164      0.000 4
  45   40     -1.299     -1.172      0.000 4
  44   45     -1.298     -0.769      0.000 4
  -1   49     -1.294      0.028      0.000 4
  46   50     -1.288     -0.931      0.000 4
  -1   52     -1.281      0.642      0.000 4
  -1   -2     -1.280      1.145      0.000 4
  47   53     -1.256      0.002      0.000 4
  -1   -2     -1.253      1.076      0.000 4
  -1   54     -1.253      0.038      0.000 4
  48   56     -1.237     -0.302      0.000 4
  50   57     -1.237     -0.579      0.000 4
  49   58     -1.237      0.159      0.000 4
  52   -2     -1.235     -1.069      0.000 4
  51   59     -1.233     -0.780      0.000 4
  53   60     -1.231      0.941      0.000 4
  56   -2     -1.212     -1.032      0.000 4
  55   62     -1.211     -0.484      0.000 4
  -1   -2     -1.204     -0.727      0.000 4
  59   63     -1.195      0.586      0.000 4
  58   64     -1.185      0.364      0.000 4
  60   65     -1.174     -0.603      0.000 4
  -1   -2     -1.174     -1.044      0.000 4
  62   67     -1.171      0.786      0.000 4
  63   66     -1.169     -0.821      0.000 4
  61   68     -1.169      0.477      0.000 4
  64   70     -1.162     -0.788      0.000 4
  -1   69     -1.161     -0.958      0.000 4
  65   71     -1.159     -1.163      0.000 4
  -1   72     -1.158      0.992      0.000 4
  68   74     -1.130     -1.014      0.000 4
  67   77     -1.128     -0.113      0.000 4
  69   76     -1.126      0.688      0.000 4
  71   78     -1.115     -0.530      0.000 4
  72   79     -1.109      1.000      0.000 4
  73   80     -1.097      0.604      0.000 4
  74   82     -1.074     -0.330      0.000 4
  -1   -2     -1.066     -0.133      0.000 4
  75   84     -1.056     -1.170      0.000 4
  76   83     -1.054     -1.017      0.000 4
  77   86     -1.046      0.383      0.000 4
  78   91     -1.046      0.622      0.000 4
  79   87     -1.026     -0.358      0.000 4
  80   88     -1.019     -0.702      0.000 4
  82   89     -1.016     -0.834      0.000 4
  81   90     -1.016      0.778      0.000 4
  -1   -2     -1.012      0.656      0.000 4
  83   93     -1.007     -0.101      0.000 4
  84   92     -1.003     -1.077      0.000 4
  86   94     -0.999     -0.963      0.000 4
  85   95     -0.996     -0.272      0.000 4
  87   96     -0.986      1.001      0.000 4
  88   97     -0.975      0.383      0.000 4
  -1   98     -0.966     -0.980      0.000 4
  89   99     -0.965      0.891      0.000 4
  97   -2     -0.964      0.249      0.000 4
  90   -2     -0.961      0.463      0.000 4
  -1  108     -0.952      1.107      0.000 4
  91  102     -0.948     -0.916      0.000 4
  92  104     -0.942     -0.157      0.000 4
  93  105     -0.937     -0.422      0.000 4
  94  106     -0.926      0.380      0.000 4
  95   -2     -0.921      0.755      0.000 4
  96  107     -0.917     -0.215      0.000 4
  98   -2     -0.909      1.073      0.000 4
  99   -2     -0.908     -1.072      0.000 4
 100  110     -0.903     -0.760      0.000 4
 101  111     -0.881      0.332      0.000 4
  -1   -2     -0.874      0.428      0.000 4
 104  113     -0.870     -0.981      0.000 4
 103  114     -0.867      0.894      0.000 4
 105  116     -0.841      0.565      0.000 4
 106  115     -0.841     -0.735      0.000 4
 107  117     -0.834     -1.082      0.000 4
 108  118     -0.822      1.088      0.000 4
 121   -2     -0.818      0.502      0.000 4
 102  119     -0.818     -0.611      0.000 4
 111  121     -0.814      1.044      0.000 4
 109   -2     -0.814     -0.690      0.000 4
  -1  122     -0.811      0.693      0.000 4
 113  123     -0.806     -0.938      0.000 4
 112  125     -0.806     -0.093      0.000 4
 114  124     -0.798     -1.162      0.000 4
 115  126     -0.780     -0.447      0.000 4
 116  127     -0.774      0.996      0.000 4
  -1  129     -0.773      0.771      0.000 4
 118  131     -0.757     -0.755      0.000 4
 120  130     -0.756     -0.932      0.000 4
 117  132     -0.754     -0.142      0.000 4
 119  134     -0.750     -0.224      0.000 4
  -1  135     -0.749      0.822      0.000 4
 122  136     -0.745     -1.011      0.000 4
  -1  138     -0.744      0.894      0.000 4
 128   -2     -0.743     -0.966      0.000 4
 127  140     -0.727     -0.057      0.000 4
 126  141     -0.721     -0.014      0.000 4
 129  142     -0.710      0.994      0.000 4
 133  139     -0.708      0.326      0.000 4
 131  144     -0.697      0.397      0.000 4
 130  145     -0.695      0.266      0.000 4
 132  146     -0.692     -0.461      0.000 4
 134  149     -0.676      1.081      0.000 4
 137  151     -0.665      1.025      0.000 4
 135  152     -0.664     -0.066      0.000 4
 138  150     -0.663     -1.087      0.000 4
  -1  153     -0.650      1.168      0.000 4
 141  154     -0.649     -0.706      0.000 4
 140  155     -0.648      0.030      0.000 4
 149  148     -0.639     -1.020      0.000 4
 150  158     -0.637     -0.576      0.000 4
 146  160     -0.624     -0.165      0.000 4
 147  161     -0.618      0.138      0.000 4
 148  159     -0.615      0.751      0.000 4
 151  162     -0.598     -0.792      0.000 4
 152  163     -0.591     -1.147      0.000 4
 153  164     -0.589     -0.117      0.000 4
  -1   -2     -0.580      0.501      0.000 4
 139   -2     -0.577      0.932      0.000 4
  -1  167     -0.565      0.898      0.000 4
  -1  170     -0.558     -0.805      0.000 4
 155  168     -0.557     -1.009      0.000 4
 156  171     -0.552     -0.332      0.000 4
 157   -2     -0.549      1.096      0.000 4
 158  172     -0.543     -1.170      0.000 4
 143   -2     -0.538     -0.542      0.000 4
 160   -2     -0.526     -1.156      0.000 4
  -1  174     -0.516     -0.305      0.000 4
 161   -2     -0.492      0.857      0.000 4
 162  175     -0.488     -0.551      0.000 4
 163  176     -0.482      0.038      0.000 4
  -1  177     -0.473      0.363      0.000 4
 164  178     -0.470      0.715      0.000 4
 165  180     -0.467      1.023      0.000 4
 168  179     -0.464     -1.175      0.000 4
 167   -2     -0.462     -0.263      0.000 4
 166  182     -0.460      0.506      0.000 4
 170   -2     -0.450     -1.102      0.000 4
 169  183     -0.442      0.284      0.000 4
 171  184     -0.441     -0.726      0.000 4
 172  185     -0.438     -1.000      0.000 4
 173  186     -0.434     -0.325      0.000 4
 175  187     -0.410     -0.896      0.000 4
 176  188     -0.405      0.073      0.000 4
 177  189     -0.404      0.192      0.000 4
 178  190     -0.388     -0.067      0.000 4
  -1   -2     -0.382     -0.990      0.000 4
 181  191     -0.378     -1.021      0.000 4
 179  193     -0.377     -0.326      0.000 4
 180  194     -0.376     -0.154      0.000 4
 184  196     -0.369     -1.136      0.000 4
 183  195     -0.367     -1.168      0.000 4
 182  192     -0.366      1.134      0.000 4
 185  197     -0.363      0.810      0.000 4
 186  198     -0.358      0.479      0.000 4
 188  199     -0.355     -0.663      0.000 4
 189  200     -0.352     -0.569      0.000 4
  -1   -2     -0.345      0.687      0.000 4
 191  202     -0.342     -0.732      0.000 4
  -1  201     -0.340      1.063      0.000 4
 193  205     -0.329      0.788      0.000 4
 194  207     -0.320      0.347      0.000 4
 195  206     -0.320      0.946      0.000 4
 196  208     -0.314     -0.217      0.000 4
 199   -2     -0.305     -0.335      0.000 4
 200  211     -0.302     -1.005      0.000 4
 201  212     -0.295     -0.296      0.000 4
 202  213     -0.295     -1.058      0.000 4
 203  214     -0.287     -0.915      0.000 4
  -1  219     -0.285      0.563      0.000 4
 204  216     -0.278     -0.642      0.000 4
 205  215     -0.277     -1.152      0.000 4
  -1  217     -0.275     -0.827      0.000 4
 206  218     -0.268      0.871      0.000 4
  -1   -2     -0.248      0.587      0.000 4
 207  220     -0.234      0.331      0.000 4
 209  221     -0.227     -0.950      0.000 4
 211  223     -0.215     -0.759      0.000 4
 213  225     -0.211     -0.231      0.000 4
 226  226     -0.199      0.455      0.000 4
 216  227     -0.198     -0.464      0.000 4
 210  228     -0.192     -1.168      0.000 4
 218   -2     -0.191     -1.065      0.000 4
 219  230     -0.173      0.785      0.000 4
  -1   -2     -0.168     -1.121      0.000 4
 220  231     -0.168      0.119      0.000 4
 235   -2     -0.141     -0.865      0.000 4
 224  233     -0.141     -0.008      0.000 4
 215   -2     -0.138      0.418      0.000 4
 225  234     -0.138     -0.274      0.000 4
 227  235     -0.136     -1.116      0.000 4
  -1  229     -0.126     -1.054      0.000 4
 233   -2     -0.119     -0.743      0.000 4
 230   -2     -0.119     -0.165      0.000 4
 232   -2     -0.114      0.064      0.000 4
 234  238     -0.112     -1.175      0.000 4
 231  240     -0.110     -0.319      0.000 4
  -1  239     -0.090     -0.769      0.000 4
 236  242     -0.087      0.536      0.000 4
 237  244     -0.084     -0.233      0.000 4
 238  243     -0.083      0.693      0.000 4
 229  252     -0.078     -0.026      0.000 4
  -1   -2     -0.072     -0.165      0.000 4
 240   -2     -0.066     -0.386      0.000 4
  -1  248     -0.065     -0.753      0.000 4
 241   -2     -0.063     -0.119      0.000 4
 242  246     -0.059      0.359      0.000 4
  -1   -2     -0.058     -1.004      0.000 4
 243  247     -0.052      0.776      0.000 4
 244   -2     -0.049     -0.720      0.000 4
 245  250     -0.040      0.239      0.000 4
 246  251     -0.036     -0.206      0.000 4
 248   -2     -0.033     -0.008      0.000 4
  -1   -2     -0.030     -0.358      0.000 4
 249  253     -0.027      0.656      0.000 4
 247   -2     -0.027     -0.397      0.000 4
 251  255     -0.025      0.383      0.000 4
 252  257     -0.024      0.334      0.000 4
  -1  258     -0.019     -0.983      0.000 4
  -1   -2     -0.013      0.465      0.000 4
  -1  263     -0.007     -1.166      0.000 4
 253  260     -0.001     -0.031      0.000 4
 254  261      0.001      0.121      0.000 4
 255  249      0.007     -0.597      0.000 4
 256  262      0.010      1.082      0.000 4
 258   -2      0.018      0.631      0.000 4
  -1  264      0.028      0.349      0.000 4
 268  245      0.031     -0.177      0.000 4
 259  267      0.042     -1.013      0.000 4
  -1  254      0.046     -0.458      0.000 4
 261  266      0.052      0.641      0.000 4
 266  268      0.053      0.027      0.000 4
 262  269      0.059      1.005      0.000 4
 271   -2      0.060     -1.074      0.000 4
 264  271      0.065      0.367      0.000 4
 265  272      0.069      0.731      0.000 4
 263  270      0.075     -1.170      0.000 4
 267   -2      0.075     -0.081      0.000 4
 270  274      0.079     -1.025      0.000 4
  -1   -2      0.090     -0.654      0.000 4
 272  277      0.106      0.149      0.000 4
 273  278      0.112      0.499      0.000 4
 274  279      0.116      0.099      0.000 4
 276  282      0.125      0.969      0.000 4
 277  284      0.129      0.936      0.000 4
 278  285      0.139     -0.955      0.000 4
 279  286      0.140      0.757      0.000 4
 280  287      0.143      1.150      0.000 4
 283  288      0.147     -0.683      0.000 4
 282  289      0.153     -0.564      0.000 4
  -1  283      0.170     -0.323      0.000 4
 286  291      0.170      0.399      0.000 4
 287  280      0.172     -0.129      0.000 4
 288  292      0.186     -0.791      0.000 4
 275   -2      0.191      1.067      0.000 4
 291   -2      0.196     -1.173      0.000 4
  -1  294      0.198     -0.536      0.000 4
  -1  295      0.200      0.621      0.000 4
 293  297      0.209      0.006      0.000 4
 294  298      0.215     -1.110      0.000 4
 295   -2      0.218     -0.363      0.000 4
 297  300      0.232     -0.196      0.000 4
 298  301      0.236      1.065      0.000 4
 296  302      0.240     -0.989      0.000 4
 305   -2      0.252      0.810      0.000 4
 300  303      0.253     -0.441      0.000 4
 309   -2      0.256     -0.403      0.000 4
 302  305      0.258      0.260      0.000 4
 303  306      0.268      0.169      0.000 4
 307  322      0.295      0.989      0.000 4
 308  309      0.297      0.041      0.000 4
 310  311      0.305     -1.104      0.000 4
 312  312      0.309      1.117      0.000 4
 313  313      0.323     -1.173      0.000 4
 315  317      0.346      0.044      0.000 4
 316  318      0.352      0.319      0.000 4
 317  320      0.365      0.175      0.000 4
 318  324      0.365     -0.474      0.000 4
 319  323      0.369     -0.890      0.000 4
 320  328      0.378     -1.174      0.000 4
 321  325      0.382     -0.527      0.000 4
 323  327      0.394     -0.017      0.000 4
  -1   -2      0.397      0.779      0.000 4
  -1   -2      0.403     -1.147      0.000 4
  -1   -2      0.411     -0.743      0.000 4
 325  329      0.416     -0.966      0.000 4
 328  331      0.425      0.346      0.000 4
 330  333      0.428      0.815      0.000 4
 331  332      0.428     -0.675      0.000 4
 339   -2      0.431     -1.176      0.000 4
 332  334      0.435     -0.488      0.000 4
 333  335      0.441     -0.049      0.000 4
 349   -2      0.456     -1.072      0.000 4
 347  321      0.458      0.463      0.000 4
 334  339      0.467      0.839      0.000 4
 335  340      0.468      0.986      0.000 4
 337  341      0.480     -0.862      0.000 4
 336  342      0.483     -0.687      0.000 4
 338  343      0.489     -0.979      0.000 4
  -1  345      0.493     -1.172      0.000 4
 341  347      0.513      0.921      0.000 4
 342  346      0.514     -0.054      0.000 4
 340  348      0.515     -0.401      0.000 4
  -1  349      0.522      0.554      0.000 4
 343  350      0.525     -0.627      0.000 4
 327   -2      0.525      0.596      0.000 4
 345  352      0.532     -0.970      0.000 4
  -1   -2      0.534     -0.483      0.000 4
 346  353      0.536      0.986      0.000 4
 348  355      0.555      1.117      0.000 4
 350  354      0.556      0.885      0.000 4
  -1  356      0.558     -1.015      0.000 4
 351  357      0.566      0.612      0.000 4
 352  358      0.572      0.536      0.000 4
 353  359      0.588     -0.794      0.000 4
 369   -2      0.607     -0.725      0.000 4
 355  361      0.611      0.924      0.000 4
 354  362      0.613     -1.041      0.000 4
 358  363      0.616      1.010      0.000 4
 357  364      0.617     -0.884      0.000 4
 359  365      0.621     -0.515      0.000 4
 360  366      0.621     -0.007      0.000 4
 361  368      0.656     -1.169      0.000 4
 363  369      0.667     -0.400      0.000 4
 364  374      0.682     -0.931      0.000 4
 365  373      0.685     -1.067      0.000 4
 367  372      0.687      0.423      0.000 4
 366  371      0.687      0.369      0.000 4
 368   -2      0.691     -0.895      0.000 4
 370  375      0.701      1.146      0.000 4
 371  376      0.705      0.689      0.000 4
 372  377      0.707     -0.080      0.000 4
 374  380      0.725     -0.918      0.000 4
 375  381      0.731     -0.666      0.000 4
 373  382      0.738     -0.982      0.000 4
 378  384      0.745     -1.099      0.000 4
 379  383      0.746     -0.035      0.000 4
 380  385      0.751      0.105      0.000 4
  -1  390      0.754     -0.483      0.000 4
 382  387      0.781      0.181      0.000 4
 384  388      0.787     -1.042      0.000 4
 385  389      0.791      0.951      0.000 4
 386  391      0.798      0.456      0.000 4
  -1   -2      0.798      0.550      0.000 4
 387  392      0.802     -0.155      0.000 4
  -1   -2      0.802      0.316      0.000 4
 390   -2      0.807     -0.269      0.000 4
 388  396      0.809     -0.977      0.000 4
 389  394      0.811      0.698      0.000 4
 392  397      0.820      0.747      0.000 4
  -1   -2      0.821     -0.622      0.000 4
 393  399      0.825      0.809      0.000 4
 395  402      0.829     -0.806      0.000 4
  -1  393      0.830     -0.288      0.000 4
 394  395      0.830     -1.148      0.000 4
 396  401      0.831      0.254      0.000 4
  -1   -2      0.841      0.408      0.000 4
  -1   -2      0.842      1.178      0.000 4
 397  403      0.846     -0.461      0.000 4
  -1   -2      0.846     -0.165      0.000 4
  -1  400      0.846     -0.672      0.000 4
 398  404      0.854     -1.079      0.000 4
  -1  408      0.863      0.685      0.000 4
 404  407      0.866     -0.284      0.000 4
 402  405      0.867      0.556      0.000 4
 399  409      0.869      1.120      0.000 4
  -1  406      0.870      0.842      0.000 4
 406  410      0.875      0.476      0.000 4
 405  411      0.877     -0.545      0.000 4
 407  412      0.883     -0.148      0.000 4
 408   -2      0.885     -0.247      0.000 4
  -1   -2      0.888      1.168      0.000 4
 391   -2      0.895     -0.875      0.000 4
 411  415      0.899     -0.803      0.000 4
  -1  421      0.900     -0.942      0.000 4
 412  424      0.902     -1.006      0.000 4
 414  418      0.906     -1.135      0.000 4
 415  417      0.907      0.495      0.000 4
 416  419      0.913     -0.025      0.000 4
  -1  420      0.922     -0.696      0.000 4
 417   -2      0.930     -0.999      0.000 4
 418   -2      0.932     -0.861      0.000 4
 421  413      0.940      0.790      0.000 4
 419   -2      0.940     -1.076      0.000 4
 420  423      0.941      0.687      0.000 4
  -1  430      0.942      0.268      0.000 4
 422  426      0.957      0.008      0.000 4
  -1   -2      0.967     -0.876      0.000 4
 425   -2      0.970     -0.034      0.000 4
  -1  428      0.975     -0.437      0.000 4
 426  431      0.978     -0.581      0.000 4
 428  432      0.982     -1.111      0.000 4
  -1  433      0.990      0.113      0.000 4
  -1  422      0.992     -0.808      0.000 4
 430  435      1.000      0.856      0.000 4
 431  436      1.023     -0.710      0.000 4
 432  438      1.030      0.988      0.000 4
 434  440      1.046     -0.363      0.000 4
 437   -2      1.060      0.716      0.000 4
 436  442      1.060     -0.620      0.000 4
 438  444      1.075     -1.175      0.000 4
 439  445      1.091      1.040      0.000 4
  -1   -2      1.101     -0.437      0.000 4
 441  446      1.107     -0.937      0.000 4
 442  447      1.111     -0.515      0.000 4
 444  450      1.124     -0.977      0.000 4
  -1  455      1.125     -1.029      0.000 4
 445  449      1.128     -0.737      0.000 4
  -1   -2      1.135      0.960      0.000 4
 448  451      1.138     -0.819      0.000 4
 447  452      1.139     -1.170      0.000 4
 440   -2      1.146      0.557      0.000 4
 450  453      1.147     -0.331      0.000 4
 446   -2      1.150      1.027      0.000 4
 451  454      1.153      0.395      0.000 4
  -1   -2      1.159     -1.138      0.000 4
 452   -2      1.161     -1.035      0.000 4
 453  456      1.162      1.105      0.000 4
 455  457      1.171     -0.451      0.000 4
 433   -2      1.190     -0.268      0.000 4
 457  459      1.197     -0.512      0.000 4
 456  461      1.199     -1.124      0.000 4
 458  460      1.202      0.984      0.000 4
 461  462      1.212      0.423      0.000 4
 462  463      1.222      0.913      0.000 4
 463  464      1.225     -0.451      0.000 4
 465  466      1.234     -0.545      0.000 4
 460  468      1.236     -1.061      0.000 4
  -1  471      1.245     -0.793      0.000 4
  -1   -2      1.248      1.053      0.000 4
  -1  467      1.253     -0.422      0.000 4
  -1  477      1.272     -0.993      0.000 4
 469   -2      1.274     -0.761      0.000 4
 470  469      1.276      0.178      0.000 4
 471  470      1.282     -0.497      0.000 4
 475  472      1.321      0.490      0.000 4
 473  474      1.323     -1.170      0.000 4
 476  473      1.324      0.237      0.000 4
 477  475      1.331     -0.181      0.000 4
 478   -2      1.340     -0.995      0.000 4
 479  476      1.341     -0.275      0.000 4
 480  478      1.351      1.053      0.000 4
 482  480      1.359      1.152      0.000 4
 481  481      1.361     -0.846      0.000 4
 483  479      1.362      0.548      0.000 4
 484  482      1.363     -0.327      0.000 4
 485  483      1.365     -0.386      0.000 4
 468   -2      1.378     -0.128      0.000 4
 486  484      1.378     -0.901      0.000 4
 488   -2      1.389     -1.133      0.000 4
 489  486      1.392      0.265      0.000 4
 490   -2      1.394     -0.297      0.000 4
 491  488      1.402     -0.847      0.000 4
 492  487      1.403      0.764      0.000 4
  -1  485      1.411     -1.102      0.000 4
 503  489      1.413      0.126      0.000 4
 495   -2      1.434      0.821      0.000 4
 496  491      1.435      0.398      0.000 4
 494   -2      1.438      0.950      0.000 4
 498  493      1.439     -0.949      0.000 4
 497  492      1.440     -0.017      0.000 4
 500  495      1.448     -0.139      0.000 4
 501   -2      1.452     -0.190      0.000 4
  -1  497      1.459      0.092      0.000 4
 504  498      1.461     -0.643      0.000 4
  -1  503      1.467     -1.075      0.000 4
 499  512      1.470     -1.171      0.000 4
 506  499      1.474      0.644      0.000 4
 505  500      1.476      0.530      0.000 4
 513   -2      1.484     -0.548      0.000 4
 508  501      1.494      0.349      0.000 4
 510  502      1.498      1.014      0.000 4
 511   -2      1.499      0.397      0.000 4
  -1  505      1.503      1.134      0.000 4
  -1  506      1.521      0.939      0.000 4
 509   -2      1.524     -1.101      0.000 4
 518   -2      1.526     -1.175      0.000 4
 515  508      1.531      0.414      0.000 4
 516  509      1.537      1.053      0.000 4
 517  510      1.541     -0.806      0.000 4
 519  511      1.541     -0.924      0.000 4
 520  513      1.549     -0.701      0.000 4
