518
   0    0     -1.573     -1.175      0.000 4
  11   -2     -1.571      1.165      0.000 4
   1    3     -1.565      0.181      0.000 4
   2    4     -1.561     -0.932      0.000 4
   3    6     -1.553     -0.407      0.000 4
   4    7     -1.551      0.814      0.000 4
  -1    8     -1.548      1.027      0.000 4
   6   10     -1.538      0.426      0.000 4
  -1    9     -1.536      0.611      0.000 4
   9   11     -1.514      0.350      0.000 4
  10   -2     -1.513     -0.409      0.000 4
  25    1     -1.502      0.654      0.000 4
  12   13     -1.499     -0.464      0.000 4
  13   14     -1.496      0.059      0.000 4
   8   15     -1.487     -1.171      0.000 4
  -1   23     -1.484      0.001      0.000 4
  15   16     -1.481     -0.295      0.000 4
  -1   -2     -1.478      0.856      0.000 4
  -1   -2     -1.472     -1.128      0.000 4
  17   18     -1.464     -0.756      0.000 4
  18   20     -1.461      0.774      0.000 4
  19   19     -1.461     -0.503      0.000 4
  21   22     -1.453      0.906      0.000 4
  20   24     -1.453     -0.029      0.000 4
  22   21     -1.453      1.170      0.000 4
  23   25     -1.451      0.735      0.000 4
  24   26     -1.449      0.195      0.000 4
  -1   27     -1.423     -0.291      0.000 4
  27   32     -1.419     -1.131      0.000 4
  31   34     -1.404     -0.046      0.000 4
  14   43     -1.404     -0.660      0.000 4
  30   28     -1.404      0.462      0.000 4
  32   31     -1.396      0.659      0.000 4
  33   30     -1.394     -1.150      0.000 4
  34   33     -1.387     -0.427      0.000 4
  -1   35     -1.373      0.776      0.000 4
  36   38     -1.347     -0.167      0.000 4
  38   40     -1.345     -0.533      0.000 4
  40   41     -1.342      1.057      0.000 4
  37   50     -1.318     -1.035      0.000 4
  -1   -2     -1.307     -0.544      0.000 4
  42   -2     -1.305     -0.630      0.000 4
  43   44     -1.292     -0.739      0.000 4
  44   47     -1.290      0.460      0.000 4
  45   46     -1.284     -0.946      0.000 4
  39   61     -1.280     -1.172      0.000 4
  -1   -2     -1.263     -1.134      0.000 4
  48   49     -1.263      0.712      0.000 4
  50   48     -1.262     -0.970      0.000 4
  52   51     -1.258      0.816      0.000 4
  51   53     -1.255     -0.133      0.000 4
  53   52     -1.254      0.931      0.000 4
  54   54     -1.250     -0.415      0.000 4
  -1   -2     -1.249     -0.602      0.000 4
  55   55     -1.248     -0.077      0.000 4
  66   -2     -1.239      0.289      0.000 4
  58   58     -1.230     -0.744      0.000 4
  57   59     -1.229      0.444      0.000 4
  60   60     -1.216     -0.949      0.000 4
  59   62     -1.214      0.723      0.000 4
  61   -2     -1.213     -1.107      0.000 4
  62   63     -1.211     -0.647      0.000 4
  -1   -2     -1.208     -0.882      0.000 4
  63   64     -1.204     -0.330      0.000 4
  64   65     -1.203     -0.432      0.000 4
  67   67     -1.196      0.529      0.000 4
  68   68     -1.190     -0.188      0.000 4
  69   70     -1.186      0.428      0.000 4
  -1   -2     -1.183     -0.998      0.000 4
  70   71     -1.172      0.740      0.000 4
  -1   72     -1.162     -0.543      0.000 4
  72   75     -1.158      0.367      0.000 4
  71   -2     -1.157     -0.205      0.000 4
  73   76     -1.155     -0.249      0.000 4
  75   73     -1.154      1.131      0.000 4
  77   74     -1.153     -0.934      0.000 4
  76   77     -1.152      0.630      0.000 4
  78   78     -1.146     -0.972      0.000 4
  -1   79     -1.134     -1.173      0.000 4
  80   -2     -1.134      0.469      0.000 4
  79   81     -1.129      0.869      0.000 4
  -1   -2     -1.126     -0.431      0.000 4
  81   82     -1.108      1.123      0.000 4
  82   83     -1.102     -0.479      0.000 4
  83   84     -1.099      0.325      0.000 4
  85   85     -1.087     -1.105      0.000 4
  84   86     -1.082     -0.096      0.000 4
  87   87     -1.066     -0.799      0.000 4
  90   -2     -1.057     -1.005      0.000 4
  89   88     -1.056      0.598      0.000 4
  91   89     -1.046     -1.114      0.000 4
  92   90     -1.036      0.961      0.000 4
  93   91     -1.026     -1.161      0.000 4
  94   92     -1.025     -0.142      0.000 4
  95   -2     -1.013      0.338      0.000 4
  98   93     -1.011     -0.937      0.000 4
 102   95     -1.004     -0.013      0.000 4
  99   97     -1.004     -0.223      0.000 4
 100   98     -1.003      0.485      0.000 4
 101   96     -1.001      1.077      0.000 4
  -1   99     -0.992      0.262      0.000 4
  -1  100     -0.984      0.711      0.000 4
  -1  102     -0.977      0.438      0.000 4
 103  105     -0.975      0.322      0.000 4
  97   -2     -0.972     -0.644      0.000 4
 104  106     -0.970      0.397      0.000 4
  -1  104     -0.969     -1.138      0.000 4
 105  107     -0.959     -0.458      0.000 4
 107   -2     -0.949      0.929      0.000 4
 106  110     -0.949     -0.054      0.000 4
  -1  112     -0.946      0.620      0.000 4
  -1  111     -0.940     -1.069      0.000 4
 108  113     -0.940      0.039      0.000 4
 109  114     -0.930     -0.637      0.000 4
 110  115     -0.927      0.747      0.000 4
 111  116     -0.920     -0.998      0.000 4
 112  117     -0.917      1.160      0.000 4
 113  119     -0.912      0.140      0.000 4
 114  118     -0.911     -1.069      0.000 4
 115  120     -0.905      1.113      0.000 4
 116  121     -0.904     -0.770      0.000 4
 117  122     -0.902     -0.717      0.000 4
 118  124     -0.897     -1.169      0.000 4
 119  123     -0.890     -0.145      0.000 4
 134  109     -0.877      0.813      0.000 4
 121  126     -0.877     -0.445      0.000 4
 122  127     -0.864     -0.096      0.000 4
 124  129     -0.843      0.879      0.000 4
 126  131     -0.838      1.050      0.000 4
  -1   -2     -0.837     -1.165      0.000 4
 127  132     -0.825     -0.762      0.000 4
 128  134     -0.824      0.987      0.000 4
 129  133     -0.823      1.095      0.000 4
 130   -2     -0.818     -0.809      0.000 4
  -1  141     -0.805     -1.102      0.000 4
  -1  130     -0.804      0.281      0.000 4
 131  136     -0.794     -0.966      0.000 4
 132  138     -0.785     -0.538      0.000 4
 133  139     -0.779     -0.285      0.000 4
 135  140     -0.769      0.957      0.000 4
 136  144     -0.758      0.050      0.000 4
 137  142     -0.754     -0.935      0.000 4
 140  145     -0.752     -0.672      0.000 4
 138  146     -0.748     -0.254      0.000 4
 139  150     -0.736      0.329      0.000 4
 145   -2     -0.726     -1.082      0.000 4
  -1   -2     -0.717      0.972      0.000 4
 146   -2     -0.716      0.252      0.000 4
 144  149     -0.713     -1.013      0.000 4
 149  152     -0.704     -0.475      0.000 4
 147   -2     -0.703      1.026      0.000 4
 141  154     -0.702     -1.174      0.000 4
 151  155     -0.695     -0.205      0.000 4
 153  156     -0.691      0.442      0.000 4
 155  159     -0.678      0.498      0.000 4
  -1  158     -0.676      0.836      0.000 4
  -1   -2     -0.675      0.424      0.000 4
  -1  160     -0.673     -0.733      0.000 4
 159   -2     -0.668      0.080      0.000 4
 160  162     -0.664      0.176      0.000 4
 161  163     -0.656     -0.260      0.000 4
 162  164     -0.653     -0.466      0.000 4
  -1   -2     -0.648      0.288      0.000 4
 164  165     -0.645      1.056      0.000 4
 163  166     -0.645      0.617      0.000 4
 165   -2     -0.642      1.096      0.000 4
 171  157     -0.639     -1.109      0.000 4
 167  151     -0.639      1.019      0.000 4
 166  167     -0.638     -0.032      0.000 4
 168  168     -0.632     -0.727      0.000 4
  -1   -2     -0.624     -1.165      0.000 4
 170  169     -0.618     -0.970      0.000 4
  -1   -2     -0.615      0.750      0.000 4
 169  173     -0.615     -0.103      0.000 4
 148  184     -0.613     -1.048      0.000 4
  -1  161     -0.606      0.119      0.000 4
 173  175     -0.591      0.004      0.000 4
 174  176     -0.588     -0.241      0.000 4
 175  177     -0.584      0.982      0.000 4
 176  178     -0.576      0.405      0.000 4
  -1  179     -0.566     -1.176      0.000 4
 178  180     -0.560     -0.928      0.000 4
 181  181     -0.550      1.147      0.000 4
 179  182     -0.549     -0.609      0.000 4
 180  183     -0.544      0.286      0.000 4
 185  186     -0.529     -0.145      0.000 4
 187  185     -0.528      1.098      0.000 4
 188   -2     -0.526     -1.154      0.000 4
 186  187     -0.526      0.453      0.000 4
 191  188     -0.506     -0.236      0.000 4
 192   -2     -0.505     -0.442      0.000 4
 193  189     -0.500      0.659      0.000 4
 194  190     -0.498     -0.202      0.000 4
 198  193     -0.484     -1.175      0.000 4
 195  192     -0.482     -0.521      0.000 4
 196  191     -0.480     -1.138      0.000 4
 197  194     -0.468      0.633      0.000 4
 199  195     -0.466     -0.749      0.000 4
 200  197     -0.456     -0.858      0.000 4
  -1  198     -0.452     -0.574      0.000 4
 203  199     -0.433     -0.961      0.000 4
 202  203     -0.432      0.270      0.000 4
 205  200     -0.426      0.948      0.000 4
 206  202     -0.421      1.099      0.000 4
  -1   -2     -0.417      0.456      0.000 4
 208  206     -0.410      0.755      0.000 4
 209  207     -0.405     -0.477      0.000 4
 207  212     -0.401      0.863      0.000 4
 211  209     -0.398      0.934      0.000 4
 213  210     -0.395     -0.851      0.000 4
 214   -2     -0.393     -0.141      0.000 4
  -1  211     -0.390      0.416      0.000 4
 215  213     -0.376      0.678      0.000 4
 216  214     -0.371      0.351      0.000 4
 220  219     -0.355     -1.167      0.000 4
 218  215     -0.354     -1.078      0.000 4
 217  216     -0.354     -0.626      0.000 4
 219  220     -0.345     -0.315      0.000 4
 221  221     -0.329      1.112      0.000 4
 222  222     -0.328     -0.801      0.000 4
 223  223     -0.327      0.657      0.000 4
 250   -2     -0.306      0.025      0.000 4
 225  226     -0.306     -0.553      0.000 4
 226  225     -0.306     -0.848      0.000 4
 227  237     -0.303      0.446      0.000 4
  -1  230     -0.284     -1.171      0.000 4
 228  229     -0.279      0.586      0.000 4
  -1  232     -0.273      0.075      0.000 4
 230  234     -0.265     -0.925      0.000 4
  -1  231     -0.261     -1.141      0.000 4
  -1  227     -0.248     -0.393      0.000 4
 231  235     -0.247     -1.042      0.000 4
 232  233     -0.235      0.893      0.000 4
 233   -2     -0.231     -1.000      0.000 4
  -1   -2     -0.225     -1.174      0.000 4
  -1  240     -0.225     -0.129      0.000 4
 236  238     -0.221     -1.100      0.000 4
  -1  241     -0.210     -1.154      0.000 4
 237  242     -0.205      0.315      0.000 4
 238  243     -0.204      0.393      0.000 4
 242   -2     -0.198     -0.511      0.000 4
 234   -2     -0.195     -0.046      0.000 4
 243  246     -0.192     -1.069      0.000 4
 258   -2     -0.190     -0.621      0.000 4
 245  251     -0.176      0.273      0.000 4
 247  249     -0.176      1.095      0.000 4
 246  252     -0.175      0.502      0.000 4
 248  250     -0.173     -1.029      0.000 4
 249  254     -0.156      0.191      0.000 4
 264   -2     -0.144     -1.121      0.000 4
 251  255     -0.141     -0.844      0.000 4
 252  271     -0.129      0.743      0.000 4
 254  259     -0.127     -0.231      0.000 4
 255  260     -0.125      0.285      0.000 4
 256  262     -0.121      0.555      0.000 4
 257  261     -0.120      1.098      0.000 4
  -1  247     -0.116     -0.480      0.000 4
 260  263     -0.103      0.015      0.000 4
 261  264     -0.101      0.467      0.000 4
 253   -2     -0.090     -1.162      0.000 4
 262  267     -0.088      0.939      0.000 4
 263  268     -0.085     -0.903      0.000 4
 265  269     -0.079     -0.313      0.000 4
 266  270     -0.068      1.047      0.000 4
  -1   -2     -0.058      1.163      0.000 4
 268   -2     -0.055     -0.348      0.000 4
  -1  273     -0.046      0.261      0.000 4
 270  275     -0.044      0.948      0.000 4
 274  274     -0.038      0.995      0.000 4
 273  277     -0.025     -1.075      0.000 4
 275  280     -0.025      0.052      0.000 4
 276   -2     -0.019      0.298      0.000 4
  -1  281     -0.015      0.982      0.000 4
  -1  282     -0.010      0.903      0.000 4
 267  287      0.002     -1.001      0.000 4
 278  286      0.003      0.782      0.000 4
 280  284      0.004      0.115      0.000 4
 281  288      0.006      0.455      0.000 4
 282  289      0.009      0.272      0.000 4
 277   -2      0.014     -0.018      0.000 4
 284  293      0.046      0.512      0.000 4
  -1  279      0.049      1.152      0.000 4
 285  294      0.056      0.715      0.000 4
 286  297      0.062     -0.874      0.000 4
 287  298      0.065     -0.721      0.000 4
 288  299      0.067      0.133      0.000 4
 290  300      0.077     -0.539      0.000 4
 291  290      0.078     -0.020      0.000 4
 292  301      0.081      0.099      0.000 4
  -1   -2      0.085     -0.779      0.000 4
 296  292      0.085     -1.171      0.000 4
 293  302      0.091      0.357      0.000 4
 294  304      0.104      0.986      0.000 4
 295  305      0.106     -1.110      0.000 4
 298  307      0.132     -0.438      0.000 4
 300   -2      0.134      0.766      0.000 4
 299  308      0.134     -0.348      0.000 4
 301  309      0.138     -0.947      0.000 4
 302  310      0.142      0.669      0.000 4
  -1   -2      0.148     -0.506      0.000 4
 316  278      0.148      0.526      0.000 4
 304  312      0.153     -1.025      0.000 4
 305  313      0.167      0.836      0.000 4
 306  314      0.176      0.292      0.000 4
  -1  315      0.183     -0.524      0.000 4
 307  316      0.187     -0.996      0.000 4
 314  311      0.198     -0.331      0.000 4
 311  318      0.212     -0.812      0.000 4
 312   -2      0.212     -1.022      0.000 4
 309  319      0.219      1.037      0.000 4
 313  321      0.221      0.039      0.000 4
 318  320      0.228     -1.007      0.000 4
 315  322      0.228     -0.692      0.000 4
 319  328      0.248     -0.097      0.000 4
 320  329      0.273     -0.267      0.000 4
 321   -2      0.275     -1.118      0.000 4
 323  330      0.282      0.773      0.000 4
 324  332      0.291      0.973      0.000 4
 325  334      0.295      1.124      0.000 4
 326  333      0.298      0.903      0.000 4
 327  336      0.305      0.201      0.000 4
 329  337      0.311      0.571      0.000 4
 344  331      0.311     -1.169      0.000 4
  -1  338      0.324     -1.044      0.000 4
 330  339      0.338     -0.235      0.000 4
  -1  350      0.353     -0.459      0.000 4
 333  342      0.356      0.056      0.000 4
 334   -2      0.358      0.724      0.000 4
  -1  344      0.358     -0.671      0.000 4
  -1  343      0.360     -1.008      0.000 4
  -1   -2      0.362      1.107      0.000 4
 336  345      0.364      0.824      0.000 4
 337   -2      0.372      0.278      0.000 4
 338  346      0.377     -1.072      0.000 4
 341  348      0.393     -0.305      0.000 4
 340  349      0.393     -0.651      0.000 4
  -1   -2      0.394     -0.811      0.000 4
 342  347      0.410      0.926      0.000 4
 343  352      0.417     -0.956      0.000 4
  -1  365      0.426     -1.165      0.000 4
 345  354      0.430      0.056      0.000 4
 346  355      0.433     -0.314      0.000 4
 347  356      0.436     -0.736      0.000 4
 348  357      0.442     -0.358      0.000 4
 349  358      0.449      0.239      0.000 4
 350  359      0.455     -0.540      0.000 4
 351  360      0.462      0.140      0.000 4
 352  361      0.465      1.024      0.000 4
 365  340      0.479     -1.160      0.000 4
 356  364      0.482     -0.489      0.000 4
  -1  366      0.492      0.984      0.000 4
 358  367      0.500      0.009      0.000 4
 360  368      0.510     -0.343      0.000 4
  -1   -2      0.510      0.588      0.000 4
  -1  369      0.512     -0.819      0.000 4
 368  375      0.516      0.405      0.000 4
 362  371      0.518     -0.669      0.000 4
 363  372      0.537      1.124      0.000 4
 364  370      0.539      0.594      0.000 4
 366  373      0.544      0.257      0.000 4
 367  376      0.545     -0.516      0.000 4
 369  377      0.555     -0.790      0.000 4
 370  379      0.562      0.740      0.000 4
 371  380      0.564     -0.020      0.000 4
 373  381      0.572     -0.842      0.000 4
  -1   -2      0.575      0.289      0.000 4
 379   -2      0.583      0.617      0.000 4
 375   -2      0.585      0.255      0.000 4
 384  374      0.596     -1.162      0.000 4
 378  382      0.598     -0.485      0.000 4
 377  383      0.598     -0.994      0.000 4
 380  384      0.611     -0.892      0.000 4
 383  388      0.625     -1.043      0.000 4
  -1  387      0.628      0.692      0.000 4
 385  389      0.631      0.874      0.000 4
 387  391      0.639     -0.654      0.000 4
 388  390      0.641      0.753      0.000 4
 389  394      0.656     -0.750      0.000 4
 408   -2      0.663     -0.033      0.000 4
  -1  396      0.682     -0.954      0.000 4
 393  397      0.686      0.672      0.000 4
 392  398      0.687      0.410      0.000 4
 394  399      0.690      0.443      0.000 4
  -1  392      0.698     -1.173      0.000 4
 395  395      0.707      0.069      0.000 4
 397  400      0.722      0.794      0.000 4
 386  412      0.723     -0.419      0.000 4
 396  402      0.724     -0.794      0.000 4
 391  411      0.730      1.035      0.000 4
 399  405      0.732     -1.017      0.000 4
 401  403      0.733      0.270      0.000 4
 402  406      0.737      0.718      0.000 4
 404  407      0.750      0.403      0.000 4
  -1  410      0.752     -0.234      0.000 4
 406  408      0.755     -0.643      0.000 4
 411  409      0.759     -1.066      0.000 4
 413  404      0.761      1.034      0.000 4
 382   -2      0.762     -0.166      0.000 4
 415   -2      0.770      0.941      0.000 4
 412   -2      0.788     -0.982      0.000 4
 414  416      0.798     -0.345      0.000 4
 417  418      0.810     -0.602      0.000 4
 418  421      0.829     -1.109      0.000 4
 416   -2      0.832      0.099      0.000 4
  -1  417      0.840      0.926      0.000 4
 419  422      0.842     -1.047      0.000 4
 423  415      0.847     -0.852      0.000 4
 427   -2      0.855     -1.154      0.000 4
  -1  424      0.869     -0.282      0.000 4
 424  425      0.873     -0.445      0.000 4
 426  427      0.876      0.803      0.000 4
  -1  428      0.877      1.114      0.000 4
 428  426      0.878      0.734      0.000 4
 432  431      0.896      0.549      0.000 4
 433  430      0.897     -0.086      0.000 4
 431  432      0.897     -1.006      0.000 4
 434  433      0.905      0.327      0.000 4
 435  434      0.907      0.283      0.000 4
 442  423      0.919     -0.875      0.000 4
 425  453      0.932      1.025      0.000 4
 438  440      0.933      0.971      0.000 4
 439  442      0.939      1.083      0.000 4
 440  443      0.948      1.007      0.000 4
 441  444      0.951     -0.052      0.000 4
  -1  438      0.959     -1.144      0.000 4
  -1   -2      0.964      0.283      0.000 4
 430   -2      0.964     -0.212      0.000 4
 443  445      0.970     -0.464      0.000 4
 444  446      0.974     -0.274      0.000 4
 446  447      0.981     -0.557      0.000 4
 445  448      0.982      0.068      0.000 4
 448  449      0.991     -0.172      0.000 4
 451  452      1.011      0.633      0.000 4
 450  454      1.015      0.129      0.000 4
 452  455      1.015      0.585      0.000 4
  -1  458      1.023     -1.173      0.000 4
 453  456      1.026      0.459      0.000 4
 454   -2      1.034      0.257      0.000 4
 455  457      1.035      0.373      0.000 4
 456  451      1.035      0.738      0.000 4
 464   -2      1.047     -0.246      0.000 4
 465   -2      1.054     -0.341      0.000 4
  -1   -2      1.063     -0.434      0.000 4
 458  461      1.063     -0.631      0.000 4
 460  462      1.074      0.195      0.000 4
  -1  463      1.077     -0.184      0.000 4
  -1  464      1.087     -0.750      0.000 4
 462  465      1.099      0.480      0.000 4
 463  466      1.107     -1.041      0.000 4
 471  467      1.119      0.414      0.000 4
  -1  478      1.121      0.720      0.000 4
 466  469      1.129     -0.710      0.000 4
 467  470      1.133     -0.070      0.000 4
 468   -2      1.134      0.937      0.000 4
 469  471      1.144     -1.156      0.000 4
 470  472      1.153      0.632      0.000 4
 472  473      1.154      0.807      0.000 4
  -1  475      1.160     -0.942      0.000 4
  -1  481      1.160     -0.640      0.000 4
 474  477      1.166     -0.855      0.000 4
 475  476      1.167      1.014      0.000 4
  -1  468      1.174     -0.460      0.000 4
  -1   -2      1.176      0.688      0.000 4
 476  479      1.178     -0.044      0.000 4
 478   -2      1.200     -0.628      0.000 4
  -1   -2      1.216     -0.027      0.000 4
  -1  483      1.217      0.229      0.000 4
 481  484      1.224      0.062      0.000 4
  -1  485      1.225     -1.009      0.000 4
 482  486      1.255      0.889      0.000 4
 484  488      1.267     -0.587      0.000 4
 486  490      1.278     -0.452      0.000 4
 487   -2      1.292     -0.940      0.000 4
 488  491      1.293      1.025      0.000 4
  -1  487      1.301     -1.174      0.000 4
 489  492      1.304     -1.081      0.000 4
 483   -2      1.306     -0.267      0.000 4
 491  494      1.313     -0.609      0.000 4
 492  498      1.346     -0.589      0.000 4
 493  500      1.348     -0.218      0.000 4
 494  501      1.353     -0.681      0.000 4
 495  499      1.353      0.273      0.000 4
 496  502      1.366      0.590      0.000 4
 499  504      1.381     -0.572      0.000 4
 501  505      1.382     -0.158      0.000 4
 504  503      1.385     -1.069      0.000 4
 500  506      1.385     -1.122      0.000 4
 502  507      1.387      0.407      0.000 4
  -1  508      1.389     -1.174      0.000 4
 503   -2      1.412      1.159      0.000 4
 506  511      1.432      0.460      0.000 4
 498   -2      1.445     -1.170      0.000 4
 507  513      1.445     -0.591      0.000 4
 508  514      1.447     -0.452      0.000 4
 509  515      1.453     -0.340      0.000 4
 510   -2      1.454     -0.519      0.000 4
  -1  518      1.468      0.066      0.000 4
 511  519      1.469      0.150      0.000 4
  -1  516      1.480     -0.489      0.000 4
  -1  520      1.493     -1.070      0.000 4
 514  521      1.493     -0.898      0.000 4
 516  522      1.501     -0.271      0.000 4
 515  509      1.503      1.149      0.000 4
 517  523      1.506      0.241      0.000 4
  -1   -2      1.511     -1.165      0.000 4
 518  525      1.516      0.580      0.000 4
  -1   -2      1.526     -0.976      0.000 4
 521  526      1.544      0.668      0.000 4
 522  528      1.546      0.923      0.000 4
 523  529      1.549     -0.299      0.000 4
  -1   -2      1.552      0.024      0.000 4
 520  532      1.557     -1.176      0.000 4
 524  531      1.558     -0.114      0.000 4
 525  533      1.561      0.291      0.000 4
  -1   -2      1.561      0.992      0.000 4
 526  534      1.565     -1.076      0.000 4
 527   -2      1.569     -0.333      0.000 4
 528  535      1.573     -0.974      0.000 4
