549
   0    0     -1.576     -0.029      0.000 4
  -1    1     -1.572     -0.775      0.000 4
   1    2     -1.570      0.268      0.000 4
   2    3     -1.569      0.877      0.000 4
  -1    4     -1.545      0.826      0.000 4
   3   -2     -1.541      0.965      0.000 4
   6    6     -1.520      0.226      0.000 4
   7    7     -1.517      0.333      0.000 4
  -1    5     -1.513     -1.045      0.000 4
   8    8     -1.508      0.284      0.000 4
   9    9     -1.503      0.539      0.000 4
   5   10     -1.502      0.668      0.000 4
  10   11     -1.495      0.419      0.000 4
  12   12     -1.491     -0.295      0.000 4
   4   15     -1.486     -1.173      0.000 4
  14   -2     -1.479     -0.394      0.000 4
  15   16     -1.477      0.159      0.000 4
  16   17     -1.465      1.028      0.000 4
  -1   18     -1.459     -0.521      0.000 4
  17   19     -1.451     -0.990      0.000 4
  -1   -2     -1.451      0.497      0.000 4
  18   20     -1.449     -0.618      0.000 4
  19   21     -1.444      0.348      0.000 4
  -1   -2     -1.436     -1.106      0.000 4
  20   22     -1.436     -0.353      0.000 4
  23   25     -1.426      0.212      0.000 4
  32   14     -1.425      0.723      0.000 4
  -1   -2     -1.424      0.142      0.000 4
  26   24     -1.409      0.771      0.000 4
  27   26     -1.403      0.289      0.000 4
  28   27     -1.400     -0.392      0.000 4
  29   28     -1.393      0.067      0.000 4
  30   29     -1.391      0.650      0.000 4
  -1   30     -1.390     -0.219      0.000 4
  -1   -2     -1.375     -1.121      0.000 4
  -1   32     -1.373     -0.541      0.000 4
  -1   33     -1.372      0.618      0.000 4
  25   45     -1.366     -0.766      0.000 4
  41   34     -1.359      1.124      0.000 4
  -1   -2     -1.358     -0.130      0.000 4
  34   35     -1.355     -0.905      0.000 4
  47   -2     -1.346      0.341      0.000 4
  46   -2     -1.341     -0.006      0.000 4
  36   37     -1.340      0.035      0.000 4
  37   36     -1.340     -1.051      0.000 4
  40   38     -1.329      0.935      0.000 4
  39   39     -1.327      0.172      0.000 4
  -1   40     -1.318      1.093      0.000 4
  -1   41     -1.314     -1.082      0.000 4
  42   42     -1.302     -0.339      0.000 4
  43   -2     -1.301     -0.826      0.000 4
  -1   46     -1.298      0.561      0.000 4
  -1   44     -1.291     -1.159      0.000 4
  -1   50     -1.290      1.047      0.000 4
  45   -2     -1.284     -0.852      0.000 4
  -1   47     -1.265     -0.992      0.000 4
  49   49     -1.264     -0.635      0.000 4
  -1   -2     -1.252      0.513      0.000 4
  52   53     -1.242      1.004      0.000 4
  -1   -2     -1.236     -0.203      0.000 4
  53   54     -1.232     -0.844      0.000 4
  -1   55     -1.225     -0.707      0.000 4
  54   56     -1.219     -0.125      0.000 4
  56   57     -1.210      0.837      0.000 4
  57   58     -1.200     -0.649      0.000 4
  44   75     -1.193     -1.135      0.000 4
  58   -2     -1.187     -0.107      0.000 4
  60   60     -1.183      0.730      0.000 4
  61   59     -1.176     -1.098      0.000 4
  62   63     -1.168      0.639      0.000 4
  63   62     -1.166     -0.877      0.000 4
  64   64     -1.164     -0.839      0.000 4
  65   65     -1.164      1.045      0.000 4
  -1   66     -1.146      0.617      0.000 4
  69   68     -1.145      0.404      0.000 4
  -1   69     -1.137     -1.013      0.000 4
  70   71     -1.132     -0.426      0.000 4
  73   72     -1.117      1.047      0.000 4
  72   73     -1.116      0.654      0.000 4
  74   74     -1.107     -0.107      0.000 4
  77   76     -1.098     -1.070      0.000 4
  76   77     -1.098     -0.377      0.000 4
  66   -2     -1.089     -0.484      0.000 4
  -1   -2     -1.085     -0.314      0.000 4
  80   79     -1.079     -0.285      0.000 4
  81   81     -1.076      0.400      0.000 4
  83   82     -1.065      0.807      0.000 4
  84   83     -1.057      0.479      0.000 4
  88   84     -1.044     -1.171      0.000 4
  86   85     -1.041     -0.732      0.000 4
  85   86     -1.041     -0.162      0.000 4
  89   88     -1.028      0.582      0.000 4
  87   89     -1.028      0.390      0.000 4
  82   90     -1.025      0.190      0.000 4
  75   -2     -1.023     -1.066      0.000 4
  91   91     -1.018     -0.870      0.000 4
  -1   -2     -1.013     -0.390      0.000 4
  92   92     -1.011     -0.220      0.000 4
  -1   94     -1.009     -0.182      0.000 4
  93   93     -1.008     -0.784      0.000 4
  94   95     -1.003     -0.434      0.000 4
  95   97     -0.996      0.915      0.000 4
  96   96     -0.996      1.030      0.000 4
  97   98     -0.989      0.341      0.000 4
  98   -2     -0.981     -0.999      0.000 4
  -1   99     -0.975      0.441      0.000 4
  -1  101     -0.967      1.063      0.000 4
  99   -2     -0.966     -1.117      0.000 4
 100  102     -0.960      0.782      0.000 4
 101  104     -0.950     -1.013      0.000 4
 102  105     -0.940     -0.942      0.000 4
 103  106     -0.925      0.571      0.000 4
 104  107     -0.923      0.308      0.000 4
  -1  100     -0.918     -1.104      0.000 4
  -1  108     -0.914     -0.611      0.000 4
 106  110     -0.912     -0.089      0.000 4
 105  112     -0.909      1.086      0.000 4
 109  113     -0.900      0.902      0.000 4
 117  114     -0.877     -1.168      0.000 4
 112  116     -0.866     -0.743      0.000 4
 113  117     -0.862     -0.614      0.000 4
 114  118     -0.856     -0.135      0.000 4
  -1   -2     -0.851     -0.444      0.000 4
 115  119     -0.851     -0.694      0.000 4
 116  120     -0.845     -0.217      0.000 4
  -1  121     -0.838      0.330      0.000 4
 119   -2     -0.837     -1.085      0.000 4
  -1   -2     -0.834     -0.940      0.000 4
 118  122     -0.832     -0.050      0.000 4
 121  123     -0.831     -0.009      0.000 4
 120  124     -0.830      0.734      0.000 4
  -1   -2     -0.826     -0.488      0.000 4
 122  125     -0.821      1.090      0.000 4
  -1   -2     -0.815      0.419      0.000 4
 125  127     -0.806      0.261      0.000 4
  -1   -2     -0.805     -1.096      0.000 4
  -1  141     -0.801     -0.917      0.000 4
  -1  129     -0.800      0.391      0.000 4
 124  130     -0.798      0.315      0.000 4
 128  128     -0.797      0.815      0.000 4
 129  131     -0.790      0.991      0.000 4
 130  132     -0.788     -0.798      0.000 4
 131  134     -0.782     -0.754      0.000 4
 132  135     -0.781      0.884      0.000 4
 133  138     -0.773     -0.057      0.000 4
 147  137     -0.767     -1.165      0.000 4
 136   -2     -0.765      0.382      0.000 4
 137  139     -0.762     -0.447      0.000 4
 138   -2     -0.761     -1.075      0.000 4
 139  140     -0.757      0.036      0.000 4
 141   -2     -0.749     -0.925      0.000 4
 142  142     -0.738     -0.964      0.000 4
 143  143     -0.732     -1.010      0.000 4
 145  144     -0.728      0.978      0.000 4
 144  145     -0.726      0.139      0.000 4
 146  146     -0.723     -0.150      0.000 4
  -1  126     -0.721      0.515      0.000 4
 149  147     -0.703      1.111      0.000 4
 150  149     -0.693     -0.103      0.000 4
 152   -2     -0.691      0.871      0.000 4
 151  148     -0.690     -0.554      0.000 4
  -1  151     -0.689     -1.113      0.000 4
 156  150     -0.684      1.059      0.000 4
 155  152     -0.683     -0.685      0.000 4
 148   -2     -0.680      0.727      0.000 4
  -1   -2     -0.677     -0.640      0.000 4
  -1  157     -0.672     -1.169      0.000 4
  -1   -2     -0.657      0.216      0.000 4
  -1  160     -0.655     -0.565      0.000 4
 159  159     -0.653     -1.114      0.000 4
 162  162     -0.641     -1.074      0.000 4
 161  161     -0.640      1.141      0.000 4
 163  163     -0.633     -0.306      0.000 4
 158  165     -0.623     -0.763      0.000 4
 160  173     -0.622     -1.000      0.000 4
  -1   -2     -0.620      0.427      0.000 4
  -1  166     -0.618      1.068      0.000 4
 167  168     -0.608      0.884      0.000 4
 168  169     -0.603     -0.431      0.000 4
 169  170     -0.598     -0.508      0.000 4
 170  171     -0.597     -0.278      0.000 4
 171  175     -0.583      0.044      0.000 4
 172  174     -0.582     -0.769      0.000 4
  -1  176     -0.565      0.344      0.000 4
  -1  177     -0.555      1.047      0.000 4
 174  178     -0.545     -0.510      0.000 4
 175  172     -0.542     -0.233      0.000 4
 157  198     -0.539     -1.167      0.000 4
 176  182     -0.539      0.475      0.000 4
  -1  183     -0.536      0.538      0.000 4
 179  181     -0.535      1.176      0.000 4
 180  184     -0.530      0.670      0.000 4
 183   -2     -0.526      0.918      0.000 4
 181  186     -0.498      0.080      0.000 4
 182  187     -0.496      0.185      0.000 4
 184  188     -0.480     -1.168      0.000 4
 186  190     -0.476     -0.674      0.000 4
 185  191     -0.475     -0.048      0.000 4
 187  192     -0.459     -0.126      0.000 4
 188  193     -0.448     -0.285      0.000 4
  -1   -2     -0.439      0.479      0.000 4
 189  194     -0.438     -0.943      0.000 4
 190  196     -0.432      0.442      0.000 4
 191  195     -0.429     -1.049      0.000 4
 192  197     -0.424     -0.834      0.000 4
 193   -2     -0.422     -1.127      0.000 4
  -1  215     -0.420      0.989      0.000 4
 194  199     -0.406      0.745      0.000 4
 196  203     -0.397      0.320      0.000 4
 197  202     -0.394     -0.601      0.000 4
 198  205     -0.391     -0.184      0.000 4
  -1  206     -0.385     -0.332      0.000 4
 200  207     -0.377     -0.953      0.000 4
 203  201     -0.377      1.057      0.000 4
 199  208     -0.377     -0.663      0.000 4
 202  209     -0.373      0.721      0.000 4
 204  210     -0.371     -1.171      0.000 4
 201  211     -0.370     -0.288      0.000 4
  -1   -2     -0.364     -0.737      0.000 4
 205  214     -0.363     -0.252      0.000 4
  -1  216     -0.354      0.902      0.000 4
 207   -2     -0.354      0.982      0.000 4
 208  218     -0.353     -1.072      0.000 4
 209  219     -0.344      0.866      0.000 4
  -1   -2     -0.327      0.459      0.000 4
 210  220     -0.318     -0.568      0.000 4
  -1   -2     -0.312      0.402      0.000 4
 213  221     -0.303     -0.923      0.000 4
 211   -2     -0.303      0.530      0.000 4
 214  222     -0.299      0.790      0.000 4
 212  223     -0.299      0.305      0.000 4
  -1   -2     -0.294     -1.143      0.000 4
 215  224     -0.290     -0.976      0.000 4
 216  225     -0.279      0.278      0.000 4
 218  226     -0.269     -0.191      0.000 4
 219  228     -0.264     -1.062      0.000 4
 220  230     -0.256      0.409      0.000 4
 223  229     -0.244     -1.139      0.000 4
 222  231     -0.244     -0.397      0.000 4
 224  232     -0.240     -0.671      0.000 4
 221   -2     -0.240      0.746      0.000 4
 225  234     -0.232     -0.860      0.000 4
 226  236     -0.228      0.122      0.000 4
  -1  235     -0.227     -1.092      0.000 4
  -1  238     -0.213     -0.988      0.000 4
 229  240     -0.208     -0.200      0.000 4
 230  239     -0.204      0.702      0.000 4
 231   -2     -0.199     -1.170      0.000 4
  -1   -2     -0.187     -0.224      0.000 4
 227   -2     -0.182     -1.070      0.000 4
 234  243     -0.171     -0.124      0.000 4
 235  242     -0.166      0.072      0.000 4
  -1   -2     -0.161     -0.055      0.000 4
 236  244     -0.158     -0.261      0.000 4
 247   -2     -0.152     -0.765      0.000 4
 246  241     -0.146     -1.109      0.000 4
 239  247     -0.136     -0.649      0.000 4
 240  249     -0.131     -1.009      0.000 4
 241  248     -0.130     -0.186      0.000 4
 242  250     -0.124      0.476      0.000 4
 243  251     -0.121      0.376      0.000 4
 244  253     -0.110      0.611      0.000 4
 245  255     -0.106     -0.082      0.000 4
  -1   -2     -0.096     -0.316      0.000 4
 248  256     -0.096      0.323      0.000 4
  -1   -2     -0.091      0.915      0.000 4
 249  258     -0.085      1.126      0.000 4
 251   -2     -0.079     -1.079      0.000 4
 250  260     -0.075      0.221      0.000 4
  -1   -2     -0.071      0.683      0.000 4
 253  262     -0.066     -0.619      0.000 4
 252   -2     -0.062     -0.195      0.000 4
  -1   -2     -0.060      0.496      0.000 4
 254   -2     -0.056     -0.325      0.000 4
 258  259     -0.056     -1.089      0.000 4
 255  264     -0.056      0.343      0.000 4
 257  265     -0.048      0.577      0.000 4
  -1  266     -0.033     -0.011      0.000 4
 256   -2     -0.015     -1.169      0.000 4
 264  273     -0.007     -1.110      0.000 4
 262  268     -0.006     -0.468      0.000 4
  -1  261      0.004     -0.134      0.000 4
  -1  269      0.009      0.306      0.000 4
 267  271      0.012      0.962      0.000 4
 268  272      0.020      0.846      0.000 4
 270  274      0.025      0.363      0.000 4
 266  278      0.026      0.042      0.000 4
  -1   -2      0.028     -1.110      0.000 4
  -1  270      0.037     -1.168      0.000 4
 271  276      0.039      0.562      0.000 4
 272  277      0.050      0.325      0.000 4
  -1   -2      0.056     -0.049      0.000 4
 274  279      0.062      0.888      0.000 4
 275  280      0.065     -1.065      0.000 4
 276  281      0.067      0.640      0.000 4
 277  284      0.078     -0.904      0.000 4
 278  283      0.078      0.780      0.000 4
  -1  285      0.085     -0.968      0.000 4
  -1  286      0.091     -0.650      0.000 4
 279  287      0.096      0.145      0.000 4
 290   -2      0.097     -0.699      0.000 4
 294  263      0.099     -0.282      0.000 4
 281  289      0.108      0.101      0.000 4
 283  288      0.111     -1.168      0.000 4
  -1  290      0.111     -0.161      0.000 4
 286  295      0.137     -0.946      0.000 4
 285  294      0.137      0.831      0.000 4
  -1   -2      0.145      0.193      0.000 4
 287  296      0.145      0.663      0.000 4
 289  298      0.150     -0.470      0.000 4
  -1   -2      0.153     -0.584      0.000 4
 291  299      0.154      1.027      0.000 4
  -1  301      0.159     -0.661      0.000 4
 282  306      0.169     -0.095      0.000 4
 296  302      0.175      0.353      0.000 4
 292  303      0.186     -0.679      0.000 4
 298  300      0.193     -1.175      0.000 4
 299  304      0.199     -0.449      0.000 4
 300  305      0.212      0.546      0.000 4
 303   -2      0.215      0.024      0.000 4
 302   -2      0.216      1.028      0.000 4
 301  307      0.216     -0.997      0.000 4
  -1  297      0.223     -0.552      0.000 4
 304  309      0.228     -0.865      0.000 4
 305  310      0.238     -0.150      0.000 4
 306  311      0.253      0.949      0.000 4
 307   -2      0.260     -0.883      0.000 4
 308  314      0.261     -0.366      0.000 4
  -1   -2      0.265     -0.396      0.000 4
 310  315      0.270      1.169      0.000 4
  -1   -2      0.274     -0.228      0.000 4
 311  316      0.274      1.094      0.000 4
 312  317      0.275      0.237      0.000 4
 313  318      0.303      0.571      0.000 4
 309  323      0.311     -1.129      0.000 4
 318  320      0.317      0.050      0.000 4
 320  324      0.328      1.002      0.000 4
 321   -2      0.334     -1.169      0.000 4
 319   -2      0.358     -0.400      0.000 4
  -1   -2      0.364     -0.506      0.000 4
 326  327      0.374      0.051      0.000 4
 327  328      0.375     -0.794      0.000 4
 325  330      0.386      0.287      0.000 4
 330  332      0.391     -0.962      0.000 4
 331  333      0.393     -0.405      0.000 4
 332  334      0.398      0.160      0.000 4
 333  335      0.402     -0.455      0.000 4
 317  354      0.414      0.873      0.000 4
 334  336      0.421     -0.875      0.000 4
 335  337      0.422     -1.104      0.000 4
 337   -2      0.425     -0.656      0.000 4
 338  338      0.433     -0.004      0.000 4
 340  339      0.446     -0.594      0.000 4
  -1  341      0.449     -0.965      0.000 4
  -1  342      0.449     -1.171      0.000 4
  -1  340      0.452     -0.786      0.000 4
  -1   -2      0.459      0.309      0.000 4
 343  343      0.461     -0.425      0.000 4
 345  345      0.464      0.549      0.000 4
 339   -2      0.467      0.733      0.000 4
 346   -2      0.476      0.055      0.000 4
 347  347      0.479     -1.103      0.000 4
  -1   -2      0.484      0.350      0.000 4
 348  348      0.485     -0.032      0.000 4
  -1  351      0.490     -1.152      0.000 4
 349  350      0.492     -0.784      0.000 4
 351  344      0.494      0.313      0.000 4
 350  356      0.496     -0.619      0.000 4
 354  355      0.499     -0.354      0.000 4
  -1   -2      0.500      0.432      0.000 4
  -1  352      0.502     -0.936      0.000 4
 355  357      0.509      0.749      0.000 4
  -1  358      0.511     -0.973      0.000 4
  -1  349      0.519      0.671      0.000 4
 361  353      0.530      0.321      0.000 4
  -1  359      0.530     -0.888      0.000 4
 357  362      0.548     -0.914      0.000 4
 358  361      0.550     -0.566      0.000 4
 360  364      0.562     -0.948      0.000 4
 362  365      0.566     -0.042      0.000 4
 363  367      0.570      0.894      0.000 4
 364  368      0.577      1.023      0.000 4
 365  369      0.580      0.496      0.000 4
 366  370      0.585      0.534      0.000 4
 367  372      0.602      0.800      0.000 4
 368  373      0.603     -0.736      0.000 4
 369  374      0.605     -0.982      0.000 4
  -1   -2      0.611     -1.169      0.000 4
 370   -2      0.620     -0.628      0.000 4
 371  377      0.627     -1.134      0.000 4
  -1  378      0.628     -0.673      0.000 4
 373   -2      0.628      0.549      0.000 4
  -1  380      0.629     -1.067      0.000 4
 372  379      0.630     -0.829      0.000 4
 374  381      0.634      0.482      0.000 4
  -1  371      0.638     -0.155      0.000 4
 380   -2      0.639     -0.401      0.000 4
 377  382      0.648      0.925      0.000 4
 379  383      0.652      0.842      0.000 4
 378  385      0.652     -1.118      0.000 4
  -1  391      0.654      1.164      0.000 4
 381  386      0.655     -0.472      0.000 4
  -1   -2      0.678     -1.143      0.000 4
 383  387      0.680     -1.022      0.000 4
 384  384      0.696     -1.174      0.000 4
 385  389      0.703     -0.850      0.000 4
 387  390      0.706     -0.448      0.000 4
 386   -2      0.707      1.169      0.000 4
 388  393      0.713     -0.371      0.000 4
  -1  394      0.716     -0.692      0.000 4
 389  395      0.718      0.257      0.000 4
 390  396      0.722      1.067      0.000 4
 392  398      0.728     -1.121      0.000 4
 394  399      0.733     -0.882      0.000 4
  -1  401      0.742     -0.783      0.000 4
 397  402      0.759     -0.637      0.000 4
  -1  397      0.761      1.160      0.000 4
 398  406      0.765     -0.140      0.000 4
 399  404      0.765      0.383      0.000 4
 400  403      0.766      0.335      0.000 4
 401  407      0.775      0.630      0.000 4
 395  413      0.783     -1.027      0.000 4
  -1  410      0.787     -0.815      0.000 4
 404  411      0.796      0.908      0.000 4
 405   -2      0.803     -0.984      0.000 4
 407  408      0.806     -1.123      0.000 4
 406  415      0.820     -0.038      0.000 4
  -1  416      0.834      0.093      0.000 4
 408  417      0.834      0.887      0.000 4
 409  419      0.846     -0.791      0.000 4
  -1   -2      0.846     -1.127      0.000 4
  -1  420      0.854     -1.066      0.000 4
  -1  421      0.855     -0.202      0.000 4
 411  423      0.868      0.162      0.000 4
 410  424      0.870     -0.263      0.000 4
 402   -2      0.874     -0.153      0.000 4
  -1   -2      0.879      0.297      0.000 4
  -1   -2      0.880      0.233      0.000 4
 416  426      0.885      0.647      0.000 4
 417  427      0.886      0.419      0.000 4
 420   -2      0.886      1.061      0.000 4
 418  429      0.886      0.754      0.000 4
 419  428      0.888      0.697      0.000 4
 421  430      0.894     -0.454      0.000 4
 422  431      0.900      1.114      0.000 4
 425  440      0.901     -1.006      0.000 4
 424  434      0.904     -0.874      0.000 4
 427  436      0.918     -0.542      0.000 4
 426  438      0.919      1.165      0.000 4
 428  437      0.923      0.229      0.000 4
 430   -2      0.928      0.800      0.000 4
 413  446      0.932     -1.078      0.000 4
  -1  432      0.935     -0.322      0.000 4
  -1  439      0.944      0.024      0.000 4
 433  442      0.950     -0.251      0.000 4
 434  443      0.954      0.520      0.000 4
 435  444      0.955     -0.154      0.000 4
 436  445      0.964      0.449      0.000 4
 437   -2      0.978     -1.122      0.000 4
  -1  447      0.980     -0.075      0.000 4
  -1   -2      0.993     -0.294      0.000 4
 439   -2      0.997     -0.037      0.000 4
 440  449      1.008     -0.827      0.000 4
 442  450      1.014     -0.595      0.000 4
 444  451      1.025      0.668      0.000 4
 445  452      1.026     -0.332      0.000 4
  -1  454      1.042      0.291      0.000 4
 446  455      1.043     -0.008      0.000 4
 447  456      1.056      0.713      0.000 4
 449   -2      1.057     -0.884      0.000 4
 448  459      1.060      0.831      0.000 4
 443   -2      1.065      0.316      0.000 4
 451  462      1.069     -1.171      0.000 4
 450  460      1.069      0.966      0.000 4
 452  461      1.070      0.256      0.000 4
 454   -2      1.079      0.012      0.000 4
  -1  463      1.082      0.096      0.000 4
 455  465      1.089     -0.650      0.000 4
  -1  467      1.097     -0.550      0.000 4
  -1  468      1.112     -0.976      0.000 4
 453   -2      1.119      1.028      0.000 4
 459  472      1.142     -0.779      0.000 4
 461  475      1.149     -0.864      0.000 4
 462  474      1.150     -0.551      0.000 4
 463  476      1.156     -1.080      0.000 4
  -1  469      1.171      0.258      0.000 4
 465  477      1.172      0.878      0.000 4
 466  478      1.179      0.960      0.000 4
 467  481      1.189     -1.174      0.000 4
 468  480      1.192     -0.068      0.000 4
 483   -2      1.204      0.838      0.000 4
 469  482      1.207     -0.369      0.000 4
 471   -2      1.211      0.278      0.000 4
 470  483      1.212     -0.497      0.000 4
 458   -2      1.222     -0.912      0.000 4
  -1  491      1.231      0.559      0.000 4
 472  485      1.235     -0.567      0.000 4
 473  486      1.240      0.994      0.000 4
 475  487      1.249      0.391      0.000 4
 479  488      1.264     -0.502      0.000 4
 477   -2      1.271     -0.999      0.000 4
 474  489      1.276     -0.091      0.000 4
 478  490      1.292     -0.478      0.000 4
 480   -2      1.301      0.430      0.000 4
 481  492      1.309     -0.963      0.000 4
 482  493      1.313     -0.560      0.000 4
  -1  495      1.338     -1.120      0.000 4
  -1   -2      1.339     -1.171      0.000 4
 484   -2      1.343     -1.070      0.000 4
 486  496      1.356      0.168      0.000 4
  -1  497      1.360      0.097      0.000 4
 487   -2      1.369     -0.928      0.000 4
 488  500      1.379      1.092      0.000 4
 491  501      1.385     -0.231      0.000 4
 490  502      1.386     -0.987      0.000 4
 492  503      1.388     -0.334      0.000 4
 493  504      1.398      0.238      0.000 4
 494  505      1.401      0.515      0.000 4
 495  506      1.402     -0.456      0.000 4
 496  507      1.404     -0.392      0.000 4
 497   -2      1.410     -0.936      0.000 4
 500  509      1.437      0.585      0.000 4
 501  511      1.452     -1.087      0.000 4
 514  499      1.454     -1.168      0.000 4
 503  512      1.463      0.271      0.000 4
 504  513      1.465      0.819      0.000 4
 505   -2      1.469      0.060      0.000 4
 506  515      1.477     -0.737      0.000 4
 507  516      1.488     -0.046      0.000 4
 509  517      1.492     -0.193      0.000 4
 511  518      1.497     -0.250      0.000 4
  -1  520      1.502     -1.004      0.000 4
 502   -2      1.505     -1.057      0.000 4
 512  519      1.505      0.427      0.000 4
 515  524      1.512      0.075      0.000 4
 516  526      1.528     -1.176      0.000 4
 519   -2      1.528      0.659      0.000 4
 518  528      1.535      1.085      0.000 4
 521  529      1.541      0.579      0.000 4
 520  530      1.544     -0.604      0.000 4
 522  531      1.548     -0.908      0.000 4
 523  533      1.550     -1.023      0.000 4
 524  534      1.555      0.377      0.000 4
  -1   -2      1.555      0.105      0.000 4
 513   -2      1.561     -0.315      0.000 4
 525  535      1.561     -0.804      0.000 4
  -1   -2      1.561      0.788      0.000 4
  -1  536      1.567      0.827      0.000 4
 526  537      1.569      1.127      0.000 4
