522
   1   33     -1.569     -0.838      0.000 4
   0   10     -1.567     -0.159      0.000 4
   2    3     -1.559      0.242      0.000 4
   4    5     -1.551      0.892      0.000 4
   5    7     -1.543      0.309      0.000 4
   7    9     -1.537      0.586      0.000 4
   8   11     -1.532      0.458      0.000 4
   9   12     -1.521      0.727      0.000 4
  10   13     -1.520     -0.336      0.000 4
  11   14     -1.515      0.168      0.000 4
  -1   16     -1.503     -0.441      0.000 4
   6   31     -1.496     -1.128      0.000 4
  -1   17     -1.496      0.941      0.000 4
  -1   18     -1.488      0.542      0.000 4
  14   19     -1.485      0.378      0.000 4
  -1   20     -1.476     -1.167      0.000 4
  16   22     -1.464      1.089      0.000 4
  15   23     -1.462     -0.392      0.000 4
  17   25     -1.457     -0.672      0.000 4
  18   26     -1.452      0.314      0.000 4
  19   27     -1.450      0.775      0.000 4
  -1   28     -1.439      0.066      0.000 4
  20   29     -1.429      0.825      0.000 4
  26   -2     -1.428     -1.127      0.000 4
  21   30     -1.428     -0.433      0.000 4
  -1   -2     -1.427     -1.044      0.000 4
  23   32     -1.423      0.700      0.000 4
  -1   36     -1.421      0.021      0.000 4
  24   34     -1.410      0.663      0.000 4
  28   35     -1.389     -0.583      0.000 4
  27   -2     -1.389      0.027      0.000 4
  -1   -2     -1.386     -0.534      0.000 4
  30   38     -1.381      0.181      0.000 4
  -1   39     -1.373     -0.920      0.000 4
  36   42     -1.346      1.175      0.000 4
  38   43     -1.343     -0.957      0.000 4
  35   44     -1.343      0.598      0.000 4
  37   45     -1.340     -0.374      0.000 4
  39   48     -1.332      0.428      0.000 4
  40   46     -1.332      0.986      0.000 4
  -1   -2     -1.329     -0.026      0.000 4
  22   67     -1.315     -1.102      0.000 4
  48   -2     -1.312      1.143      0.000 4
  45   53     -1.301      0.547      0.000 4
  -1   56     -1.297     -1.168      0.000 4
  56   -2     -1.297     -0.874      0.000 4
  -1   -2     -1.295     -1.135      0.000 4
  49   54     -1.280     -0.674      0.000 4
  -1   58     -1.278      0.433      0.000 4
  50   57     -1.277     -0.570      0.000 4
  52   -2     -1.276     -0.900      0.000 4
  51   59     -1.275     -0.137      0.000 4
  44   -2     -1.271     -0.497      0.000 4
  54   61     -1.246     -1.039      0.000 4
  55   63     -1.231      0.875      0.000 4
  59   55     -1.228     -0.884      0.000 4
  57   65     -1.216     -0.684      0.000 4
  58   66     -1.216      0.765      0.000 4
  -1   -2     -1.213      0.668      0.000 4
  60   68     -1.206      0.424      0.000 4
  -1   -2     -1.201     -1.157      0.000 4
  61   69     -1.192     -0.376      0.000 4
  -1   -2     -1.187      0.392      0.000 4
  -1   -2     -1.183      0.599      0.000 4
  63   78     -1.180     -0.594      0.000 4
  64   73     -1.170     -0.115      0.000 4
  65   -2     -1.168      1.055      0.000 4
  66   77     -1.161      0.681      0.000 4
  67   74     -1.161      1.082      0.000 4
  74   70     -1.160     -0.878      0.000 4
  69   76     -1.159     -0.914      0.000 4
  -1   79     -1.157      1.038      0.000 4
  72   80     -1.147     -1.137      0.000 4
  71   81     -1.143     -0.395      0.000 4
  70   82     -1.142      0.416      0.000 4
  73   83     -1.132     -0.300      0.000 4
  75   85     -1.128     -1.168      0.000 4
  76   -2     -1.120     -0.503      0.000 4
  -1   91     -1.119     -1.051      0.000 4
  77   71     -1.116      0.496      0.000 4
  78   84     -1.114      1.078      0.000 4
  79   89     -1.104     -0.169      0.000 4
  80   86     -1.097      0.196      0.000 4
  81   88     -1.094      0.404      0.000 4
  82   87     -1.093      0.830      0.000 4
  -1   -2     -1.086     -0.978      0.000 4
  83   92     -1.081      0.599      0.000 4
  84   -2     -1.079     -1.066      0.000 4
  87   93     -1.075     -1.103      0.000 4
  85   94     -1.070     -0.227      0.000 4
  88   95     -1.060      0.350      0.000 4
  89   96     -1.052     -0.759      0.000 4
  91   97     -1.046      0.443      0.000 4
  90   98     -1.044     -0.448      0.000 4
  92  100     -1.016      0.933      0.000 4
  93   99     -1.015     -0.895      0.000 4
  -1   -2     -1.014     -0.800      0.000 4
  -1  102     -1.009     -1.170      0.000 4
  94  103     -1.004      0.794      0.000 4
  96   -2     -1.002     -1.095      0.000 4
  97  104     -1.000      1.050      0.000 4
  95  106     -0.997      0.313      0.000 4
  -1  107     -0.982     -0.090      0.000 4
  99  108     -0.978      0.581      0.000 4
  -1   -2     -0.971     -1.029      0.000 4
 112  101     -0.941     -1.137      0.000 4
 100   -2     -0.935     -0.969      0.000 4
 105   -2     -0.934     -0.033      0.000 4
 102  112     -0.926     -0.135      0.000 4
  -1   -2     -0.922      0.911      0.000 4
 118   -2     -0.922      0.697      0.000 4
  -1  109     -0.911     -1.069      0.000 4
 104  116     -0.911     -0.215      0.000 4
 133   -2     -0.910      0.476      0.000 4
 109  115     -0.907      1.100      0.000 4
 108  117     -0.904     -0.015      0.000 4
 110  125     -0.896     -0.444      0.000 4
 111  118     -0.890     -0.618      0.000 4
 106  121     -0.886      0.324      0.000 4
 114  119     -0.885     -0.753      0.000 4
 113  120     -0.885      0.261      0.000 4
  -1  122     -0.878     -1.169      0.000 4
 117  123     -0.873     -0.701      0.000 4
  -1   -2     -0.869     -0.491      0.000 4
 137   -2     -0.868      0.397      0.000 4
 121   -2     -0.843     -1.106      0.000 4
 120  126     -0.842     -0.054      0.000 4
 119  133     -0.830      0.817      0.000 4
 125  128     -0.829      1.047      0.000 4
 122  129     -0.828      0.038      0.000 4
 139  111     -0.823     -0.906      0.000 4
 126  130     -0.822      1.093      0.000 4
 128  132     -0.807     -0.441      0.000 4
 129   -2     -0.805      0.881      0.000 4
  -1  141     -0.803     -0.948      0.000 4
 130  136     -0.801      0.140      0.000 4
 131  134     -0.800      0.991      0.000 4
 132  135     -0.799     -0.755      0.000 4
 134  137     -0.791     -0.144      0.000 4
  -1   -2     -0.787     -0.596      0.000 4
 136  138     -0.777     -1.108      0.000 4
 138  142     -0.760     -0.097      0.000 4
  -1  140     -0.755      0.388      0.000 4
  -1  144     -0.745      0.768      0.000 4
  -1  154     -0.745      0.968      0.000 4
 148  150     -0.742     -1.169      0.000 4
 141  145     -0.741      0.063      0.000 4
 142   -2     -0.740     -0.573      0.000 4
 143   -2     -0.734      0.217      0.000 4
 144  147     -0.733     -0.963      0.000 4
 145  148     -0.729     -0.545      0.000 4
 146  149     -0.723     -1.009      0.000 4
  -1  151     -0.721      0.861      0.000 4
  -1  146     -0.715      0.711      0.000 4
 149  153     -0.707     -0.629      0.000 4
 152  156     -0.691     -0.294      0.000 4
 154  155     -0.690      1.045      0.000 4
  -1  159     -0.683      1.176      0.000 4
  -1  157     -0.683      0.914      0.000 4
  -1  158     -0.662     -1.170      0.000 4
 156  160     -0.658     -0.265      0.000 4
 158  165     -0.650      0.049      0.000 4
 159  166     -0.643     -0.747      0.000 4
  -1  168     -0.639     -0.491      0.000 4
 165  167     -0.635     -1.107      0.000 4
 162  169     -0.633      0.877      0.000 4
 164  170     -0.632      0.839      0.000 4
  -1  172     -0.626     -1.062      0.000 4
  -1   -2     -0.626     -0.016      0.000 4
 166  162     -0.615     -0.986      0.000 4
 167  174     -0.612      0.259      0.000 4
 169  176     -0.602     -0.220      0.000 4
 171  175     -0.600     -0.749      0.000 4
 170  177     -0.600      0.462      0.000 4
 173  178     -0.587     -0.487      0.000 4
 174  180     -0.576      0.645      0.000 4
 175  183     -0.565      0.082      0.000 4
 176  181     -0.564      1.019      0.000 4
 177  184     -0.559      0.184      0.000 4
 178  182     -0.555     -0.951      0.000 4
 180  186     -0.539     -0.038      0.000 4
 182  187     -0.528      1.144      0.000 4
 183  188     -0.519     -0.113      0.000 4
 188  191     -0.507     -1.168      0.000 4
 184  193     -0.506      0.126      0.000 4
 186  190     -0.503     -0.643      0.000 4
 187  189     -0.503      0.931      0.000 4
 185  192     -0.502     -0.263      0.000 4
 193  194     -0.493      0.457      0.000 4
 189   -2     -0.487      0.421      0.000 4
  -1   -2     -0.467     -1.134      0.000 4
 191  195     -0.466     -0.730      0.000 4
 192  196     -0.454      0.306      0.000 4
  -1   -2     -0.446     -0.327      0.000 4
 197  198     -0.442     -0.907      0.000 4
 195  199     -0.442     -0.476      0.000 4
 196  201     -0.441      0.708      0.000 4
 194  200     -0.441     -0.162      0.000 4
 199  202     -0.438     -0.795      0.000 4
  -1   -2     -0.430      0.288      0.000 4
 200  203     -0.427     -0.563      0.000 4
 202  205     -0.423     -0.262      0.000 4
 203  204     -0.422      1.165      0.000 4
 204  207     -0.412     -0.228      0.000 4
 205  208     -0.409      0.683      0.000 4
 198  217     -0.405     -1.165      0.000 4
 207  209     -0.403     -0.623      0.000 4
 206  212     -0.382      1.006      0.000 4
 208  211     -0.380     -0.908      0.000 4
 209  213     -0.377      0.854      0.000 4
 211  215     -0.371      0.933      0.000 4
 212  216     -0.368      0.819      0.000 4
  -1   -2     -0.359     -1.127      0.000 4
 213   -2     -0.356     -1.165      0.000 4
 214  219     -0.349      0.289      0.000 4
 215  218     -0.348     -0.526      0.000 4
 216  220     -0.347      0.182      0.000 4
  -1  222     -0.345      0.498      0.000 4
 221  221     -0.327      0.743      0.000 4
 222  241     -0.316     -0.166      0.000 4
  -1  225     -0.311     -0.434      0.000 4
 224  224     -0.310     -0.870      0.000 4
  -1  223     -0.303     -1.158      0.000 4
 225  226     -0.299      0.386      0.000 4
 226  227     -0.292     -0.920      0.000 4
  -1   -2     -0.282      0.726      0.000 4
 227  229     -0.281     -0.359      0.000 4
 217   -2     -0.275      0.119      0.000 4
 230  231     -0.269      0.691      0.000 4
 231  232     -0.261     -0.616      0.000 4
 232  233     -0.261     -1.005      0.000 4
 229   -2     -0.260     -1.173      0.000 4
 233  234     -0.253     -1.120      0.000 4
 234  238     -0.236      0.016      0.000 4
 248  228     -0.231     -1.087      0.000 4
 236  239     -0.230      0.653      0.000 4
 237   -2     -0.223     -0.193      0.000 4
  -1  242     -0.210      0.033      0.000 4
  -1   -2     -0.205     -1.160      0.000 4
 240  243     -0.205      0.074      0.000 4
 239   -2     -0.204     -0.043      0.000 4
 244   -2     -0.197     -0.507      0.000 4
  -1  247     -0.190     -0.230      0.000 4
 246  246     -0.189     -1.066      0.000 4
 210   -2     -0.187      1.105      0.000 4
 247  257     -0.182      1.155      0.000 4
  -1  248     -0.180     -1.118      0.000 4
 249   -2     -0.167     -0.158      0.000 4
 253  251     -0.152     -0.591      0.000 4
 252   -2     -0.151      0.351      0.000 4
  -1   -2     -0.143     -1.121      0.000 4
 254  254     -0.138     -0.067      0.000 4
 255  255     -0.133      0.564      0.000 4
 256  256     -0.131     -0.939      0.000 4
  -1   -2     -0.124      1.121      0.000 4
 258  259     -0.123      0.302      0.000 4
  -1  260     -0.118     -1.173      0.000 4
 259  261     -0.105      0.209      0.000 4
 260  262     -0.101     -0.134      0.000 4
  -1  263     -0.091     -1.124      0.000 4
  -1  264     -0.084      1.109      0.000 4
 264  265     -0.082      1.049      0.000 4
 257  267     -0.082     -0.280      0.000 4
 265  268     -0.079      0.319      0.000 4
 262  276     -0.075     -0.623      0.000 4
 266  269     -0.074     -1.004      0.000 4
 267  270     -0.070      1.164      0.000 4
 268  271     -0.066      0.531      0.000 4
 270  272     -0.058      0.002      0.000 4
 271  273     -0.039     -0.364      0.000 4
 272  274     -0.037      1.112      0.000 4
 269  277     -0.019     -1.173      0.000 4
  -1  278     -0.013     -0.110      0.000 4
 277  279     -0.010      0.284      0.000 4
 278  280     -0.010      0.513      0.000 4
 279  281      0.003      0.115      0.000 4
 285   -2      0.006     -1.028      0.000 4
 281  282      0.009      0.334      0.000 4
 283  283      0.012      0.887      0.000 4
 282  284      0.012      0.045      0.000 4
  -1  285      0.015      0.777      0.000 4
 284  286      0.024     -1.125      0.000 4
  -1  287      0.028      0.517      0.000 4
  -1   -2      0.034     -1.041      0.000 4
 286  289      0.037      0.304      0.000 4
 287  291      0.046     -0.039      0.000 4
 274  301      0.046     -0.704      0.000 4
 289  292      0.055      0.586      0.000 4
 288  293      0.063      0.813      0.000 4
 290  294      0.066     -0.983      0.000 4
 293  296      0.073      0.532      0.000 4
 292  297      0.074     -0.825      0.000 4
 294  299      0.087      0.141      0.000 4
 300  300      0.087     -1.168      0.000 4
  -1   -2      0.087     -1.116      0.000 4
 295   -2      0.091     -0.628      0.000 4
 297  302      0.097      1.106      0.000 4
 296  303      0.099      0.103      0.000 4
 298  304      0.101     -0.039      0.000 4
 299  305      0.103      0.406      0.000 4
  -1  306      0.115      0.361      0.000 4
 309  298      0.138     -0.951      0.000 4
  -1  309      0.140     -0.516      0.000 4
 304  308      0.141      0.764      0.000 4
 303  319      0.145     -0.416      0.000 4
 306  311      0.150      0.604      0.000 4
 312  312      0.155     -1.138      0.000 4
 307  314      0.161      0.946      0.000 4
 308  315      0.175      0.328      0.000 4
  -1  316      0.187     -0.611      0.000 4
 310  317      0.193     -1.103      0.000 4
 313  320      0.211      1.159      0.000 4
 314  321      0.213      0.978      0.000 4
 317  323      0.214     -0.918      0.000 4
 318  324      0.218      0.031      0.000 4
  -1  325      0.223      0.500      0.000 4
 319  326      0.225     -0.494      0.000 4
 320  327      0.230     -0.790      0.000 4
 321  329      0.243     -0.126      0.000 4
 323   -2      0.261     -0.576      0.000 4
 324  331      0.264      0.874      0.000 4
 325  332      0.268     -0.318      0.000 4
 326  333      0.279      1.088      0.000 4
 329  340      0.286      0.650      0.000 4
 327  334      0.286      1.014      0.000 4
 328   -2      0.288      0.222      0.000 4
 333  335      0.298      0.153      0.000 4
 344   -2      0.319      0.523      0.000 4
 336  336      0.320     -1.156      0.000 4
 335  338      0.327     -0.284      0.000 4
 338  339      0.331     -0.167      0.000 4
 337   -2      0.332     -0.333      0.000 4
 339  341      0.335      0.055      0.000 4
 341  342      0.342      0.927      0.000 4
  -1  343      0.348      0.316      0.000 4
  -1   -2      0.355      0.173      0.000 4
 342  344      0.364     -1.101      0.000 4
 343  345      0.372     -0.357      0.000 4
 346  348      0.382     -0.733      0.000 4
 345  346      0.388     -1.164      0.000 4
  -1  353      0.388     -0.983      0.000 4
 347   -2      0.391      1.033      0.000 4
 349  349      0.398      0.055      0.000 4
 350  350      0.409     -0.364      0.000 4
 370   -2      0.413      0.268      0.000 4
 352  352      0.418     -0.411      0.000 4
 353  354      0.420     -1.041      0.000 4
 369   -2      0.423      0.154      0.000 4
 356  356      0.426     -0.816      0.000 4
 359  359      0.449      1.133      0.000 4
 360   -2      0.452     -0.925      0.000 4
 362  360      0.459      0.003      0.000 4
 363  358      0.461     -0.548      0.000 4
  -1  362      0.470      0.463      0.000 4
 358   -2      0.478     -0.607      0.000 4
 364  363      0.481     -0.387      0.000 4
  -1   -2      0.487      0.023      0.000 4
 365  367      0.494      0.559      0.000 4
  -1  366      0.495      0.672      0.000 4
 368  369      0.502     -0.734      0.000 4
  -1  370      0.504      0.287      0.000 4
 371  368      0.511     -0.964      0.000 4
  -1  372      0.517     -0.024      0.000 4
 374  374      0.519     -0.569      0.000 4
 375  375      0.524      0.824      0.000 4
 377  377      0.537     -0.840      0.000 4
 376  376      0.540      0.695      0.000 4
 373   -2      0.549      0.110      0.000 4
  -1  378      0.556     -0.871      0.000 4
 378  380      0.566     -0.903      0.000 4
 380  381      0.568     -0.528      0.000 4
 382  383      0.597      0.834      0.000 4
 381  384      0.598      0.961      0.000 4
 383  385      0.604     -0.036      0.000 4
 384  386      0.610     -0.946      0.000 4
 385  387      0.618     -0.699      0.000 4
 389   -2      0.621     -1.098      0.000 4
 387  388      0.624      0.458      0.000 4
 388  389      0.627      0.496      0.000 4
 372  412      0.640     -1.168      0.000 4
 392  394      0.640     -0.796      0.000 4
 394  391      0.640     -0.594      0.000 4
 386  393      0.648     -1.088      0.000 4
 395   -2      0.657     -0.744      0.000 4
 396  395      0.663      1.107      0.000 4
 398   -2      0.678     -0.149      0.000 4
 401  399      0.681      0.448      0.000 4
 399  408      0.681     -0.994      0.000 4
 400  401      0.682     -0.444      0.000 4
 402  400      0.685      0.790      0.000 4
 397  397      0.688      0.871      0.000 4
  -1   -2      0.698     -0.244      0.000 4
 404  402      0.712     -0.829      0.000 4
 393  415      0.714     -1.101      0.000 4
 406  404      0.716      1.115      0.000 4
  -1  407      0.733     -0.669      0.000 4
 409   -2      0.734     -0.003      0.000 4
 407   -2      0.734     -1.049      0.000 4
  -1  405      0.738     -0.426      0.000 4
 410  411      0.748     -0.356      0.000 4
 405  429      0.767     -1.090      0.000 4
  -1  410      0.771      1.111      0.000 4
 416  418      0.779      0.274      0.000 4
  -1  414      0.779     -1.002      0.000 4
 414  413      0.781     -0.620      0.000 4
  -1  406      0.784     -0.026      0.000 4
 415   -2      0.788     -1.044      0.000 4
  -1   -2      0.800     -0.798      0.000 4
 419  424      0.821      0.597      0.000 4
 418  422      0.822      0.361      0.000 4
 420  423      0.823      0.313      0.000 4
  -1  421      0.824      0.790      0.000 4
  -1   -2      0.827     -0.076      0.000 4
  -1   -2      0.830      0.666      0.000 4
  -1  427      0.836     -0.861      0.000 4
 422   -2      0.849     -1.056      0.000 4
  -1  416      0.858     -0.785      0.000 4
 427   -2      0.860      1.174      0.000 4
 423  434      0.864     -1.152      0.000 4
 426  432      0.867     -1.074      0.000 4
 428  431      0.868      0.850      0.000 4
 429  433      0.874     -0.045      0.000 4
 431  455      0.894     -0.663      0.000 4
 430  444      0.896      0.083      0.000 4
 424  442      0.904      1.022      0.000 4
 434   -2      0.912      1.079      0.000 4
 435  440      0.913     -0.264      0.000 4
 432  461      0.923     -0.154      0.000 4
 436  443      0.926     -0.455      0.000 4
 440  445      0.926      0.150      0.000 4
 437  447      0.927      1.133      0.000 4
 438  446      0.927     -0.803      0.000 4
 441  452      0.930     -1.077      0.000 4
 442  448      0.935      0.727      0.000 4
 443  450      0.936      0.672      0.000 4
 444  451      0.937      0.620      0.000 4
 446  453      0.944     -0.545      0.000 4
 447  454      0.948      0.399      0.000 4
 449  457      0.971     -1.128      0.000 4
  -1  456      0.974      0.771      0.000 4
 451   -2      0.980     -0.230      0.000 4
 452  460      0.985      0.215      0.000 4
  -1   -2      0.998     -0.259      0.000 4
 453  462      0.999     -0.311      0.000 4
 455  463      1.002     -0.168      0.000 4
 456  464      1.013      0.502      0.000 4
 457  465      1.018     -0.839      0.000 4
 459  466      1.030      0.435      0.000 4
 458  467      1.036     -0.606      0.000 4
 460  468      1.045     -0.255      0.000 4
 461  470      1.055     -0.050      0.000 4
  -1  469      1.056      0.738      0.000 4
  -1  471      1.057     -0.465      0.000 4
 464  473      1.062     -0.346      0.000 4
 481   -2      1.065     -1.174      0.000 4
 466  472      1.069     -0.714      0.000 4
 467  474      1.074      0.643      0.000 4
  -1  480      1.082      1.154      0.000 4
 469  476      1.096      0.954      0.000 4
 471  477      1.100     -0.021      0.000 4
 462   -2      1.101      0.820      0.000 4
 472   -2      1.103      1.025      0.000 4
 474  479      1.104      0.702      0.000 4
 473  481      1.107     -0.673      0.000 4
 475   -2      1.110      0.276      0.000 4
 476  482      1.111     -1.003      0.000 4
 485   -2      1.138     -0.005      0.000 4
  -1  483      1.139      0.248      0.000 4
 480  485      1.142      0.086      0.000 4
 479  486      1.143      1.023      0.000 4
 482  488      1.153     -0.808      0.000 4
 478  489      1.154     -1.118      0.000 4
 483  491      1.173     -0.579      0.000 4
 489  493      1.215     -0.280      0.000 4
  -1   -2      1.229      0.259      0.000 4
 486   -2      1.237     -0.399      0.000 4
 487  492      1.237     -0.531      0.000 4
 491   -2      1.257     -0.604      0.000 4
 490  495      1.265      1.005      0.000 4
  -1   -2      1.299      0.944      0.000 4
  -1  499      1.306      0.391      0.000 4
 495  501      1.311     -1.010      0.000 4
 494  500      1.313      0.450      0.000 4
 492  505      1.314     -1.143      0.000 4
 496  502      1.318     -0.520      0.000 4
 497  504      1.331     -0.607      0.000 4
 499  506      1.360      0.440      0.000 4
 500   -2      1.362     -0.765      0.000 4
  -1  507      1.366      0.756      0.000 4
 501  508      1.373     -0.983      0.000 4
 502  509      1.388     -1.040      0.000 4
 503  510      1.396      1.122      0.000 4
 505   -2      1.404      0.168      0.000 4
 504   -2      1.407      0.144      0.000 4
 506  511      1.410      0.089      0.000 4
 507  512      1.413     -0.993      0.000 4
 509  514      1.415     -0.276      0.000 4
 508  513      1.416     -0.378      0.000 4
  -1   -2      1.422     -0.248      0.000 4
 510  515      1.423     -0.507      0.000 4
 511  516      1.429     -0.440      0.000 4
  -1   -2      1.436      0.170      0.000 4
 512  517      1.448      0.237      0.000 4
 513  518      1.451      0.541      0.000 4
 514  519      1.452     -1.105      0.000 4
  -1   -2      1.465      0.665      0.000 4
 516  520      1.469     -0.207      0.000 4
 517  521      1.469     -1.168      0.000 4
 520  522      1.485      0.616      0.000 4
 518  524      1.485     -0.801      0.000 4
 519   -2      1.490     -1.073      0.000 4
 521  526      1.501      0.860      0.000 4
 522  527      1.506      0.278      0.000 4
 525  529      1.519     -0.070      0.000 4
 524  528      1.520     -0.232      0.000 4
 528  530      1.547      0.061      0.000 4
 529  531      1.548      0.450      0.000 4
 530  533      1.553      1.130      0.000 4
 531  534      1.554     -1.094      0.000 4
 526  532      1.554     -0.669      0.000 4
 532  535      1.556     -0.976      0.000 4
 533  536      1.569     -0.876      0.000 4
