538
   1    0     -1.573      0.898      0.000 4
   2    1     -1.571     -0.796      0.000 4
  -1   12     -1.564     -0.257      0.000 4
  -1   18     -1.551     -0.140      0.000 4
  -1   -2     -1.544      0.847      0.000 4
   3   -2     -1.544      0.987      0.000 4
   4    4     -1.536      0.231      0.000 4
  13   -2     -1.535      0.892      0.000 4
   5    5     -1.530      0.341      0.000 4
  12    2     -1.523     -1.096      0.000 4
  -1    6     -1.521      1.104      0.000 4
   7    7     -1.520      0.291      0.000 4
   8    8     -1.516      0.555      0.000 4
   9   -2     -1.509      0.431      0.000 4
  10   11     -1.506      0.688      0.000 4
  11   -2     -1.502     -0.308      0.000 4
  14   15     -1.490      0.161      0.000 4
   6   17     -1.489     -1.172      0.000 4
  33   -2     -1.480      0.602      0.000 4
  17   19     -1.467      1.046      0.000 4
  26   10     -1.463      0.512      0.000 4
  22   -2     -1.457     -0.314      0.000 4
  19   21     -1.456      0.357      0.000 4
  21   -2     -1.453     -0.633      0.000 4
  -1   23     -1.447     -0.364      0.000 4
  23   -2     -1.443     -1.004      0.000 4
  24   25     -1.436      0.737      0.000 4
  25   24     -1.436      1.151      0.000 4
  27   26     -1.428     -1.122      0.000 4
  28   27     -1.421      0.298      0.000 4
  -1   -2     -1.416      0.788      0.000 4
  37   22     -1.416     -0.717      0.000 4
  30   30     -1.410      0.067      0.000 4
  29   29     -1.410     -0.404      0.000 4
  32   31     -1.403      0.665      0.000 4
  34   -2     -1.369     -0.498      0.000 4
  39   36     -1.358      1.144      0.000 4
  38   39     -1.357     -0.007      0.000 4
  40   38     -1.351     -0.923      0.000 4
  41   40     -1.345      0.176      0.000 4
  50   -2     -1.344      0.719      0.000 4
  43   41     -1.334     -1.064      0.000 4
  44   42     -1.328      0.951      0.000 4
  45   44     -1.316     -0.349      0.000 4
  47   -2     -1.314     -1.029      0.000 4
  48   -2     -1.314     -1.101      0.000 4
  46   45     -1.312      0.573      0.000 4
  -1   43     -1.306     -1.164      0.000 4
  51   47     -1.301      0.402      0.000 4
  54   46     -1.296     -0.852      0.000 4
  56   49     -1.271     -0.646      0.000 4
  55   50     -1.267      0.524      0.000 4
  58   51     -1.263     -1.012      0.000 4
  57   52     -1.262     -0.542      0.000 4
  60   53     -1.245      1.018      0.000 4
  -1   54     -1.236     -0.128      0.000 4
  62   55     -1.232     -0.855      0.000 4
  63   56     -1.218      0.847      0.000 4
  64   57     -1.213     -0.794      0.000 4
  65   59     -1.208     -0.661      0.000 4
  67   60     -1.195      0.741      0.000 4
  61   69     -1.184     -1.148      0.000 4
  68   -2     -1.182      0.648      0.000 4
  -1   -2     -1.179      0.036      0.000 4
  73   62     -1.167     -1.108      0.000 4
  72   63     -1.166     -0.889      0.000 4
  71   -2     -1.165     -0.573      0.000 4
  74   65     -1.165      1.055      0.000 4
  70   67     -1.164      0.411      0.000 4
  75   64     -1.164     -0.849      0.000 4
  76   66     -1.162     -0.358      0.000 4
  77   -2     -1.156      1.011      0.000 4
  -1   68     -1.132     -1.024      0.000 4
  78   70     -1.132      0.662      0.000 4
  -1   -2     -1.130     -0.782      0.000 4
  -1   -2     -1.130     -1.116      0.000 4
  79   71     -1.128     -0.109      0.000 4
  81   72     -1.116      1.055      0.000 4
  -1   73     -1.114     -0.381      0.000 4
  83   75     -1.098      0.403      0.000 4
  84   76     -1.097     -0.290      0.000 4
  87   77     -1.088     -1.081      0.000 4
  89   78     -1.076      0.814      0.000 4
  88   79     -1.076      0.485      0.000 4
  90   -2     -1.061     -0.163      0.000 4
  91   80     -1.051      0.395      0.000 4
  93   83     -1.044      0.586      0.000 4
  -1   97     -1.044     -1.172      0.000 4
  94   84     -1.033     -0.223      0.000 4
  -1   -2     -1.029     -0.184      0.000 4
  99   85     -1.020     -1.075      0.000 4
  -1   86     -1.017     -0.878      0.000 4
  97   87     -1.017     -0.439      0.000 4
  96   89     -1.014     -0.664      0.000 4
 100   88     -1.013      0.342      0.000 4
 103   90     -1.001      0.920      0.000 4
 104   91     -0.999      1.037      0.000 4
 105   -2     -0.966      1.061      0.000 4
 107   98     -0.950      0.310      0.000 4
  98  107     -0.949     -0.978      0.000 4
 110   -2     -0.945      1.135      0.000 4
 108   99     -0.944      0.574      0.000 4
 111  100     -0.938     -0.950      0.000 4
  -1  102     -0.935     -0.089      0.000 4
  -1  101     -0.934      0.504      0.000 4
 106   -2     -0.916     -1.107      0.000 4
  -1  105     -0.909      1.092      0.000 4
 101  139     -0.903     -1.155      0.000 4
 112  109     -0.878     -0.135      0.000 4
 114  110     -0.873     -0.747      0.000 4
 115  111     -0.871     -0.616      0.000 4
 123  113     -0.866     -0.443      0.000 4
 116  112     -0.866     -0.214      0.000 4
  -1  119     -0.859      0.451      0.000 4
 120  115     -0.857     -0.696      0.000 4
 119  118     -0.854     -0.016      0.000 4
  -1  108     -0.842      0.735      0.000 4
 133   -2     -0.837     -1.083      0.000 4
 118  125     -0.836      0.319      0.000 4
  -1  120     -0.832     -0.944      0.000 4
 124  121     -0.831      0.259      0.000 4
 128  122     -0.825      1.046      0.000 4
 127  124     -0.823      0.390      0.000 4
 130  123     -0.821      1.091      0.000 4
 131  136     -0.815     -0.378      0.000 4
 125  126     -0.815      0.816      0.000 4
  -1  117     -0.808     -0.985      0.000 4
 134  130     -0.796     -0.056      0.000 4
 135  128     -0.794      0.991      0.000 4
 138  131     -0.790     -0.753      0.000 4
 137  132     -0.789      0.883      0.000 4
 136  134     -0.788      0.381      0.000 4
 143   -2     -0.783     -1.030      0.000 4
 140   -2     -0.780     -0.379      0.000 4
 139  135     -0.780      0.036      0.000 4
 141   -2     -0.776     -0.445      0.000 4
 142  137     -0.766     -0.599      0.000 4
  -1  141     -0.764     -0.942      0.000 4
  -1  140     -0.756      0.641      0.000 4
  -1   -2     -0.750     -0.925      0.000 4
 144  142     -0.750      0.139      0.000 4
 147  143     -0.744     -0.147      0.000 4
 146   -2     -0.743     -0.348      0.000 4
  -1  144     -0.737     -0.963      0.000 4
  -1  145     -0.734      0.975      0.000 4
 149   -2     -0.731     -1.168      0.000 4
 151  146     -0.730     -1.009      0.000 4
 153  148     -0.715     -0.102      0.000 4
  -1  152     -0.707      1.102      0.000 4
  -1   -2     -0.705     -0.274      0.000 4
 154  149     -0.704     -0.549      0.000 4
 155  150     -0.700      0.868      0.000 4
  -1  160     -0.692      0.065      0.000 4
 156  153     -0.687      0.719      0.000 4
 159   -2     -0.686      1.056      0.000 4
  -1  151     -0.686      1.000      0.000 4
  -1   -2     -0.686      0.217      0.000 4
 157  154     -0.686     -0.636      0.000 4
  -1  155     -0.683     -1.127      0.000 4
 148  161     -0.656     -1.041      0.000 4
 162  157     -0.653     -0.301      0.000 4
  -1   -2     -0.650     -0.815      0.000 4
 164  158     -0.642      1.137      0.000 4
 165  159     -0.635     -1.069      0.000 4
 163  162     -0.629     -0.757      0.000 4
 167   -2     -0.628     -1.109      0.000 4
 183   -2     -0.625     -0.997      0.000 4
 169  164     -0.622     -0.423      0.000 4
 171  165     -0.618      1.064      0.000 4
 172  166     -0.617      0.878      0.000 4
  -1   -2     -0.615     -0.273      0.000 4
 173  167     -0.611     -0.502      0.000 4
  -1   -2     -0.610      0.813      0.000 4
 175  168     -0.601      0.047      0.000 4
 176  170     -0.589     -0.764      0.000 4
 174  171     -0.586      0.341      0.000 4
 179  172     -0.560     -0.227      0.000 4
 170  175     -0.559      0.472      0.000 4
 182  173     -0.558      1.041      0.000 4
 181  174     -0.558     -0.502      0.000 4
 184  176     -0.545      0.664      0.000 4
 168  183     -0.538     -1.087      0.000 4
 186  178     -0.533      1.168      0.000 4
  -1   -2     -0.528     -1.157      0.000 4
 187  180     -0.521      0.080      0.000 4
 188  181     -0.516      0.184      0.000 4
 193  179     -0.507     -1.171      0.000 4
 190  182     -0.495     -0.047      0.000 4
 192  184     -0.485     -0.664      0.000 4
  -1   -2     -0.483      0.823      0.000 4
 194  185     -0.478     -0.122      0.000 4
 191   -2     -0.471      0.991      0.000 4
  -1   -2     -0.467      0.126      0.000 4
 196  186     -0.465     -0.277      0.000 4
 197  187     -0.448      0.435      0.000 4
 199  188     -0.440     -0.931      0.000 4
 200  190     -0.428     -0.822      0.000 4
 201  189     -0.427     -1.036      0.000 4
 204   -2     -0.421     -1.164      0.000 4
 203  191     -0.417      0.732      0.000 4
 202  192     -0.415      0.316      0.000 4
 205  193     -0.406     -0.588      0.000 4
 206  194     -0.403     -0.176      0.000 4
  -1   -2     -0.393     -0.329      0.000 4
 208  196     -0.388     -0.279      0.000 4
  -1  197     -0.385     -0.650      0.000 4
 210  198     -0.384      0.709      0.000 4
 207  201     -0.379      1.041      0.000 4
 211  200     -0.379     -0.244      0.000 4
 212  199     -0.378     -0.939      0.000 4
 214  203     -0.360      0.965      0.000 4
 215  204     -0.359     -1.133      0.000 4
 218  205     -0.352      0.852      0.000 4
 219  207     -0.327     -0.555      0.000 4
 237   -2     -0.316      0.299      0.000 4
 222  209     -0.308      0.776      0.000 4
 223  210     -0.306     -0.906      0.000 4
 226  213     -0.291     -0.958      0.000 4
 224  214     -0.289     -0.456      0.000 4
 228  221     -0.271     -1.165      0.000 4
 229  216     -0.269      0.401      0.000 4
 230  217     -0.263     -1.043      0.000 4
 231  218     -0.258     -0.383      0.000 4
 233  219     -0.249     -0.654      0.000 4
 235  223     -0.241      0.121      0.000 4
 234  230     -0.226     -1.094      0.000 4
 254   -2     -0.213      1.033      0.000 4
  -1   -2     -0.212     -0.967      0.000 4
 241  225     -0.212      0.686      0.000 4
 242  226     -0.210      0.012      0.000 4
 238   -2     -0.187     -1.163      0.000 4
 245  229     -0.181     -0.120      0.000 4
  -1   -2     -0.179      0.073      0.000 4
  -1  231     -0.177     -0.045      0.000 4
 246  232     -0.169     -0.255      0.000 4
 269   -2     -0.151     -0.747      0.000 4
 247  235     -0.147     -0.625      0.000 4
  -1  234     -0.141     -1.124      0.000 4
  -1  236     -0.139     -0.177      0.000 4
 252  237     -0.131     -0.988      0.000 4
 240   -2     -0.130      0.467      0.000 4
 251  239     -0.130      0.370      0.000 4
  -1   -2     -0.120     -1.174      0.000 4
 255  240     -0.118     -0.076      0.000 4
 256  241     -0.117      0.597      0.000 4
 261   -2     -0.117     -0.650      0.000 4
  -1   -2     -0.108     -1.143      0.000 4
 259  244     -0.105      0.315      0.000 4
 257   -2     -0.100     -1.104      0.000 4
  -1   -2     -0.086     -1.022      0.000 4
 262  246     -0.086      0.217      0.000 4
 263  247     -0.085      1.104      0.000 4
 266  248     -0.081     -0.608      0.000 4
 264  250     -0.079     -0.153      0.000 4
 265  249     -0.079     -1.056      0.000 4
 274  252     -0.065     -0.312      0.000 4
 268  254     -0.063      0.335      0.000 4
 270   -2     -0.058     -1.083      0.000 4
 271  256     -0.054      0.563      0.000 4
  -1  245     -0.052     -1.171      0.000 4
 272  259     -0.040     -0.006      0.000 4
 273  261     -0.033      1.161      0.000 4
 278  263      0.001      0.543      0.000 4
 279  264      0.002      0.301      0.000 4
  -1  255      0.005     -1.077      0.000 4
 283  265      0.009     -1.169      0.000 4
 280  266      0.012      0.939      0.000 4
 282  269      0.020      0.354      0.000 4
  -1  270      0.020     -0.220      0.000 4
 284  268      0.021      0.044      0.000 4
 286  271      0.037      0.549      0.000 4
  -1   -2      0.044     -0.864      0.000 4
 287  273      0.046      0.319      0.000 4
 288   -2      0.048     -1.064      0.000 4
  -1  274      0.052     -0.048      0.000 4
 290  276      0.063      0.865      0.000 4
 291  275      0.064      0.623      0.000 4
 292  279      0.065     -1.039      0.000 4
 293  281      0.075     -0.879      0.000 4
  -1   -2      0.075      0.760      0.000 4
  -1   -2      0.093     -0.672      0.000 4
 295  282      0.093      0.144      0.000 4
 298  287      0.104      0.102      0.000 4
 289  301      0.107     -0.052      0.000 4
  -1  294      0.110     -1.164      0.000 4
 300  288      0.118      0.385      0.000 4
  -1   -2      0.132      0.925      0.000 4
  -1   -2      0.137     -1.105      0.000 4
 302  289      0.137      0.809      0.000 4
 296  303      0.138     -0.951      0.000 4
 303  292      0.146     -0.454      0.000 4
 318  291      0.148     -0.563      0.000 4
 306  293      0.155      1.002      0.000 4
 322  283      0.157     -0.639      0.000 4
 308  297      0.175      0.347      0.000 4
 312   -2      0.198     -0.432      0.000 4
 311  299      0.198      1.031      0.000 4
 310  306      0.201     -1.163      0.000 4
  -1   -2      0.205      0.924      0.000 4
 315  302      0.215      0.532      0.000 4
 305  320      0.215      0.028      0.000 4
 313  300      0.215     -0.974      0.000 4
 317   -2      0.222      1.004      0.000 4
 320  304      0.239     -0.142      0.000 4
 329  296      0.246     -1.019      0.000 4
  -1   -2      0.252     -1.147      0.000 4
 321  307      0.256      0.925      0.000 4
 319  309      0.257     -0.859      0.000 4
 324   -2      0.261     -0.352      0.000 4
  -1  310      0.265     -0.317      0.000 4
 325  311      0.272      1.145      0.000 4
  -1  305      0.276      0.691      0.000 4
 326  312      0.277      1.069      0.000 4
 327  313      0.279      0.232      0.000 4
  -1  314      0.285      0.154      0.000 4
 328  308      0.295      0.123      0.000 4
 333  316      0.317     -1.175      0.000 4
  -1  317      0.319     -0.309      0.000 4
 335  318      0.321     -0.186      0.000 4
 334   -2      0.322      0.052      0.000 4
 337  322      0.330      0.979      0.000 4
 341  325      0.367     -1.147      0.000 4
 342  326      0.375      0.233      0.000 4
 343  327      0.375     -0.776      0.000 4
 345  328      0.381      0.055      0.000 4
 346   -2      0.384      1.085      0.000 4
 338   -2      0.389     -0.942      0.000 4
 347  331      0.395      0.281      0.000 4
 348  332      0.396     -0.391      0.000 4
 349  333      0.404     -0.441      0.000 4
 350  334      0.405      0.158      0.000 4
 344  341      0.418     -0.994      0.000 4
 352  335      0.420     -1.084      0.000 4
 353  336      0.421     -0.856      0.000 4
  -1  323      0.428      0.992      0.000 4
 355  337      0.429     -0.640      0.000 4
 357  338      0.440     -0.001      0.000 4
 356   -2      0.441      1.175      0.000 4
 359  340      0.452     -0.578      0.000 4
 360   -2      0.452     -0.957      0.000 4
 361   -2      0.453     -0.769      0.000 4
 358  342      0.455     -1.170      0.000 4
 362  343      0.467     -0.411      0.000 4
  -1  345      0.470      0.304      0.000 4
 363  344      0.471      0.536      0.000 4
 372  347      0.472      0.708      0.000 4
 366  348      0.480     -1.079      0.000 4
 367   -2      0.483      0.057      0.000 4
 370  350      0.493     -0.029      0.000 4
 369  352      0.494     -0.767      0.000 4
 388   -2      0.502     -0.923      0.000 4
 375  353      0.503     -0.603      0.000 4
 373  354      0.503     -0.346      0.000 4
 379   -2      0.505      0.303      0.000 4
 354   -2      0.506      0.870      0.000 4
 376  356      0.515      0.735      0.000 4
  -1   -2      0.527      1.013      0.000 4
 377  358      0.540     -0.885      0.000 4
 380  359      0.556     -0.555      0.000 4
  -1  361      0.559     -0.933      0.000 4
 382  360      0.559      0.811      0.000 4
 383  363      0.576      0.875      0.000 4
 384  364      0.577     -0.038      0.000 4
 385  365      0.584      1.004      0.000 4
 386  366      0.592      0.484      0.000 4
 387  367      0.597      0.521      0.000 4
  -1  368      0.602      0.306      0.000 4
  -1  370      0.605     -0.970      0.000 4
 390  371      0.607     -0.723      0.000 4
 391  372      0.612      0.784      0.000 4
 393   -2      0.622     -0.614      0.000 4
 392  380      0.626     -1.121      0.000 4
 394  374      0.626     -1.062      0.000 4
  -1  375      0.630      0.318      0.000 4
 395  377      0.633     -0.818      0.000 4
  -1  378      0.634     -0.662      0.000 4
 397  379      0.641      0.539      0.000 4
 399   -2      0.646     -1.171      0.000 4
 398  382      0.648      0.471      0.000 4
 408   -2      0.651     -1.109      0.000 4
 401  383      0.655      1.146      0.000 4
 402  386      0.657      0.908      0.000 4
 403  385      0.658     -0.441      0.000 4
 404  384      0.661      0.826      0.000 4
 405   -2      0.665     -0.479      0.000 4
 406  387      0.681     -1.014      0.000 4
 414   -2      0.704     -0.845      0.000 4
 410  390      0.708      1.153      0.000 4
  -1  391      0.708     -1.090      0.000 4
  -1  392      0.713     -0.437      0.000 4
  -1  393      0.721     -0.684      0.000 4
 411  394      0.723     -0.367      0.000 4
 412  395      0.725      1.046      0.000 4
 413  397      0.731      0.245      0.000 4
  -1  396      0.739     -0.978      0.000 4
 407   -2      0.750     -0.024      0.000 4
 396  435      0.762     -1.093      0.000 4
  -1  401      0.762      1.146      0.000 4
 415  402      0.765     -0.630      0.000 4
 417   -2      0.781      0.377      0.000 4
 418  404      0.783      0.328      0.000 4
  -1  405      0.784     -1.028      0.000 4
 420  406      0.788      0.619      0.000 4
 426   -2      0.790     -0.811      0.000 4
 427  403      0.792     -0.202      0.000 4
 422  407      0.792     -0.076      0.000 4
 423  409      0.796     -0.981      0.000 4
  -1  431      0.798      0.514      0.000 4
  -1  411      0.809      0.893      0.000 4
 428  414      0.835     -0.040      0.000 4
 430  415      0.843      1.055      0.000 4
 431  416      0.844      0.876      0.000 4
 434  417      0.848     -0.789      0.000 4
 432  418      0.848     -1.062      0.000 4
 436   -2      0.849      0.087      0.000 4
 424   -2      0.854     -1.152      0.000 4
  -1  419      0.865     -0.609      0.000 4
  -1   -2      0.867     -0.203      0.000 4
 437  421      0.871      0.604      0.000 4
 450  420      0.881     -0.261      0.000 4
 440  424      0.883      0.157      0.000 4
 439   -2      0.884     -0.655      0.000 4
 441  428      0.889      1.046      0.000 4
 442  425      0.889     -0.155      0.000 4
 445  429      0.900      0.638      0.000 4
  -1  427      0.900      0.110      0.000 4
 443   -2      0.900     -1.005      0.000 4
  -1   -2      0.902      0.502      0.000 4
 446  434      0.902     -0.454      0.000 4
 447  432      0.903      0.689      0.000 4
 448  433      0.904      0.414      0.000 4
  -1  437      0.909     -0.874      0.000 4
  -1   -2      0.910      0.463      0.000 4
 451  436      0.911      1.080      0.000 4
 452  440      0.919      1.155      0.000 4
  -1  439      0.919     -0.801      0.000 4
 454  441      0.926     -0.542      0.000 4
 455  442      0.935     -1.077      0.000 4
  -1  438      0.939     -0.326      0.000 4
 457  443      0.940      0.226      0.000 4
  -1   -2      0.944     -0.867      0.000 4
 456   -2      0.959      0.027      0.000 4
 465   -2      0.965     -0.256      0.000 4
 459  445      0.971     -0.156      0.000 4
 460  446      0.972      0.515      0.000 4
 461   -2      0.975     -1.123      0.000 4
 463  448      0.985      0.445      0.000 4
  -1  447      0.988     -1.170      0.000 4
  -1  449      0.991      1.152      0.000 4
  -1  450      1.006     -0.295      0.000 4
 466  451      1.013     -0.039      0.000 4
 458   -2      1.020      0.752      0.000 4
 467  453      1.021     -0.596      0.000 4
 470  455      1.036      0.659      0.000 4
 471  456      1.037     -0.337      0.000 4
 473  457      1.058     -0.010      0.000 4
 462  476      1.066     -1.172      0.000 4
 476  459      1.067      0.707      0.000 4
 477  460      1.070      0.828      0.000 4
 478  461      1.075      0.965      0.000 4
 479  462      1.077      1.161      0.000 4
 480  465      1.096     -0.658      0.000 4
 474   -2      1.097      0.155      0.000 4
 481  466      1.098      0.093      0.000 4
 469  478      1.105     -0.397      0.000 4
 482  467      1.113     -0.984      0.000 4
 483  468      1.120      1.027      0.000 4
 484  469      1.146     -0.788      0.000 4
 486  470      1.150     -0.875      0.000 4
  -1   -2      1.151     -1.143      0.000 4
 487  471      1.156     -1.091      0.000 4
 488  472      1.157     -0.559      0.000 4
  -1  473      1.181      0.880      0.000 4
 489  474      1.186      0.960      0.000 4
  -1  475      1.190      0.260      0.000 4
 491   -2      1.216     -0.377      0.000 4
 494  480      1.219     -0.507      0.000 4
 492  479      1.219     -0.197      0.000 4
  -1  481      1.222      0.550      0.000 4
  -1  482      1.231      0.277      0.000 4
 495  483      1.238     -0.579      0.000 4
 496  484      1.247      0.999      0.000 4
 498  486      1.259     -0.156      0.000 4
 500  487      1.264      0.392      0.000 4
 502   -2      1.270      0.443      0.000 4
 501  488      1.271     -0.517      0.000 4
  -1  489      1.279     -0.465      0.000 4
  -1   -2      1.291     -0.096      0.000 4
 503  491      1.301     -0.491      0.000 4
  -1   -2      1.308      0.583      0.000 4
 499   -2      1.310     -0.975      0.000 4
 505  494      1.319     -0.575      0.000 4
  -1  493      1.319      0.433      0.000 4
 507  495      1.343     -1.084      0.000 4
 506  497      1.351     -1.171      0.000 4
 508  499      1.369     -0.945      0.000 4
 509  498      1.371      0.168      0.000 4
 510  500      1.375      0.094      0.000 4
 511  501      1.384      1.101      0.000 4
 512  502      1.386     -1.001      0.000 4
 513  504      1.395     -0.242      0.000 4
 514  505      1.397     -0.347      0.000 4
  -1   -2      1.404      0.619      0.000 4
  -1  506      1.408     -0.472      0.000 4
  -1  507      1.412     -0.952      0.000 4
 516  508      1.414      0.236      0.000 4
 517  509      1.415      0.523      0.000 4
 518   -2      1.421     -0.397      0.000 4
  -1   -2      1.443     -0.750      0.000 4
  -1   -2      1.444     -0.186      0.000 4
 520  512      1.451      0.594      0.000 4
 519  513      1.452     -1.068      0.000 4
  -1   -2      1.452     -1.106      0.000 4
 521   -2      1.469      1.061      0.000 4
 522  514      1.475      0.830      0.000 4
 523  515      1.477      0.274      0.000 4
 524  516      1.478     -0.758      0.000 4
  -1  518      1.493     -1.080      0.000 4
 527  519      1.499     -0.056      0.000 4
 528  520      1.500     -0.204      0.000 4
  -1   -2      1.504     -0.263      0.000 4
  -1  521      1.505     -0.318      0.000 4
 529  523      1.518      0.433      0.000 4
 531  524      1.520      0.070      0.000 4
  -1   -2      1.525     -0.232      0.000 4
  -1   -2      1.527      0.371      0.000 4
 530  525      1.536     -1.173      0.000 4
 533  527      1.538      1.097      0.000 4
 534  529      1.546     -0.622      0.000 4
 536  530      1.548      0.719      0.000 4
 535  533      1.551     -0.932      0.000 4
 537  532      1.551     -1.045      0.000 4
 538  531      1.552      0.592      0.000 4
 539  534      1.562     -0.823      0.000 4
 540  535      1.565      0.103      0.000 4
 541  536      1.567      0.384      0.000 4
  -1   -2      1.570      0.201      0.000 4
 542  538      1.574      1.144      0.000 4
