538
   0    0     -1.574      0.928      0.000 4
   1    2     -1.573      0.409      0.000 4
  20   -2     -1.572     -1.174      0.000 4
  15   -2     -1.571     -0.044      0.000 4
  -1   -2     -1.557      0.975      0.000 4
   2    3     -1.554      0.049      0.000 4
   3    4     -1.553     -0.630      0.000 4
  -1   -2     -1.547     -0.695      0.000 4
   4    6     -1.537     -1.049      0.000 4
   5    7     -1.530     -0.567      0.000 4
  -1   24     -1.528     -0.379      0.000 4
   6    8     -1.526     -1.128      0.000 4
   7    9     -1.523     -0.002      0.000 4
   8   10     -1.522     -0.059      0.000 4
   9   11     -1.521      0.216      0.000 4
  -1   -2     -1.512     -0.947      0.000 4
  -1   21     -1.500     -0.763      0.000 4
  10   13     -1.498      0.964      0.000 4
  11   15     -1.494      0.878      0.000 4
  12   16     -1.491     -0.604      0.000 4
  13   17     -1.491      0.835      0.000 4
  14   18     -1.478      0.538      0.000 4
  -1   19     -1.467      1.013      0.000 4
  16   -2     -1.459     -1.126      0.000 4
  -1   20     -1.458     -1.170      0.000 4
  -1   -2     -1.451      0.748      0.000 4
  19   22     -1.450     -1.003      0.000 4
  21   -2     -1.434     -0.518      0.000 4
  -1   -2     -1.433     -0.299      0.000 4
  25   -2     -1.431      0.918      0.000 4
  23   26     -1.429      0.681      0.000 4
  24   27     -1.427     -0.213      0.000 4
  17   31     -1.402     -0.975      0.000 4
  28   30     -1.376      0.517      0.000 4
  -1   25     -1.368      0.977      0.000 4
  30   32     -1.349     -0.169      0.000 4
  34   34     -1.331      1.146      0.000 4
  35   35     -1.327     -0.718      0.000 4
  -1   37     -1.324      0.493      0.000 4
  22   -2     -1.321      0.788      0.000 4
  38   -2     -1.315     -1.100      0.000 4
  39   39     -1.311     -0.481      0.000 4
  -1   -2     -1.308     -1.169      0.000 4
  40   40     -1.299     -0.829      0.000 4
  41   42     -1.294      0.893      0.000 4
  29   -2     -1.291     -0.779      0.000 4
  33   46     -1.288      0.471      0.000 4
  43   45     -1.287     -0.225      0.000 4
  44   43     -1.287      0.581      0.000 4
  45   47     -1.281     -0.383      0.000 4
  46   54     -1.279     -1.131      0.000 4
  48   48     -1.273      0.790      0.000 4
  37   50     -1.269      1.009      0.000 4
  50   52     -1.266      0.402      0.000 4
  51   51     -1.266     -0.494      0.000 4
  53   53     -1.259     -1.038      0.000 4
  52   55     -1.256     -0.241      0.000 4
  54   56     -1.249     -0.288      0.000 4
  64   36     -1.246     -1.172      0.000 4
  57   57     -1.237     -0.721      0.000 4
  58   58     -1.231     -1.059      0.000 4
  59   59     -1.228      0.682      0.000 4
  61   60     -1.218      0.350      0.000 4
  -1   61     -1.212     -0.611      0.000 4
  -1   65     -1.197     -0.116      0.000 4
  62   66     -1.192     -1.032      0.000 4
  -1   -2     -1.188      1.085      0.000 4
  63   67     -1.175     -0.524      0.000 4
  65   68     -1.161      0.923      0.000 4
  66   70     -1.145      0.635      0.000 4
  67   71     -1.141     -0.161      0.000 4
  68   74     -1.137     -0.017      0.000 4
  69   76     -1.134      0.358      0.000 4
  70   72     -1.132     -1.008      0.000 4
  73   75     -1.120     -1.048      0.000 4
  72   77     -1.116      0.276      0.000 4
  74   78     -1.113     -0.244      0.000 4
  -1   79     -1.112      0.513      0.000 4
  -1   -2     -1.108     -0.034      0.000 4
  75   -2     -1.102      0.335      0.000 4
  84   -2     -1.094      0.859      0.000 4
  77   80     -1.091      0.417      0.000 4
  79   82     -1.077     -0.064      0.000 4
  81   81     -1.075     -0.858      0.000 4
  80   83     -1.074      0.035      0.000 4
  82   -2     -1.059      0.395      0.000 4
  83   84     -1.054      1.003      0.000 4
  86   86     -1.047      0.141      0.000 4
  -1   87     -1.040     -1.094      0.000 4
  87   88     -1.038     -0.485      0.000 4
  88   89     -1.033     -1.173      0.000 4
  89   91     -1.015     -0.153      0.000 4
  91   92     -0.998     -0.990      0.000 4
  78  122     -0.997      1.113      0.000 4
  94   94     -0.994     -0.102      0.000 4
  93   95     -0.991      0.059      0.000 4
  96   96     -0.981      0.950      0.000 4
  97   97     -0.977     -0.667      0.000 4
  90   -2     -0.977     -0.852      0.000 4
  99   -2     -0.963     -0.356      0.000 4
 101   99     -0.960     -0.461      0.000 4
  -1  102     -0.937      0.830      0.000 4
 102  103     -0.936     -0.746      0.000 4
 103  104     -0.926     -0.804      0.000 4
 112  105     -0.911     -1.108      0.000 4
 107  108     -0.901     -1.037      0.000 4
  -1  118     -0.898      0.613      0.000 4
 109  109     -0.897      1.132      0.000 4
 108  110     -0.894      0.049      0.000 4
 110  112     -0.892     -0.288      0.000 4
 119  107     -0.888     -1.169      0.000 4
 111  113     -0.887      0.885      0.000 4
 114  115     -0.869      0.746      0.000 4
 113  117     -0.865      0.320      0.000 4
  -1   -2     -0.863      0.692      0.000 4
 115  119     -0.857     -0.545      0.000 4
 116  120     -0.855     -0.778      0.000 4
 117   -2     -0.847      1.056      0.000 4
 118  123     -0.846      0.990      0.000 4
 122  128     -0.825     -0.400      0.000 4
 123  127     -0.822      1.096      0.000 4
 124  129     -0.819     -0.995      0.000 4
  -1  131     -0.817      0.837      0.000 4
 125  132     -0.816     -0.203      0.000 4
 127  133     -0.811      0.429      0.000 4
 121   -2     -0.809     -0.791      0.000 4
 128  134     -0.806      0.079      0.000 4
 130  135     -0.802      0.949      0.000 4
  -1   -2     -0.801      0.573      0.000 4
 129  137     -0.801      0.172      0.000 4
  -1  136     -0.799     -0.675      0.000 4
 120  139     -0.790      0.483      0.000 4
 131  138     -0.790     -0.474      0.000 4
 132  121     -0.785      0.278      0.000 4
 133  140     -0.780     -1.168      0.000 4
 134  141     -0.771     -0.031      0.000 4
  -1   -2     -0.766     -0.242      0.000 4
  -1   -2     -0.766      0.770      0.000 4
  -1  142     -0.755     -1.155      0.000 4
 137  144     -0.743     -0.096      0.000 4
 139  145     -0.742      0.593      0.000 4
 140  147     -0.740     -0.453      0.000 4
 141  143     -0.740     -0.957      0.000 4
  -1  146     -0.738      0.789      0.000 4
 142  148     -0.732      0.823      0.000 4
 143   -2     -0.725      0.002      0.000 4
 136  153     -0.723      1.004      0.000 4
  -1   -2     -0.719     -1.128      0.000 4
 138  162     -0.718     -1.166      0.000 4
 145  152     -0.717     -0.723      0.000 4
 147  154     -0.705     -1.014      0.000 4
 146  156     -0.704     -0.229      0.000 4
  -1  155     -0.698     -0.490      0.000 4
 148  158     -0.696      0.380      0.000 4
 149  157     -0.694     -1.099      0.000 4
 150   -2     -0.693      0.717      0.000 4
 151  159     -0.679     -0.713      0.000 4
 152  161     -0.674      0.273      0.000 4
 167   -2     -0.665     -1.174      0.000 4
  -1  164     -0.662     -0.054      0.000 4
 154  163     -0.661      1.020      0.000 4
 155   -2     -0.652     -0.132      0.000 4
 156  165     -0.648      1.061      0.000 4
 157  166     -0.642      1.164      0.000 4
 158  167     -0.635      0.422      0.000 4
 159  168     -0.623     -0.955      0.000 4
 160  169     -0.618      0.934      0.000 4
 161  170     -0.617     -0.578      0.000 4
 162  172     -0.613     -0.194      0.000 4
 163  173     -0.602     -1.030      0.000 4
 164   -2     -0.598      1.147      0.000 4
 165  175     -0.595     -0.412      0.000 4
 166  178     -0.586      0.613      0.000 4
  -1  176     -0.573     -0.891      0.000 4
 168  180     -0.569     -0.947      0.000 4
  -1  174     -0.565      1.137      0.000 4
 169  181     -0.560     -0.483      0.000 4
 170  182     -0.556      0.583      0.000 4
  -1   -2     -0.552     -0.648      0.000 4
  -1  183     -0.551      0.322      0.000 4
 171  185     -0.543      0.240      0.000 4
 172  184     -0.540      1.038      0.000 4
 173  187     -0.522     -0.530      0.000 4
  -1  186     -0.520      0.891      0.000 4
  -1  188     -0.518      0.413      0.000 4
 174  189     -0.512     -0.701      0.000 4
 177  193     -0.485     -0.430      0.000 4
 178  192     -0.484     -0.805      0.000 4
 181  191     -0.483     -1.164      0.000 4
 180  194     -0.478      0.687      0.000 4
 179  196     -0.478      0.317      0.000 4
  -1  197     -0.476      0.793      0.000 4
  -1   -2     -0.465     -0.334      0.000 4
  -1   -2     -0.458      0.107      0.000 4
 182  198     -0.450      0.611      0.000 4
 203  177     -0.446      0.785      0.000 4
 184  200     -0.439     -0.276      0.000 4
 185  199     -0.438      0.852      0.000 4
 186  201     -0.436      1.012      0.000 4
 187  202     -0.425     -0.784      0.000 4
 188   -2     -0.407     -0.565      0.000 4
 192  206     -0.392      0.559      0.000 4
 194  208     -0.373     -0.488      0.000 4
 193  209     -0.372      0.074      0.000 4
  -1  212     -0.371      1.020      0.000 4
 195  210     -0.366     -0.723      0.000 4
 190   -2     -0.356     -1.174      0.000 4
 196  211     -0.356      0.517      0.000 4
 202   -2     -0.342     -0.169      0.000 4
 213   -2     -0.339      1.008      0.000 4
 199  214     -0.336     -0.763      0.000 4
 200   -2     -0.328     -0.334      0.000 4
 204  219     -0.287      0.278      0.000 4
 206  218     -0.284     -0.831      0.000 4
 207   -2     -0.279      0.343      0.000 4
 189  246     -0.279     -0.032      0.000 4
 205   -2     -0.271     -1.172      0.000 4
 210  221     -0.262      1.156      0.000 4
 209  222     -0.260     -0.436      0.000 4
 211  223     -0.256      0.238      0.000 4
  -1   -2     -0.252     -0.940      0.000 4
  -1  224     -0.246     -0.537      0.000 4
 212  225     -0.243      0.433      0.000 4
 214  227     -0.234      0.171      0.000 4
 216  228     -0.229     -1.090      0.000 4
 215   -2     -0.228     -0.079      0.000 4
  -1  229     -0.216     -0.054      0.000 4
  -1   -2     -0.216      0.531      0.000 4
  -1   -2     -0.205     -1.123      0.000 4
 219  232     -0.195     -0.190      0.000 4
 220  233     -0.194      0.248      0.000 4
 217  243     -0.190     -1.070      0.000 4
 221  234     -0.189      0.960      0.000 4
 222  236     -0.185     -0.917      0.000 4
  -1  230     -0.179     -1.168      0.000 4
  -1   -2     -0.172     -0.555      0.000 4
 224  240     -0.172      0.107      0.000 4
 223  239     -0.171      0.020      0.000 4
 225  238     -0.171     -0.402      0.000 4
 226  241     -0.167     -0.732      0.000 4
 227  242     -0.158      0.401      0.000 4
 228   -2     -0.148     -1.125      0.000 4
 229  244     -0.136     -0.245      0.000 4
 231  245     -0.128      0.958      0.000 4
  -1  237     -0.125     -0.561      0.000 4
 240   -2     -0.111     -0.057      0.000 4
 233  247     -0.109      0.809      0.000 4
 234  248     -0.107     -0.292      0.000 4
 236  249     -0.099     -0.778      0.000 4
 237  250     -0.096      0.222      0.000 4
  -1  251     -0.081     -1.033      0.000 4
 238  252     -0.080      0.382      0.000 4
 239  253     -0.078      0.906      0.000 4
  -1  254     -0.077      0.056      0.000 4
 242  255     -0.069     -1.167      0.000 4
  -1  260     -0.065      0.256      0.000 4
 243  257     -0.058      0.497      0.000 4
 244  258     -0.058     -0.231      0.000 4
 241  269     -0.056     -1.003      0.000 4
  -1  259     -0.049      0.853      0.000 4
 248   -2     -0.034      0.233      0.000 4
 247  261     -0.032      0.386      0.000 4
 249  263     -0.027      0.574      0.000 4
  -1  262     -0.026      0.840      0.000 4
 245  264     -0.025     -0.006      0.000 4
 251  266     -0.019      0.661      0.000 4
 252  267     -0.018     -1.082      0.000 4
 253  268     -0.009     -0.161      0.000 4
 255  270      0.020      0.432      0.000 4
 254  283      0.021     -1.116      0.000 4
  -1   -2      0.034      1.123      0.000 4
 259  272      0.039      1.030      0.000 4
 260  273      0.040      0.603      0.000 4
 258   -2      0.040      0.107      0.000 4
 261  275      0.048     -0.601      0.000 4
 282   -2      0.049      0.532      0.000 4
 262  277      0.050     -0.742      0.000 4
  -1  280      0.055     -0.441      0.000 4
  -1  288      0.057     -0.305      0.000 4
 267  282      0.065      0.304      0.000 4
 268   -2      0.072     -1.088      0.000 4
 270  285      0.085      0.276      0.000 4
 274  284      0.091     -1.166      0.000 4
 271  278      0.092      0.784      0.000 4
 273   -2      0.099     -0.156      0.000 4
 272  287      0.100     -1.036      0.000 4
 275  293      0.103     -0.971      0.000 4
 263  307      0.109      0.054      0.000 4
 276   -2      0.114     -0.352      0.000 4
 277   -2      0.114     -0.278      0.000 4
  -1  289      0.130      1.055      0.000 4
 278  290      0.133     -1.048      0.000 4
 279  292      0.136      0.645      0.000 4
 281  294      0.140      0.562      0.000 4
  -1  274      0.147      0.122      0.000 4
 284  296      0.169      0.248      0.000 4
 285  297      0.173      0.704      0.000 4
 280  306      0.174     -0.956      0.000 4
 287  299      0.185     -0.859      0.000 4
 288  301      0.190     -0.263      0.000 4
 290  302      0.199     -1.073      0.000 4
 291  303      0.211     -0.688      0.000 4
  -1  304      0.222     -0.159      0.000 4
 299  305      0.224      0.892      0.000 4
 295  308      0.225     -0.340      0.000 4
  -1   -2      0.225      0.044      0.000 4
 289   -2      0.228     -1.096      0.000 4
 298  309      0.229     -0.580      0.000 4
 300  310      0.238      0.649      0.000 4
 296   -2      0.255     -0.069      0.000 4
 302  316      0.269     -1.050      0.000 4
 286  317      0.270     -0.402      0.000 4
 303  318      0.280     -1.127      0.000 4
 304  319      0.282     -0.213      0.000 4
 314  320      0.302      0.106      0.000 4
 306  321      0.303      0.654      0.000 4
 307  322      0.308     -0.710      0.000 4
 308  323      0.311      0.833      0.000 4
 310  327      0.321     -1.171      0.000 4
 309  324      0.323      0.769      0.000 4
 311  325      0.327      0.175      0.000 4
  -1  326      0.335      0.640      0.000 4
 313  328      0.341     -1.037      0.000 4
 315  329      0.349      1.135      0.000 4
 312   -2      0.351      0.580      0.000 4
  -1   -2      0.356     -0.733      0.000 4
 317  331      0.359     -0.890      0.000 4
 318  332      0.365     -0.195      0.000 4
  -1  333      0.368     -0.232      0.000 4
 320  330      0.374     -0.956      0.000 4
  -1  335      0.377      0.961      0.000 4
 319  311      0.377      0.393      0.000 4
 321  337      0.386      0.055      0.000 4
  -1   -2      0.399      0.017      0.000 4
  -1   -2      0.399      0.470      0.000 4
 323  339      0.406     -0.712      0.000 4
 324  340      0.409     -0.560      0.000 4
 325   -2      0.415      0.237      0.000 4
 322   -2      0.420      0.745      0.000 4
 326  351      0.420     -0.850      0.000 4
 328  341      0.420     -0.254      0.000 4
  -1  343      0.431     -1.111      0.000 4
 329  344      0.444      0.797      0.000 4
 330  345      0.450     -0.645      0.000 4
 331  346      0.459     -1.170      0.000 4
 332  347      0.467     -0.265      0.000 4
 333  348      0.473     -0.307      0.000 4
  -1   -2      0.475      0.049      0.000 4
 335  350      0.482      1.066      0.000 4
  -1   -2      0.483     -0.467      0.000 4
 336  353      0.494      0.895      0.000 4
 339  355      0.502     -1.148      0.000 4
 338  354      0.504      0.204      0.000 4
 340  356      0.510      0.728      0.000 4
 341  358      0.515     -0.425      0.000 4
 342  357      0.516      0.120      0.000 4
  -1  359      0.516      0.611      0.000 4
 343  360      0.521      1.134      0.000 4
 346  362      0.530     -1.064      0.000 4
 345   -2      0.532     -0.476      0.000 4
 348  363      0.542     -0.597      0.000 4
  -1  364      0.552     -1.147      0.000 4
 350  366      0.555     -0.298      0.000 4
 351  365      0.555      0.006      0.000 4
 352  367      0.558      0.997      0.000 4
 353  369      0.567     -0.705      0.000 4
  -1  370      0.575     -0.083      0.000 4
 354  372      0.576     -0.463      0.000 4
 337  377      0.577      0.357      0.000 4
 355   -2      0.580     -0.737      0.000 4
 356  373      0.587     -0.772      0.000 4
 358  374      0.591      1.133      0.000 4
 360  375      0.604      0.510      0.000 4
 361   -2      0.608      0.382      0.000 4
  -1  376      0.609      0.425      0.000 4
 377   -2      0.610     -0.252      0.000 4
  -1   -2      0.615      0.218      0.000 4
 366   -2      0.618     -1.165      0.000 4
 344  395      0.618      0.640      0.000 4
 364  380      0.619     -0.979      0.000 4
  -1  378      0.625      0.140      0.000 4
  -1  379      0.626     -1.065      0.000 4
  -1  387      0.627     -0.729      0.000 4
 368  382      0.630     -0.020      0.000 4
  -1  383      0.638      1.060      0.000 4
 367  385      0.641      1.005      0.000 4
 370  384      0.641     -0.438      0.000 4
 371  386      0.652      0.533      0.000 4
 372  389      0.671     -0.606      0.000 4
 373  390      0.679     -0.701      0.000 4
 374  391      0.683      0.768      0.000 4
 375  392      0.684     -0.334      0.000 4
 347   -2      0.685      0.337      0.000 4
 376  394      0.688     -0.906      0.000 4
  -1   -2      0.695      0.602      0.000 4
  -1  381      0.698     -1.173      0.000 4
 378   -2      0.705      0.657      0.000 4
  -1   -2      0.709     -0.563      0.000 4
  -1  398      0.718      0.917      0.000 4
 380  399      0.729     -0.982      0.000 4
 381  400      0.742     -0.040      0.000 4
 382  401      0.745     -0.760      0.000 4
 379  402      0.752     -1.033      0.000 4
  -1   -2      0.759      0.019      0.000 4
 384  403      0.764      0.590      0.000 4
  -1  406      0.764     -0.862      0.000 4
 386  404      0.777      0.937      0.000 4
  -1   -2      0.777     -0.803      0.000 4
 388  407      0.778      0.385      0.000 4
 387  405      0.779      0.353      0.000 4
 389  408      0.780     -0.399      0.000 4
  -1   -2      0.792     -0.980      0.000 4
 390   -2      0.795     -0.619      0.000 4
 392  409      0.800      0.708      0.000 4
 394  413      0.814      0.637      0.000 4
 395  414      0.817     -0.142      0.000 4
 397  415      0.819      0.850      0.000 4
 396  417      0.821     -1.092      0.000 4
 400  418      0.829     -0.229      0.000 4
 401  419      0.831      0.230      0.000 4
 402  420      0.836     -1.034      0.000 4
 403  421      0.838     -0.764      0.000 4
 405   -2      0.845     -0.167      0.000 4
 406  424      0.849     -0.589      0.000 4
 407  423      0.849      0.350      0.000 4
 417   -2      0.860     -1.123      0.000 4
 409  426      0.860     -0.844      0.000 4
 410  428      0.864     -0.337      0.000 4
  -1   -2      0.879     -1.164      0.000 4
 414  432      0.897     -0.776      0.000 4
 420   -2      0.897     -1.007      0.000 4
 416  431      0.898     -0.032      0.000 4
 412  433      0.902      1.038      0.000 4
 418  434      0.910      1.140      0.000 4
  -1  435      0.945     -0.537      0.000 4
 421  436      0.948      0.737      0.000 4
 422  439      0.953     -0.610      0.000 4
 423  437      0.954      0.176      0.000 4
 424  440      0.957     -0.821      0.000 4
 425  442      0.966      1.021      0.000 4
  -1  443      0.967     -0.215      0.000 4
  -1  444      0.969     -0.900      0.000 4
 427  445      0.971      0.210      0.000 4
 428  446      0.978      0.927      0.000 4
  -1   -2      0.993     -0.105      0.000 4
 430   -2      0.994      0.739      0.000 4
 431  448      0.997      0.501      0.000 4
 432  449      1.016      0.292      0.000 4
 433  450      1.017      0.249      0.000 4
  -1   -2      1.020     -0.700      0.000 4
 435  451      1.024     -0.482      0.000 4
 434   -2      1.025     -0.579      0.000 4
 426   -2      1.034     -0.893      0.000 4
 437  453      1.045     -0.078      0.000 4
  -1   -2      1.045     -0.235      0.000 4
 438  454      1.051     -0.296      0.000 4
  -1  452      1.070     -0.590      0.000 4
  -1  455      1.074     -1.174      0.000 4
  -1  456      1.077      1.149      0.000 4
 440  457      1.080     -0.194      0.000 4
 439   -2      1.082      0.035      0.000 4
 445  458      1.096     -0.378      0.000 4
 443  460      1.098     -0.673      0.000 4
 442  461      1.098     -1.087      0.000 4
 446  459      1.100      0.622      0.000 4
 444  462      1.103      1.034      0.000 4
 447  464      1.117      0.553      0.000 4
  -1  465      1.121      0.703      0.000 4
  -1  466      1.127     -0.282      0.000 4
 450  470      1.128      0.102      0.000 4
 451  469      1.132     -0.316      0.000 4
 452  467      1.134      0.169      0.000 4
  -1  468      1.135      0.431      0.000 4
 453  471      1.148      0.348      0.000 4
 454  473      1.153     -0.766      0.000 4
 455  475      1.158     -1.003      0.000 4
 456  474      1.161     -0.221      0.000 4
 457  476      1.166      0.991      0.000 4
 458  477      1.169     -0.917      0.000 4
 459   -2      1.180     -0.319      0.000 4
 460   -2      1.181      0.922      0.000 4
 461  479      1.186      0.171      0.000 4
 462  482      1.193     -1.171      0.000 4
  -1  480      1.198      0.321      0.000 4
 463  481      1.203      1.005      0.000 4
 465  483      1.211      0.464      0.000 4
  -1   -2      1.221      0.282      0.000 4
 467  484      1.224     -0.107      0.000 4
 466  487      1.226     -1.081      0.000 4
 468  485      1.226      0.804      0.000 4
 470  486      1.227      0.398      0.000 4
 469  488      1.228     -0.696      0.000 4
 471  478      1.246     -0.455      0.000 4
 472  490      1.261      0.693      0.000 4
 474  491      1.271     -0.083      0.000 4
  -1   -2      1.278     -0.132      0.000 4
  -1  492      1.286     -0.976      0.000 4
 476  493      1.286      0.984      0.000 4
 477  494      1.294     -0.672      0.000 4
 482   -2      1.313      0.213      0.000 4
 490   -2      1.316      0.899      0.000 4
 484  497      1.319      0.034      0.000 4
 483  499      1.321     -0.529      0.000 4
 485  500      1.325      1.050      0.000 4
  -1  495      1.327      0.145      0.000 4
 479  509      1.336     -0.701      0.000 4
 475  504      1.354     -1.167      0.000 4
 486   -2      1.358     -0.060      0.000 4
 487  505      1.370     -0.780      0.000 4
  -1  503      1.370     -0.687      0.000 4
  -1  506      1.379      1.010      0.000 4
 492  502      1.382     -0.176      0.000 4
 491   -2      1.408     -0.671      0.000 4
 493  508      1.409      0.711      0.000 4
 495  510      1.443      0.273      0.000 4
  -1  511      1.445     -0.136      0.000 4
 498  515      1.466     -0.704      0.000 4
 496  514      1.472      0.067      0.000 4
 499   -2      1.476      0.428      0.000 4
 500  517      1.478     -0.557      0.000 4
  -1  516      1.478      0.494      0.000 4
 501  518      1.479     -0.630      0.000 4
 502  520      1.492     -0.436      0.000 4
 508  519      1.493      0.859      0.000 4
 503   -2      1.503     -0.405      0.000 4
 504  522      1.506     -1.016      0.000 4
 505   -2      1.518      0.498      0.000 4
 509   -2      1.531      0.039      0.000 4
  -1   -2      1.536     -0.359      0.000 4
 510  524      1.537      0.149      0.000 4
  -1  525      1.537      0.119      0.000 4
 507  526      1.537     -1.173      0.000 4
  -1   -2      1.538     -0.570      0.000 4
  -1   -2      1.556      1.122      0.000 4
 512  528      1.559     -0.806      0.000 4
 513   -2      1.564     -0.890      0.000 4
  -1  530      1.572      0.248      0.000 4
 514  529      1.574     -0.476      0.000 4
