516
  -1    0     -1.575      0.386      0.000 4
   0    1     -1.569      0.328      0.000 4
   1    2     -1.566     -0.885      0.000 4
   2    3     -1.558      0.488      0.000 4
   3   -2     -1.558      0.941      0.000 4
   4    8     -1.558      0.625      0.000 4
  -1   -2     -1.556     -0.273      0.000 4
   6   11     -1.543      1.079      0.000 4
   5    4     -1.543      0.175      0.000 4
   8    5     -1.538     -0.372      0.000 4
   7    6     -1.538      0.772      0.000 4
  -1    9     -1.510     -0.702      0.000 4
  10   10     -1.509      0.399      0.000 4
  12   16     -1.491     -1.170      0.000 4
  13   12     -1.487      0.332      0.000 4
  14   13     -1.484     -0.429      0.000 4
  -1   15     -1.472     -1.006      0.000 4
  17   17     -1.469      0.064      0.000 4
  18   18     -1.466      0.817      0.000 4
  19   19     -1.462     -0.715      0.000 4
  20   20     -1.459      1.133      0.000 4
  -1   -2     -1.452      0.021      0.000 4
  22   23     -1.446      0.737      0.000 4
  21   21     -1.446     -0.467      0.000 4
  23   22     -1.444      0.868      0.000 4
  -1   -2     -1.432      0.700      0.000 4
  24   24     -1.426     -0.021      0.000 4
  26   -2     -1.423     -0.825      0.000 4
  25   25     -1.417      0.188      0.000 4
  27   26     -1.413     -1.090      0.000 4
  29   -2     -1.404     -1.165      0.000 4
  28   27     -1.396     -0.622      0.000 4
  -1   29     -1.372      0.629      0.000 4
  -1   -2     -1.367     -0.037      0.000 4
  31   30     -1.365     -0.399      0.000 4
  32   32     -1.360     -0.766      0.000 4
  33   31     -1.358     -0.963      0.000 4
  35   34     -1.334      1.023      0.000 4
  36   35     -1.330     -0.997      0.000 4
  38   36     -1.314     -0.153      0.000 4
  39   40     -1.291     -0.600      0.000 4
  43   45     -1.288     -1.156      0.000 4
  42   41     -1.285     -0.708      0.000 4
  44   39     -1.282     -0.926      0.000 4
  -1   42     -1.277     -1.098      0.000 4
  45   46     -1.265     -0.651      0.000 4
  46   47     -1.249      0.442      0.000 4
  48   49     -1.244      0.906      0.000 4
  49   48     -1.243      1.079      0.000 4
  47   50     -1.242      0.692      0.000 4
  50   51     -1.238      0.791      0.000 4
  53   53     -1.230     -1.080      0.000 4
  34   -2     -1.227      0.473      0.000 4
  54   54     -1.224     -0.713      0.000 4
  55   56     -1.221     -0.393      0.000 4
  56   55     -1.221     -0.918      0.000 4
  57   57     -1.215     -0.123      0.000 4
  58   -2     -1.212     -0.852      0.000 4
  51   -2     -1.202     -0.067      0.000 4
  61   59     -1.190      0.703      0.000 4
  62   60     -1.187      0.431      0.000 4
  -1   -2     -1.185     -0.994      0.000 4
  63   63     -1.175     -0.412      0.000 4
  -1   -2     -1.174      0.602      0.000 4
  65   -2     -1.172     -1.172      0.000 4
  64   64     -1.168     -0.313      0.000 4
  -1   65     -1.160      1.068      0.000 4
  66   68     -1.158      0.511      0.000 4
  68   66     -1.157      1.108      0.000 4
  69   67     -1.156     -0.905      0.000 4
  71   69     -1.152     -0.944      0.000 4
  -1   72     -1.150     -0.522      0.000 4
  -1   71     -1.150      0.203      0.000 4
  70   70     -1.148     -0.177      0.000 4
  72   73     -1.143      0.416      0.000 4
  74   74     -1.116      0.613      0.000 4
  -1   -2     -1.116     -0.195      0.000 4
  75   75     -1.116     -0.239      0.000 4
  77   -2     -1.111      0.851      0.000 4
  76   78     -1.111      0.359      0.000 4
  -1   76     -1.111      1.103      0.000 4
  83   79     -1.103     -1.080      0.000 4
  80   81     -1.076     -0.461      0.000 4
  -1   -2     -1.072     -1.006      0.000 4
  81   83     -1.063     -1.148      0.000 4
  82   85     -1.059     -0.778      0.000 4
  84   87     -1.051      0.320      0.000 4
  86   88     -1.034     -0.093      0.000 4
  -1   89     -1.033     -0.225      0.000 4
  -1   90     -1.026      0.948      0.000 4
  97   77     -1.022      0.802      0.000 4
  87   92     -1.022      0.589      0.000 4
  89   93     -1.013     -0.915      0.000 4
  90   94     -1.001      1.064      0.000 4
  91   95     -0.984     -1.117      0.000 4
  92   96     -0.976     -0.137      0.000 4
  -1   -2     -0.963      0.339      0.000 4
  93  101     -0.963     -0.011      0.000 4
  94   98     -0.961     -0.050      0.000 4
  95   -2     -0.958      0.391      0.000 4
  96   99     -0.958     -0.217      0.000 4
 101  103     -0.933     -0.981      0.000 4
  -1  122     -0.929     -0.452      0.000 4
  -1  104     -0.926      0.320      0.000 4
  -1   -2     -0.926     -0.025      0.000 4
 104  108     -0.922      0.396      0.000 4
 105  110     -0.912     -0.626      0.000 4
 102  124     -0.906      1.106      0.000 4
 109  115     -0.897     -0.054      0.000 4
 118   -2     -0.896     -1.165      0.000 4
 110  114     -0.894     -0.761      0.000 4
 112  116     -0.887     -0.708      0.000 4
 111  117     -0.886      0.039      0.000 4
  -1  118     -0.883      0.380      0.000 4
 113  119     -0.858      0.140      0.000 4
 114  120     -0.854      0.812      0.000 4
  -1  131     -0.846     -0.098      0.000 4
 115   -2     -0.843     -0.442      0.000 4
 116  123     -0.842     -0.142      0.000 4
  -1   -2     -0.832      1.048      0.000 4
 120  127     -0.823      0.880      0.000 4
 121  128     -0.822      1.094      0.000 4
 124  129     -0.814      0.987      0.000 4
 125  130     -0.813     -0.755      0.000 4
 122   -2     -0.811     -0.095      0.000 4
  -1   -2     -0.786      0.213      0.000 4
 128   -2     -0.774      0.780      0.000 4
 129  135     -0.768     -0.043      0.000 4
 117   -2     -0.758      0.960      0.000 4
 130  137     -0.757     -0.540      0.000 4
 135  138     -0.750     -0.926      0.000 4
  -1  134     -0.748      0.703      0.000 4
 134  139     -0.735     -0.288      0.000 4
  -1  140     -0.731     -0.964      0.000 4
 136  141     -0.729     -0.676      0.000 4
  -1   -2     -0.720     -0.580      0.000 4
 137  142     -0.720     -0.546      0.000 4
 138  143     -0.715     -1.011      0.000 4
 141  144     -0.707      0.981      0.000 4
 140  146     -0.705     -0.258      0.000 4
 139  147     -0.704      0.050      0.000 4
 142  145     -0.703     -1.170      0.000 4
  -1  148     -0.699      1.093      0.000 4
 143  150     -0.695      1.035      0.000 4
  -1  151     -0.693     -0.405      0.000 4
 145  152     -0.683     -1.139      0.000 4
 146  154     -0.672     -0.481      0.000 4
 147  155     -0.656     -0.739      0.000 4
 148  157     -0.655      0.847      0.000 4
 150  158     -0.648     -0.212      0.000 4
 144  170     -0.645      0.451      0.000 4
  -1  161     -0.640      1.107      0.000 4
 153   -2     -0.638      1.069      0.000 4
  -1  159     -0.635      0.508      0.000 4
 154  163     -0.632      1.032      0.000 4
 155  165     -0.620     -0.475      0.000 4
 158  164     -0.618     -1.054      0.000 4
 149   -2     -0.618     -0.979      0.000 4
 156  168     -0.617      0.082      0.000 4
  -1  166     -0.617     -0.738      0.000 4
 159  169     -0.614      0.179      0.000 4
 161   -2     -0.609      0.637      0.000 4
  -1  171     -0.594     -1.091      0.000 4
 163  172     -0.590     -0.037      0.000 4
 164  173     -0.573      0.998      0.000 4
 165  174     -0.567     -0.108      0.000 4
 166  167     -0.557     -0.939      0.000 4
  -1   -2     -0.553      0.128      0.000 4
 168  176     -0.545     -0.251      0.000 4
 171  177     -0.531      0.407      0.000 4
 172  179     -0.527     -0.623      0.000 4
 173  178     -0.526      1.120      0.000 4
 167  182     -0.521     -1.163      0.000 4
 174  180     -0.518      0.903      0.000 4
 175  181     -0.501      0.296      0.000 4
 176  183     -0.490     -0.157      0.000 4
 177  184     -0.485      0.466      0.000 4
 180  187     -0.470      0.681      0.000 4
 170  209     -0.461     -1.110      0.000 4
 182  189     -0.460     -0.249      0.000 4
 183  191     -0.456     -0.214      0.000 4
 185  190     -0.454     -0.541      0.000 4
 186  192     -0.452     -0.771      0.000 4
 187  193     -0.447     -0.880      0.000 4
 179   -2     -0.437     -1.142      0.000 4
 188  195     -0.437      0.656      0.000 4
 189  197     -0.427     -0.595      0.000 4
 191  198     -0.421      1.127      0.000 4
  -1  199     -0.415     -1.123      0.000 4
 181   -2     -0.413      0.979      0.000 4
 192   -2     -0.406     -0.664      0.000 4
 193  200     -0.397     -1.168      0.000 4
 195  202     -0.388      0.784      0.000 4
 198  206     -0.387      0.277      0.000 4
 196  203     -0.387     -0.877      0.000 4
 197  204     -0.386      0.967      0.000 4
 199   -2     -0.381      0.894      0.000 4
 201  208     -0.377     -0.500      0.000 4
  -1   -2     -0.356     -1.131      0.000 4
 204  211     -0.349      0.707      0.000 4
 213   -2     -0.347     -1.169      0.000 4
 205  214     -0.335      0.366      0.000 4
 206  215     -0.333      1.152      0.000 4
  -1  201     -0.330     -0.658      0.000 4
 207  220     -0.324     -0.747      0.000 4
 208  216     -0.318     -0.833      0.000 4
 209  217     -0.312     -0.334      0.000 4
 210  219     -0.303      0.688      0.000 4
 211  221     -0.297     -0.880      0.000 4
 220  205     -0.292      0.862      0.000 4
 212  222     -0.291      0.657      0.000 4
  -1  223     -0.289     -1.119      0.000 4
 214  224     -0.283     -0.583      0.000 4
  -1  225     -0.274      0.022      0.000 4
 218  227     -0.260     -0.760      0.000 4
 217  226     -0.260     -0.962      0.000 4
 219  229     -0.254      0.617      0.000 4
 221  230     -0.244     -1.082      0.000 4
 222   -2     -0.240     -0.093      0.000 4
 223  231     -0.239      0.039      0.000 4
 225  233     -0.218     -0.209      0.000 4
  -1   -2     -0.218     -0.480      0.000 4
 228   -2     -0.193     -0.143      0.000 4
  -1   -2     -0.182      1.106      0.000 4
 232  235     -0.180     -1.071      0.000 4
 231  232     -0.179     -0.656      0.000 4
 229  237     -0.178      0.327      0.000 4
 234  236     -0.176      1.144      0.000 4
 233  238     -0.175      0.415      0.000 4
 241  239     -0.169     -0.551      0.000 4
 235  240     -0.165     -0.057      0.000 4
  -1  253     -0.153     -0.989      0.000 4
 236  241     -0.152      0.531      0.000 4
 238  243     -0.148     -0.265      0.000 4
 242  244     -0.135     -0.888      0.000 4
 243  245     -0.129      0.201      0.000 4
 237  254     -0.127     -1.128      0.000 4
 244  247     -0.124     -0.119      0.000 4
 245  248     -0.120      1.153      0.000 4
 246  250     -0.110     -0.225      0.000 4
 258  234     -0.104     -0.258      0.000 4
 248  251     -0.102      0.301      0.000 4
 249  252     -0.098     -0.516      0.000 4
 251   -2     -0.092     -1.001      0.000 4
 253  255     -0.083      0.991      0.000 4
 254  266     -0.080      0.007      0.000 4
 256  258     -0.077     -0.951      0.000 4
 257  259     -0.067      1.103      0.000 4
  -1  257     -0.062     -1.167      0.000 4
  -1  270     -0.048      0.810      0.000 4
 274   -2     -0.039     -1.127      0.000 4
 261   -2     -0.035      1.050      0.000 4
 262  262     -0.024      0.269      0.000 4
 263  264     -0.020      0.479      0.000 4
 266   -2     -0.006      0.050      0.000 4
 270  271      0.009      0.725      0.000 4
 265   -2      0.010      0.831      0.000 4
 271  272      0.018      0.484      0.000 4
 272  273      0.024      0.286      0.000 4
  -1  274      0.029     -0.039      0.000 4
 275   -2      0.029     -0.995      0.000 4
 268  276      0.037     -1.060      0.000 4
 276  277      0.053      0.546      0.000 4
 277  278      0.060      0.761      0.000 4
 279  280      0.065     -0.926      0.000 4
 278  285      0.066      0.047      0.000 4
 264   -2      0.067      0.664      0.000 4
 280  281      0.071     -0.770      0.000 4
 282  282      0.077      0.136      0.000 4
  -1  283      0.083      0.787      0.000 4
 283   -2      0.091      0.101      0.000 4
  -1  286      0.091     -0.026      0.000 4
 285  289      0.104      1.043      0.000 4
 287  290      0.137      0.815      0.000 4
  -1  291      0.138     -0.952      0.000 4
 289  292      0.142      0.711      0.000 4
 288   -2      0.143     -1.041      0.000 4
 290  293      0.143     -0.379      0.000 4
 291   -2      0.153      0.568      0.000 4
 292  295      0.155     -1.082      0.000 4
 293  297      0.165      0.888      0.000 4
 294  299      0.180      0.309      0.000 4
 295  300      0.187     -0.567      0.000 4
 296  301      0.192     -1.047      0.000 4
 298  302      0.200     -0.360      0.000 4
  -1  294      0.207      0.611      0.000 4
 299  303      0.209     -1.157      0.000 4
 302  306      0.211     -1.082      0.000 4
 300  305      0.215     -0.864      0.000 4
 301  304      0.216      1.094      0.000 4
 303  313      0.218      0.817      0.000 4
 305  308      0.220     -1.003      0.000 4
 304  307      0.221      0.037      0.000 4
 306  309      0.229     -0.739      0.000 4
 307  310      0.229      0.468      0.000 4
 308  311      0.246     -0.109      0.000 4
 309   -2      0.250     -1.036      0.000 4
 310   -2      0.262     -0.763      0.000 4
 311  312      0.271     -0.293      0.000 4
 313   -2      0.277      0.817      0.000 4
 314  314      0.287      1.028      0.000 4
 315  315      0.294      0.955      0.000 4
 316  316      0.298      0.211      0.000 4
  -1  317      0.299      0.610      0.000 4
  -1  318      0.303     -1.173      0.000 4
 342   -2      0.332      0.491      0.000 4
 320  322      0.333     -0.258      0.000 4
 321  323      0.340     -0.295      0.000 4
  -1  324      0.342     -0.151      0.000 4
 322  325      0.347      0.056      0.000 4
 324  326      0.353      0.872      0.000 4
 325  336      0.355      1.162      0.000 4
 326  327      0.361     -1.053      0.000 4
 329  328      0.367     -1.132      0.000 4
  -1   -2      0.377      0.919      0.000 4
 328  329      0.382     -0.330      0.000 4
 318  341      0.383     -1.171      0.000 4
  -1   -2      0.388     -1.106      0.000 4
 332  333      0.390     -0.688      0.000 4
  -1  334      0.402      0.977      0.000 4
  -1  332      0.403     -1.139      0.000 4
 333   -2      0.414      0.054      0.000 4
 334  335      0.418     -0.997      0.000 4
 335  337      0.422     -0.335      0.000 4
  -1   -2      0.424      1.156      0.000 4
  -1  338      0.429     -0.382      0.000 4
 330  351      0.431     -1.152      0.000 4
  -1  340      0.431     -0.773      0.000 4
  -1  353      0.432     -0.097      0.000 4
 339  339      0.433      0.252      0.000 4
 340  342      0.445      0.146      0.000 4
 341  343      0.449     -0.569      0.000 4
 343  345      0.457      1.078      0.000 4
 336   -2      0.468     -0.690      0.000 4
 323   -2      0.473     -0.509      0.000 4
  -1   -2      0.482      0.598      0.000 4
 346  348      0.482      0.007      0.000 4
 344   -2      0.490     -1.150      0.000 4
 348  352      0.496     -0.362      0.000 4
 350   -2      0.509      0.579      0.000 4
 351  354      0.510     -0.699      0.000 4
  -1  355      0.518      0.527      0.000 4
 352  356      0.519      0.628      0.000 4
 353  367      0.521      0.475      0.000 4
 354   -2      0.524      0.184      0.000 4
 356  359      0.530     -0.542      0.000 4
 355  360      0.533      1.171      0.000 4
 357  357      0.535      0.270      0.000 4
 358  361      0.541     -0.021      0.000 4
 360  362      0.544      0.780      0.000 4
 359  363      0.544     -0.808      0.000 4
  -1   -2      0.554      0.362      0.000 4
 365  364      0.560      0.592      0.000 4
 349   -2      0.561     -0.837      0.000 4
 363  365      0.562      0.659      0.000 4
 364  366      0.569     -0.872      0.000 4
 366  368      0.586     -0.505      0.000 4
  -1   -2      0.593     -1.141      0.000 4
 367   -2      0.594     -0.306      0.000 4
  -1  369      0.599     -1.170      0.000 4
 369  372      0.609     -0.912      0.000 4
 370  373      0.615      0.915      0.000 4
 371  374      0.616      1.164      0.000 4
 372  375      0.619      0.791      0.000 4
  -1  377      0.627     -1.067      0.000 4
  -1   -2      0.628     -0.602      0.000 4
 374  376      0.629     -0.676      0.000 4
 383   -2      0.634     -0.034      0.000 4
 375  379      0.649     -0.769      0.000 4
 376   -2      0.651     -0.573      0.000 4
  -1  381      0.652     -0.226      0.000 4
 378  380      0.656      0.434      0.000 4
 379  383      0.658     -0.620      0.000 4
 380  382      0.660      0.466      0.000 4
 381  384      0.663      0.708      0.000 4
 384  385      0.683     -0.973      0.000 4
 385  389      0.690     -0.369      0.000 4
  -1   -2      0.702     -0.411      0.000 4
 394   -2      0.705     -1.170      0.000 4
 388  396      0.706     -1.046      0.000 4
 389   -2      0.707     -0.449      0.000 4
  -1  393      0.710     -0.144      0.000 4
 386  387      0.710      0.830      0.000 4
 390  390      0.711      0.751      0.000 4
 391  392      0.719     -0.810      0.000 4
 392  391      0.720      0.422      0.000 4
  -1   -2      0.722     -0.941      0.000 4
 382  395      0.726      1.074      0.000 4
 377   -2      0.726     -0.238      0.000 4
 395   -2      0.731     -1.034      0.000 4
  -1   -2      0.734     -0.171      0.000 4
 396  398      0.746     -0.653      0.000 4
 397  399      0.748     -0.845      0.000 4
 399  400      0.756      0.976      0.000 4
 400  401      0.760     -1.079      0.000 4
 401  402      0.774     -0.348      0.000 4
 403   -2      0.780      1.074      0.000 4
  -1  404      0.781     -0.989      0.000 4
 405  403      0.785     -1.037      0.000 4
 407  405      0.791      0.921      0.000 4
 408  406      0.797     -0.610      0.000 4
 409   -2      0.803      0.607      0.000 4
 406   -2      0.803     -0.993      0.000 4
 410  407      0.808     -0.789      0.000 4
 411  408      0.811      0.221      0.000 4
 412  409      0.823      0.257      0.000 4
  -1   -2      0.825      0.967      0.000 4
 413  411      0.835     -1.114      0.000 4
 414  413      0.845     -1.054      0.000 4
  -1   -2      0.856      0.833      0.000 4
 416  414      0.861      0.570      0.000 4
 420  416      0.864      0.343      0.000 4
 417  418      0.866      1.143      0.000 4
 421  417      0.867      0.298      0.000 4
 419  419      0.867     -0.780      0.000 4
  -1  422      0.889     -1.158      0.000 4
 422  423      0.895      0.822      0.000 4
 423   -2      0.899     -1.006      0.000 4
 424  425      0.911     -0.049      0.000 4
  -1  426      0.914     -0.655      0.000 4
 425  427      0.922      1.005      0.000 4
 427  429      0.934      1.107      0.000 4
 429  428      0.934      0.074      0.000 4
 428  431      0.934     -0.806      0.000 4
 431  432      0.946     -0.268      0.000 4
 432  433      0.950     -0.458      0.000 4
 433  434      0.961     -0.161      0.000 4
 434  435      0.963     -0.548      0.000 4
 435  437      0.966     -1.134      0.000 4
 436  436      0.969      0.702      0.000 4
 437  440      0.972      0.140      0.000 4
 438  438      0.975      0.649      0.000 4
 439  439      0.978      0.601      0.000 4
 440  441      0.992      0.268      0.000 4
 441  442      0.993      0.385      0.000 4
 444  445      1.018     -0.238      0.000 4
 445   -2      1.031     -0.268      0.000 4
 446  447      1.031      0.205      0.000 4
 448  450      1.053     -0.618      0.000 4
 449  451      1.054     -0.997      0.000 4
  -1   -2      1.058      0.175      0.000 4
 450  453      1.059      0.490      0.000 4
 452  456      1.077      0.424      0.000 4
 453  448      1.077     -0.265      0.000 4
 456  459      1.093     -0.358      0.000 4
 457  460      1.095     -0.059      0.000 4
 458  462      1.112     -1.023      0.000 4
 459  463      1.115      1.017      0.000 4
 460  464      1.117      0.943      0.000 4
 462  465      1.118      0.640      0.000 4
 461  466      1.120     -0.692      0.000 4
  -1   -2      1.126     -0.129      0.000 4
 463  467      1.130      0.811      0.000 4
 466  468      1.141     -0.031      0.000 4
 477   -2      1.144     -1.138      0.000 4
 467  472      1.155      1.017      0.000 4
 468  473      1.158     -0.919      0.000 4
 469  474      1.159     -0.833      0.000 4
 472  477      1.181      0.239      0.000 4
 474  479      1.188     -0.604      0.000 4
 479  478      1.188      0.071      0.000 4
  -1   -2      1.191      0.175      0.000 4
 475   -2      1.193      1.070      0.000 4
  -1   -2      1.197     -0.745      0.000 4
 476   -2      1.198     -0.847      0.000 4
 464   -2      1.219     -1.057      0.000 4
 478  480      1.225      0.963      0.000 4
  -1  481      1.237     -0.990      0.000 4
 480  482      1.254     -0.559      0.000 4
  -1  483      1.261     -0.424      0.000 4
 484  486      1.281      1.013      0.000 4
 485  469      1.291      0.666      0.000 4
  -1  487      1.303     -0.578      0.000 4
 490  489      1.308     -1.047      0.000 4
 487   -2      1.309     -1.165      0.000 4
 489  488      1.315      0.273      0.000 4
 488  510      1.330      0.577      0.000 4
  -1  492      1.332     -0.557      0.000 4
 493  493      1.343     -0.644      0.000 4
 495  494      1.346      0.401      0.000 4
 494  499      1.352     -0.069      0.000 4
 491   -2      1.369     -0.535      0.000 4
 497  496      1.386     -1.083      0.000 4
  -1  495      1.387     -1.029      0.000 4
 498  498      1.392     -1.171      0.000 4
  -1  512      1.395      0.779      0.000 4
 500  500      1.401      0.449      0.000 4
 501  501      1.405      1.141      0.000 4
 507   -2      1.434     -0.415      0.000 4
 503  504      1.436     -0.309      0.000 4
 504  505      1.437     -0.549      0.000 4
 505  506      1.437      0.162      0.000 4
 509  509      1.444     -0.282      0.000 4
  -1  511      1.449     -1.175      0.000 4
 510   -2      1.456     -1.150      0.000 4
  -1   -2      1.476      0.666      0.000 4
 512  513      1.481      0.238      0.000 4
 514  514      1.486      0.558      0.000 4
 515  515      1.490     -0.852      0.000 4
 516   -2      1.502     -0.821      0.000 4
 517   -2      1.516      0.639      0.000 4
  -1  517      1.520      1.090      0.000 4
 518  518      1.526      0.891      0.000 4
 519   -2      1.529      0.029      0.000 4
  -1   -2      1.533     -0.955      0.000 4
 520  520      1.535     -0.334      0.000 4
 522  519      1.536      0.284      0.000 4
 526  522      1.536     -0.266      0.000 4
 523  523      1.540     -0.092      0.000 4
  -1  521      1.546     -1.156      0.000 4
 525  526      1.559     -1.029      0.000 4
 527  524      1.559     -0.720      0.000 4
 528  527      1.565      1.165      0.000 4
 529  528      1.569      0.051      0.000 4
 531  529      1.574      0.470      0.000 4
 530  530      1.574     -0.929      0.000 4
