519
   0    0     -1.573      0.395      0.000 4
   3    1     -1.561      0.830      0.000 4
   5    2     -1.556     -0.018      0.000 4
   6    3     -1.548      0.253      0.000 4
   4   -2     -1.548     -0.054      0.000 4
   9    5     -1.543     -1.038      0.000 4
  13    7     -1.525     -1.015      0.000 4
   1   19     -1.520     -1.140      0.000 4
  15    9     -1.497      0.215      0.000 4
  17   11     -1.481      0.508      0.000 4
  18   12     -1.479      0.270      0.000 4
  19   13     -1.476      0.635      0.000 4
  22   18     -1.474     -1.168      0.000 4
   8   25     -1.472     -0.271      0.000 4
  21   15     -1.468      0.396      0.000 4
  23   16     -1.465      0.985      0.000 4
  24   17     -1.464     -0.949      0.000 4
  -1   -2     -1.451     -1.064      0.000 4
  25   20     -1.448      0.153      0.000 4
  -1   -2     -1.444      0.553      0.000 4
  26   21     -1.443     -0.583      0.000 4
  28   -2     -1.416     -0.328      0.000 4
  29   26     -1.408      0.331      0.000 4
  30   28     -1.392      0.736      0.000 4
  34   29     -1.380     -0.366      0.000 4
  35   30     -1.373      0.278      0.000 4
  37   32     -1.368      1.090      0.000 4
  39   34     -1.362     -0.870      0.000 4
  36   39     -1.360      0.612      0.000 4
  56   24     -1.359     -0.199      0.000 4
  38   37     -1.359      0.067      0.000 4
  40   35     -1.359     -0.706      0.000 4
  42   36     -1.357     -1.013      0.000 4
  41   -2     -1.350     -0.511      0.000 4
  44   -2     -1.343      0.031      0.000 4
  47   40     -1.332     -1.114      0.000 4
  45   41     -1.331      1.004      0.000 4
  -1   -2     -1.331     -0.976      0.000 4
  -1   -2     -1.328      0.535      0.000 4
  49   43     -1.319      0.904      0.000 4
  51   46     -1.304     -0.002      0.000 4
  52   45     -1.303     -0.794      0.000 4
  54   47     -1.288     -0.822      0.000 4
  53   48     -1.287      0.167      0.000 4
  -1   38     -1.278     -0.210      0.000 4
  55   49     -1.278     -0.966      0.000 4
  57   50     -1.275     -0.320      0.000 4
  -1   44     -1.272      0.748      0.000 4
  61   53     -1.268     -1.166      0.000 4
  46   51     -1.266      0.537      0.000 4
  50   -2     -1.264      0.638      0.000 4
  60   54     -1.254     -0.607      0.000 4
  63   56     -1.240      0.975      0.000 4
  64   59     -1.236     -0.511      0.000 4
  65   58     -1.234     -0.813      0.000 4
  62   -2     -1.216      0.496      0.000 4
  66   60     -1.213     -1.104      0.000 4
  -1   61     -1.194     -1.070      0.000 4
  67   62     -1.193      0.813      0.000 4
  68   63     -1.190     -0.625      0.000 4
  -1   71     -1.185      0.599      0.000 4
  -1   65     -1.178     -0.119      0.000 4
  70   66     -1.168     -0.850      0.000 4
  -1   67     -1.165     -0.815      0.000 4
  72   -2     -1.161      1.022      0.000 4
  73   69     -1.158      0.709      0.000 4
  74   68     -1.152      0.983      0.000 4
  76   70     -1.151     -0.989      0.000 4
  78   -2     -1.137      0.619      0.000 4
  -1   -2     -1.129     -0.747      0.000 4
  80   73     -1.115      1.024      0.000 4
  81   72     -1.114     -1.044      0.000 4
  79   74     -1.114     -0.340      0.000 4
  82   -2     -1.113     -1.009      0.000 4
  83   75     -1.100      0.393      0.000 4
  84   76     -1.087      0.641      0.000 4
  -1   -2     -1.082      0.424      0.000 4
  -1   77     -1.075      0.061      0.000 4
  85   78     -1.067     -0.366      0.000 4
  86   80     -1.062     -0.103      0.000 4
  -1   81     -1.045     -1.173      0.000 4
  89   82     -1.045      0.791      0.000 4
  90   84     -1.041     -0.278      0.000 4
  91   83     -1.039     -1.046      0.000 4
  93   85     -1.033     -0.719      0.000 4
  92   86     -1.032      0.392      0.000 4
  94   87     -1.018     -0.850      0.000 4
  95   88     -1.014      0.471      0.000 4
  97   89     -1.006     -0.778      0.000 4
  98   91     -0.995     -0.158      0.000 4
  99   90     -0.994      1.017      0.000 4
  -1   -2     -0.986     -0.655      0.000 4
 101   94     -0.985      0.903      0.000 4
  96  102     -0.983     -1.102      0.000 4
 100   96     -0.982      0.385      0.000 4
 103   98     -0.974      0.189      0.000 4
 104   99     -0.972     -0.428      0.000 4
 105  100     -0.969     -0.217      0.000 4
 107  101     -0.964     -0.178      0.000 4
  -1   -2     -0.958     -0.995      0.000 4
  -1  104     -0.946      0.619      0.000 4
 110   -2     -0.945      0.775      0.000 4
 111  103     -0.943     -0.930      0.000 4
 109  105     -0.941      0.335      0.000 4
 113  108     -0.914     -0.763      0.000 4
 112  106     -0.910      1.081      0.000 4
 115  109     -0.892     -1.086      0.000 4
 116  111     -0.887      0.568      0.000 4
 117  110     -0.886      0.898      0.000 4
  -1   -2     -0.880      0.747      0.000 4
 118  112     -0.877      0.304      0.000 4
 119  114     -0.862     -0.091      0.000 4
 120  115     -0.857     -0.739      0.000 4
  -1  107     -0.848      0.467      0.000 4
 121  116     -0.845      0.692      0.000 4
 123  117     -0.842     -0.610      0.000 4
  -1  118     -0.838     -0.937      0.000 4
 124  119     -0.837     -0.690      0.000 4
 126  121     -0.822      1.089      0.000 4
 127  124     -0.820     -0.443      0.000 4
 128  122     -0.819      1.044      0.000 4
 131  123     -0.816     -1.096      0.000 4
 130  125     -0.809     -0.137      0.000 4
 132  126     -0.802     -0.216      0.000 4
  -1  127     -0.798     -0.490      0.000 4
 125  120     -0.792     -1.165      0.000 4
 129  130     -0.785     -0.050      0.000 4
 136  128     -0.784      0.994      0.000 4
 137  129     -0.779     -0.799      0.000 4
 140  132     -0.777      0.817      0.000 4
 139  133     -0.776     -0.013      0.000 4
  -1  131     -0.775      1.171      0.000 4
  -1  137     -0.773      0.241      0.000 4
 141  134     -0.770     -0.754      0.000 4
 134   -2     -0.767      0.324      0.000 4
 142  136     -0.764      0.888      0.000 4
 143   -2     -0.758      0.258      0.000 4
 138  135     -0.753      0.397      0.000 4
 153   -2     -0.752     -0.234      0.000 4
 145  139     -0.750     -0.926      0.000 4
 148  142     -0.740     -0.965      0.000 4
 149  141     -0.739     -1.010      0.000 4
 147   -2     -0.738     -0.574      0.000 4
 150  143     -0.730     -0.451      0.000 4
 151  144     -0.723     -0.059      0.000 4
 152  145     -0.720      0.985      0.000 4
  -1   -2     -0.714      0.384      0.000 4
 154  148     -0.707      0.034      0.000 4
  -1  147     -0.687      1.134      0.000 4
 158  151     -0.680      1.069      0.000 4
 157  154     -0.676     -0.155      0.000 4
 156  155     -0.676      0.139      0.000 4
 159  165     -0.676      0.887      0.000 4
 160  153     -0.674      1.014      0.000 4
 161  159     -0.671     -1.122      0.000 4
 162  157     -0.669     -0.693      0.000 4
 164  158     -0.667     -0.563      0.000 4
 165   -2     -0.652     -1.080      0.000 4
 166  149     -0.646      0.735      0.000 4
 168   -2     -0.646      1.155      0.000 4
 176   -2     -0.643     -0.109      0.000 4
 170  162     -0.634     -1.119      0.000 4
 171  164     -0.630     -1.009      0.000 4
 172   -2     -0.622      0.068      0.000 4
 173  160     -0.617      1.088      0.000 4
 174   -2     -0.611     -0.775      0.000 4
  -1   -2     -0.610      0.215      0.000 4
 175  166     -0.595     -0.316      0.000 4
 177   -2     -0.591      0.901      0.000 4
  -1  169     -0.575     -0.442      0.000 4
 179   -2     -0.571     -0.785      0.000 4
 180  170     -0.570     -0.945      0.000 4
 178  171     -0.570     -0.523      0.000 4
 181  172     -0.562     -0.288      0.000 4
 183  173     -0.553      1.070      0.000 4
 184  174     -0.551     -0.989      0.000 4
  -1  175     -0.542     -1.089      0.000 4
 186  176     -0.534      0.042      0.000 4
  -1   -2     -0.522      0.353      0.000 4
 187  179     -0.519     -0.527      0.000 4
 189   -2     -0.503      0.554      0.000 4
 188  181     -0.503     -0.246      0.000 4
 191  180     -0.502      0.690      0.000 4
 190  182     -0.502      0.490      0.000 4
  -1   -2     -0.501      0.273      0.000 4
 192  178     -0.483     -1.168      0.000 4
 193  184     -0.475      0.992      0.000 4
 194  185     -0.463     -0.695      0.000 4
 195  186     -0.455      0.077      0.000 4
 196  187     -0.453      0.189      0.000 4
 197  189     -0.439     -0.969      0.000 4
  -1  190     -0.435     -1.073      0.000 4
 198  191     -0.434     -0.057      0.000 4
 199  192     -0.419     -0.135      0.000 4
 200  193     -0.417     -0.862      0.000 4
  -1   -2     -0.415     -1.121      0.000 4
 201  194     -0.415     -0.301      0.000 4
 202  197     -0.398      0.459      0.000 4
  -1   -2     -0.395     -1.168      0.000 4
 203  198     -0.386      0.773      0.000 4
 204  200     -0.379     -0.535      0.000 4
 205  199     -0.377     -0.984      0.000 4
 206  201     -0.375     -0.625      0.000 4
 208  202     -0.367      1.090      0.000 4
 209  203     -0.365      0.533      0.000 4
 207   -2     -0.365      0.655      0.000 4
  -1  204     -0.362     -1.132      0.000 4
 214  205     -0.360     -0.693      0.000 4
  -1  206     -0.360     -1.097      0.000 4
 210  208     -0.359      0.330      0.000 4
 212   -2     -0.355     -1.074      0.000 4
 213  210     -0.352      0.750      0.000 4
 211  207     -0.352     -0.197      0.000 4
 216  209     -0.351      1.019      0.000 4
 220   -2     -0.351     -0.405      0.000 4
 223  195     -0.349     -1.167      0.000 4
 217  211     -0.339     -0.307      0.000 4
 218  214     -0.331     -0.270      0.000 4
 219  212     -0.331      0.902      0.000 4
 229   -2     -0.321      1.007      0.000 4
  -1   -2     -0.308     -0.446      0.000 4
  -1  229     -0.302      0.472      0.000 4
 231   -2     -0.302     -0.960      0.000 4
 222  216     -0.299     -0.602      0.000 4
 224  217     -0.291     -1.013      0.000 4
 225  219     -0.284      0.826      0.000 4
 226  221     -0.277      0.555      0.000 4
  -1  220     -0.270     -1.172      0.000 4
 227  223     -0.268      0.317      0.000 4
 228  222     -0.266     -1.100      0.000 4
  -1  225     -0.250      0.289      0.000 4
 230  227     -0.239     -0.210      0.000 4
 232   -2     -0.229      0.430      0.000 4
 233  230     -0.228     -0.709      0.000 4
 234  232     -0.221     -0.426      0.000 4
 236  224     -0.210      1.103      0.000 4
 239  233     -0.188      0.739      0.000 4
  -1   -2     -0.185      0.323      0.000 4
  -1  236     -0.169      0.002      0.000 4
 242   -2     -0.164      0.394      0.000 4
  -1  238     -0.143     -1.116      0.000 4
  -1  242     -0.142     -0.637      0.000 4
 237   -2     -0.142      0.067      0.000 4
 246   -2     -0.138     -0.281      0.000 4
  -1   -2     -0.135      0.015      0.000 4
 248  241     -0.132     -1.058      0.000 4
 249   -2     -0.125     -0.691      0.000 4
 250  245     -0.112     -1.169      0.000 4
 251  243     -0.107     -0.206      0.000 4
 252  244     -0.105      0.504      0.000 4
 253  247     -0.097      0.647      0.000 4
 254   -2     -0.088      1.175      0.000 4
 255  248     -0.085     -0.098      0.000 4
 256  249     -0.083     -1.129      0.000 4
 257  250     -0.078      0.338      0.000 4
  -1   -2     -0.077     -0.689      0.000 4
 258   -2     -0.058      0.230      0.000 4
 259  251     -0.057     -0.664      0.000 4
 260  253     -0.054     -0.179      0.000 4
 267   -2     -0.052      0.518      0.000 4
  -1   -2     -0.050      0.681      0.000 4
 263  256     -0.041     -0.356      0.000 4
 264  257     -0.040      0.361      0.000 4
 265  258     -0.038      0.614      0.000 4
 266  261     -0.024      0.777      0.000 4
  -1  263     -0.019      0.897      0.000 4
 268  259     -0.015     -0.021      0.000 4
 277  252      0.000      0.115      0.000 4
 272  262      0.011      1.017      0.000 4
 273   -2      0.013      0.592      0.000 4
  -1   -2      0.018      0.896      0.000 4
 275  267      0.034      0.382      0.000 4
  -1  269      0.040      0.031      0.000 4
  -1  270      0.046     -0.950      0.000 4
  -1  268      0.050      0.600      0.000 4
 279  272      0.056      0.345      0.000 4
 281  271      0.058     -1.124      0.000 4
 280  273      0.059      0.940      0.000 4
 288   -2      0.060     -1.166      0.000 4
 282  275      0.067      0.681      0.000 4
  -1  277      0.078     -0.960      0.000 4
 284  276      0.081     -0.225      0.000 4
 283   -2      0.085     -1.011      0.000 4
 296  282      0.100      0.147      0.000 4
 291  281      0.108      0.467      0.000 4
 290   -2      0.112      0.101      0.000 4
 293  284      0.133      0.885      0.000 4
 294   -2      0.137     -0.952      0.000 4
 295  285      0.144     -0.624      0.000 4
 297  287      0.148      1.084      0.000 4
 299  290      0.151     -0.511      0.000 4
 305  279      0.169     -1.133      0.000 4
  -1   -2      0.171     -0.108      0.000 4
  -1  300      0.173     -0.997      0.000 4
 303  291      0.173      0.373      0.000 4
 304  292      0.187     -0.727      0.000 4
 307  294      0.198      1.002      0.000 4
  -1  295      0.200     -0.486      0.000 4
 308  297      0.207      0.579      0.000 4
 298  315      0.211      0.018      0.000 4
 306   -2      0.212      1.084      0.000 4
 310  299      0.214     -1.048      0.000 4
 311  301      0.220     -0.327      0.000 4
  -1   -2      0.224     -1.000      0.000 4
  -1   -2      0.225     -0.593      0.000 4
 313  302      0.227     -0.917      0.000 4
 314  303      0.235     -0.170      0.000 4
 315  304      0.245      1.001      0.000 4
  -1  305      0.249      0.128      0.000 4
 317  306      0.257     -0.398      0.000 4
  -1   -2      0.257     -0.936      0.000 4
  -1  308      0.262     -0.365      0.000 4
  -1  307      0.263      0.761      0.000 4
 318  309      0.267      0.247      0.000 4
 319  310      0.268      1.149      0.000 4
 320  311      0.277      0.163      0.000 4
  -1  313      0.291      0.605      0.000 4
 325  314      0.305     -1.174      0.000 4
 323   -2      0.305      0.929      0.000 4
 322   -2      0.307      0.046      0.000 4
 326  317      0.312     -0.413      0.000 4
 328  318      0.318      1.054      0.000 4
 312   -2      0.327     -0.626      0.000 4
 330  319      0.346      1.101      0.000 4
 331  320      0.349     -0.432      0.000 4
 334  321      0.364      0.242      0.000 4
 336  322      0.369      0.299      0.000 4
 337  323      0.372      1.158      0.000 4
 335  324      0.372     -0.838      0.000 4
 338  325      0.382      0.168      0.000 4
 339  326      0.383     -0.434      0.000 4
 340   -2      0.388     -1.005      0.000 4
  -1   -2      0.391     -1.087      0.000 4
 341  330      0.413     -0.008      0.000 4
 342  334      0.418     -0.916      0.000 4
 343  332      0.418     -0.694      0.000 4
 332  346      0.420      0.729      0.000 4
 345  335      0.425     -1.146      0.000 4
 346  336      0.438     -0.629      0.000 4
 347  337      0.441      0.579      0.000 4
 348   -2      0.445     -0.824      0.000 4
  -1  338      0.446      0.215      0.000 4
 352  341      0.448      0.327      0.000 4
 351  340      0.448      0.764      0.000 4
 350  339      0.449     -0.452      0.000 4
 355  342      0.465     -0.038      0.000 4
 356  333      0.465      0.700      0.000 4
 357  343      0.482      0.930      0.000 4
  -1   -2      0.484      0.444      0.000 4
 360  345      0.485     -0.819      0.000 4
 365  344      0.486     -1.139      0.000 4
 362   -2      0.488      0.790      0.000 4
 354  351      0.489     -0.650      0.000 4
 364  348      0.492     -0.979      0.000 4
  -1   -2      0.500      0.329      0.000 4
 366  350      0.532      0.871      0.000 4
 368   -2      0.535     -0.593      0.000 4
 361  353      0.536     -0.932      0.000 4
 369  352      0.541     -0.047      0.000 4
 371  354      0.553      0.522      0.000 4
 370  356      0.553      0.935      0.000 4
 373  357      0.557      0.564      0.000 4
  -1   -2      0.559      0.331      0.000 4
 372   -2      0.559     -0.978      0.000 4
 374  358      0.566      1.066      0.000 4
 379   -2      0.579      0.838      0.000 4
 376  360      0.586      0.341      0.000 4
 367   -2      0.592     -0.909      0.000 4
 378  361      0.594     -0.761      0.000 4
 382  362      0.604      0.506      0.000 4
 380   -2      0.606     -1.015      0.000 4
 381  365      0.608     -0.652      0.000 4
  -1   -2      0.618     -0.695      0.000 4
 384  366      0.625     -0.853      0.000 4
 385  367      0.631      0.880      0.000 4
 386  368      0.632      0.965      0.000 4
 383  370      0.636     -1.161      0.000 4
 387  369      0.639     -0.486      0.000 4
 390  371      0.683      0.265      0.000 4
 389  373      0.684     -1.041      0.000 4
 392  374      0.692     -0.384      0.000 4
 402  363      0.698     -0.871      0.000 4
 395   -2      0.705     -0.708      0.000 4
 396  376      0.711      1.102      0.000 4
 406  379      0.726      1.040      0.000 4
 400  377      0.728      0.402      0.000 4
 399  378      0.728      0.350      0.000 4
  -1  375      0.734     -0.895      0.000 4
 391  393      0.735     -1.138      0.000 4
 403  380      0.741      0.658      0.000 4
 404  382      0.746     -0.648      0.000 4
 407  385      0.776      0.939      0.000 4
 409  388      0.784     -1.031      0.000 4
 410  387      0.786     -0.038      0.000 4
 412  389      0.794      0.098      0.000 4
 413   -2      0.810     -1.134      0.000 4
 415  391      0.812      0.916      0.000 4
 416  392      0.813     -0.547      0.000 4
 417  394      0.823     -0.879      0.000 4
 418  395      0.826      0.171      0.000 4
 419  397      0.837     -0.797      0.000 4
 421  398      0.840     -0.154      0.000 4
 411   -2      0.840     -0.264      0.000 4
  -1   -2      0.843      0.920      0.000 4
 424  400      0.843      0.437      0.000 4
 426  401      0.848      0.668      0.000 4
 422  402      0.852     -1.070      0.000 4
  -1   -2      0.856     -0.199      0.000 4
 427  403      0.857      0.722      0.000 4
 440   -2      0.860      0.782      0.000 4
 425  405      0.861      0.300      0.000 4
 430  406      0.868     -0.285      0.000 4
 431  407      0.871     -0.455      0.000 4
 432  408      0.875      1.083      0.000 4
 433  409      0.880      0.241      0.000 4
 446   -2      0.887     -1.080      0.000 4
  -1  410      0.889      0.390      0.000 4
 435  414      0.898     -0.874      0.000 4
 438  412      0.899     -0.543      0.000 4
  -1  429      0.899     -0.049      0.000 4
 436   -2      0.900     -1.135      0.000 4
 439  415      0.901     -1.005      0.000 4
 441  417      0.907     -0.800      0.000 4
 442  418      0.913      0.537      0.000 4
 443  420      0.920     -0.250      0.000 4
 451   -2      0.923     -0.152      0.000 4
 445  421      0.923      0.463      0.000 4
  -1  422      0.927      0.030      0.000 4
 444  423      0.931     -1.001      0.000 4
 447  424      0.937     -0.865      0.000 4
 448  426      0.938     -0.700      0.000 4
 454   -2      0.962     -0.034      0.000 4
  -1  430      0.968     -0.236      0.000 4
 452  433      0.982     -1.117      0.000 4
 453   -2      0.984      0.685      0.000 4
 455  434      0.998     -0.587      0.000 4
 456  435      1.001     -0.000      0.000 4
 457  436      1.019      0.724      0.000 4
 458  432      1.027      0.597      0.000 4
 459  438      1.029      0.842      0.000 4
 468   -2      1.030      0.259      0.000 4
 461  439      1.037      0.104      0.000 4
  -1  440      1.045     -0.689      0.000 4
 462  441      1.050      0.977      0.000 4
  -1  447      1.051     -1.038      0.000 4
  -1  437      1.056      0.204      0.000 4
 464  444      1.067     -1.172      0.000 4
 463   -2      1.070     -1.149      0.000 4
 465  443      1.077     -0.637      0.000 4
  -1   -2      1.103      0.717      0.000 4
 466  445      1.105      1.032      0.000 4
 467  446      1.110     -0.957      0.000 4
  -1   -2      1.123     -0.999      0.000 4
 469  449      1.132     -0.533      0.000 4
 470  451      1.136     -0.759      0.000 4
 471  452      1.146     -0.844      0.000 4
  -1   -2      1.147     -0.234      0.000 4
 473   -2      1.148      0.879      0.000 4
 474  453      1.160     -1.060      0.000 4
 475  455      1.161      0.553      0.000 4
  -1  454      1.163      1.027      0.000 4
 476  458      1.177     -0.351      0.000 4
 477  459      1.192     -1.150      0.000 4
 479  460      1.194     -0.475      0.000 4
 480  461      1.205      0.391      0.000 4
  -1  474      1.208      0.019      0.000 4
 482  463      1.223      0.989      0.000 4
  -1  464      1.227     -0.288      0.000 4
 483   -2      1.232     -1.085      0.000 4
 484  465      1.248     -0.478      0.000 4
 486   -2      1.256      0.923      0.000 4
 487  467      1.275     -0.450      0.000 4
 489  466      1.289      0.723      0.000 4
 490  469      1.298     -0.529      0.000 4
 491  471      1.320      0.173      0.000 4
  -1   -2      1.326      0.104      0.000 4
  -1   -2      1.341     -0.676      0.000 4
 492  472      1.342     -1.033      0.000 4
 488  489      1.358     -1.168      0.000 4
 515   -2      1.361     -0.206      0.000 4
 494  476      1.362      1.072      0.000 4
 496  475      1.364      0.502      0.000 4
 495  478      1.365     -0.890      0.000 4
 497  477      1.365      0.237      0.000 4
 498  479      1.368     -0.306      0.000 4
 499  480      1.384     -0.946      0.000 4
 500  481      1.386     -0.423      0.000 4
 501   -2      1.386     -0.361      0.000 4
 502  484      1.402      0.568      0.000 4
 504  485      1.407     -0.894      0.000 4
 505  483      1.415     -0.331      0.000 4
 506  486      1.431      0.267      0.000 4
 507  487      1.436      0.792      0.000 4
  -1  490      1.449     -1.045      0.000 4
 509   -2      1.449     -1.005      0.000 4
 510  492      1.459     -1.119      0.000 4
 511  491      1.462      0.984      0.000 4
 512  493      1.468     -0.034      0.000 4
 513  494      1.469     -0.693      0.000 4
 514  497      1.473     -0.169      0.000 4
 516  495      1.473      0.412      0.000 4
  -1   -2      1.477     -0.216      0.000 4
 517  499      1.488      0.083      0.000 4
  -1  498      1.505     -0.188      0.000 4
 518  503      1.506     -1.018      0.000 4
  -1  501      1.506     -0.691      0.000 4
 519  502      1.508      0.675      0.000 4
 520  504      1.512      0.556      0.000 4
 521  505      1.516      1.170      0.000 4
 522  506      1.521      1.052      0.000 4
 523  507      1.527      0.365      0.000 4
 524  508      1.530     -1.157      0.000 4
  -1  500      1.530      0.034      0.000 4
 529  511      1.539      0.754      0.000 4
 528  512      1.545     -0.860      0.000 4
 527  513      1.545     -0.978      0.000 4
 530  515      1.555     -0.756      0.000 4
 531  514      1.555      1.094      0.000 4
 532  516      1.563      0.435      0.000 4
