535
   0    1     -1.572      0.524      0.000 4
  -1   10     -1.572     -1.175      0.000 4
   2    0     -1.571     -0.697      0.000 4
   4    2     -1.555     -1.002      0.000 4
   3    3     -1.554      0.376      0.000 4
   5    4     -1.551      0.796      0.000 4
   7    6     -1.539     -0.010      0.000 4
   9    8     -1.530     -0.046      0.000 4
  10    9     -1.527      0.242      0.000 4
  26   -2     -1.520     -0.703      0.000 4
  11   -2     -1.519     -0.196      0.000 4
  -1   -2     -1.491     -1.173      0.000 4
  -1   -2     -1.486      1.101      0.000 4
  13   14     -1.473      0.206      0.000 4
   6   29     -1.470     -1.110      0.000 4
  14   -2     -1.470      0.805      0.000 4
  17   12     -1.465     -0.917      0.000 4
  18   15     -1.461      0.951      0.000 4
  19   16     -1.458      0.607      0.000 4
  -1   18     -1.457      0.485      0.000 4
  15   17     -1.456      0.267      0.000 4
  21   19     -1.451     -0.252      0.000 4
  23   20     -1.444      0.378      0.000 4
  -1   -2     -1.434     -0.223      0.000 4
  24   21     -1.433     -0.554      0.000 4
  42   -2     -1.422      0.531      0.000 4
  25   22     -1.421      0.149      0.000 4
  27   -2     -1.401     -1.174      0.000 4
  28   27     -1.395     -0.310      0.000 4
  29   40     -1.381      0.272      0.000 4
  16   -2     -1.379     -1.117      0.000 4
  -1   30     -1.375      0.709      0.000 4
  30   31     -1.374      0.315      0.000 4
  33   33     -1.367      1.058      0.000 4
  34   32     -1.367     -0.984      0.000 4
  35   34     -1.366     -0.843      0.000 4
  36   35     -1.359     -0.347      0.000 4
  -1   25     -1.348     -1.171      0.000 4
  37   38     -1.348     -1.085      0.000 4
  38   39     -1.343      0.597      0.000 4
  39   -2     -1.340      0.267      0.000 4
  40   54     -1.328     -0.442      0.000 4
  -1   42     -1.326      0.066      0.000 4
  41   43     -1.323      1.027      0.000 4
  -1   44     -1.321      0.569      0.000 4
  43   45     -1.309      0.875      0.000 4
  -1   -2     -1.300      0.517      0.000 4
  45   47     -1.300      1.175      0.000 4
  46   48     -1.296     -0.781      0.000 4
  47   50     -1.283     -0.936      0.000 4
  48   52     -1.277      1.156      0.000 4
  -1   51     -1.276     -1.170      0.000 4
  50   -2     -1.272     -1.092      0.000 4
  49   53     -1.270      0.002      0.000 4
  51   55     -1.265      0.036      0.000 4
  52   -2     -1.265     -0.372      0.000 4
  53   56     -1.262     -0.655      0.000 4
  -1   57     -1.257      0.719      0.000 4
  54   58     -1.253      0.161      0.000 4
  55   59     -1.252     -0.309      0.000 4
  56   61     -1.243     -0.587      0.000 4
  -1   64     -1.237      0.522      0.000 4
  -1   62     -1.235      0.991      0.000 4
  57   65     -1.234      0.952      0.000 4
  58   66     -1.233     -0.792      0.000 4
  60   67     -1.218     -0.492      0.000 4
  -1   -2     -1.207     -0.735      0.000 4
  -1   69     -1.206     -1.042      0.000 4
  61   60     -1.204      0.369      0.000 4
  63   68     -1.204     -1.151      0.000 4
  71   63     -1.182      0.600      0.000 4
  65   71     -1.179     -0.605      0.000 4
  64   72     -1.178      0.794      0.000 4
  66   73     -1.170     -0.830      0.000 4
  67   74     -1.164     -0.795      0.000 4
  -1   -2     -1.159     -0.968      0.000 4
  68   -2     -1.158      0.996      0.000 4
  69   77     -1.143     -0.111      0.000 4
  -1   78     -1.136      0.695      0.000 4
  70   80     -1.125     -1.023      0.000 4
  -1   83     -1.113      0.608      0.000 4
  72   82     -1.112      1.009      0.000 4
  -1   -2     -1.105      0.952      0.000 4
  73   85     -1.087     -0.332      0.000 4
  74   84     -1.079     -1.170      0.000 4
  75   86     -1.064      0.387      0.000 4
  -1   87     -1.060      0.631      0.000 4
  78   -2     -1.050     -1.027      0.000 4
  77   90     -1.046      0.421      0.000 4
  79   91     -1.039     -0.359      0.000 4
  82   92     -1.026      0.780      0.000 4
  81   94     -1.025     -0.101      0.000 4
  83   93     -1.024     -0.707      0.000 4
  84   95     -1.018     -0.840      0.000 4
  85   98     -1.010     -0.273      0.000 4
  87   88     -0.999     -1.085      0.000 4
  88   99     -0.994      0.387      0.000 4
  90  100     -0.989      1.008      0.000 4
  91  101     -0.976      0.464      0.000 4
  92  102     -0.971      0.895      0.000 4
  89  103     -0.964     -0.984      0.000 4
  94  104     -0.960      0.567      0.000 4
  -1  105     -0.958     -0.156      0.000 4
  97  107     -0.948     -0.424      0.000 4
  -1  110     -0.948      0.782      0.000 4
  99  106     -0.947     -0.919      0.000 4
  98  108     -0.943      0.380      0.000 4
  -1   -2     -0.933     -1.167      0.000 4
 100  109     -0.932     -0.214      0.000 4
  96   -2     -0.927     -0.176      0.000 4
  -1   -2     -0.911     -0.117      0.000 4
 103  111     -0.908      1.073      0.000 4
 104   -2     -0.907     -1.076      0.000 4
 105  112     -0.905     -0.762      0.000 4
 106  114     -0.900      0.334      0.000 4
  -1  127     -0.888     -1.164      0.000 4
 107  116     -0.874      0.896      0.000 4
 108  126     -0.859     -0.989      0.000 4
 109  118     -0.855      0.566      0.000 4
 110  119     -0.845     -0.736      0.000 4
 111  120     -0.834      0.303      0.000 4
  -1  113     -0.828     -1.084      0.000 4
 113  122     -0.825     -0.611      0.000 4
 114  121     -0.824     -0.690      0.000 4
 112   -2     -0.823     -0.091      0.000 4
  -1  123     -0.822      1.088      0.000 4
 115  124     -0.822      0.694      0.000 4
 117  125     -0.816      1.044      0.000 4
  -1   -2     -0.803     -0.942      0.000 4
 118   -2     -0.801     -1.159      0.000 4
 119  128     -0.791     -0.445      0.000 4
 120  129     -0.781     -0.493      0.000 4
  -1   -2     -0.780      0.740      0.000 4
 121  131     -0.776      0.996      0.000 4
 122  133     -0.771     -0.035      0.000 4
 123  134     -0.771     -0.140      0.000 4
 124  132     -0.771      0.477      0.000 4
 125  135     -0.766     -0.221      0.000 4
 126  136     -0.761     -0.754      0.000 4
  -1   -2     -0.758      0.820      0.000 4
 127  137     -0.756     -0.931      0.000 4
  -1   -2     -0.753      0.387      0.000 4
 129  138     -0.750      0.892      0.000 4
 132  140     -0.744     -1.011      0.000 4
 133  141     -0.742     -0.967      0.000 4
 131  142     -0.739     -0.013      0.000 4
 130  143     -0.734     -0.068      0.000 4
 136  139     -0.721      0.319      0.000 4
 139  145     -0.717      0.258      0.000 4
 135  147     -0.716      0.398      0.000 4
 137  146     -0.713      0.990      0.000 4
  -1   -2     -0.712     -0.240      0.000 4
 138  149     -0.704     -0.458      0.000 4
 142  151     -0.681     -0.064      0.000 4
 140   -2     -0.681     -1.124      0.000 4
 116   -2     -0.677      1.078      0.000 4
 144   -2     -0.676     -1.172      0.000 4
  -1  154     -0.667      1.022      0.000 4
 145  155     -0.665      0.032      0.000 4
 148  156     -0.659     -1.085      0.000 4
 150  158     -0.651      1.166      0.000 4
 151  159     -0.647     -0.573      0.000 4
  -1  150     -0.639     -1.127      0.000 4
 152  161     -0.639     -0.161      0.000 4
 153  162     -0.635      0.141      0.000 4
 154  160     -0.635     -1.017      0.000 4
 155  163     -0.623      0.747      0.000 4
 157  165     -0.608     -0.114      0.000 4
 149   -2     -0.601     -0.785      0.000 4
 160   -2     -0.585     -1.148      0.000 4
 161  167     -0.580      0.916      0.000 4
 162  170     -0.565     -0.327      0.000 4
 164  169     -0.562     -1.006      0.000 4
 163  171     -0.562     -0.799      0.000 4
 165  173     -0.549     -0.454      0.000 4
 166  172     -0.549      1.087      0.000 4
 167  174     -0.548     -0.536      0.000 4
 168  175     -0.541     -1.174      0.000 4
 170  176     -0.534     -1.086      0.000 4
 171  179     -0.499      0.039      0.000 4
 172  177     -0.497     -0.542      0.000 4
  -1  178     -0.497      0.846      0.000 4
 173  180     -0.488      0.361      0.000 4
  -1   -2     -0.481     -0.677      0.000 4
 174  181     -0.479      0.707      0.000 4
 175  184     -0.474      0.501      0.000 4
 176  183     -0.472     -0.257      0.000 4
  -1   -2     -0.468      0.745      0.000 4
 183  186     -0.466      0.276      0.000 4
 179  185     -0.462     -1.171      0.000 4
 180  187     -0.446     -0.718      0.000 4
 185  191     -0.438     -0.991      0.000 4
 186  192     -0.422      0.075      0.000 4
 187   -2     -0.418      0.192      0.000 4
 184  194     -0.412     -0.885      0.000 4
 189  195     -0.402     -0.063      0.000 4
 190  197     -0.389     -0.147      0.000 4
 181  215     -0.387     -0.318      0.000 4
 192  199     -0.378     -1.009      0.000 4
 194  202     -0.369      0.472      0.000 4
 195  201     -0.369      0.798      0.000 4
 212  193     -0.367      0.127      0.000 4
 193  203     -0.366      1.121      0.000 4
 196   -2     -0.364     -1.166      0.000 4
  -1  204     -0.364     -1.128      0.000 4
 197  207     -0.360     -0.557      0.000 4
 198  206     -0.359     -0.652      0.000 4
 201  208     -0.348     -0.719      0.000 4
 202  209     -0.347      1.049      0.000 4
 200   -2     -0.345      0.675      0.000 4
  -1   -2     -0.344     -0.908      0.000 4
 203   -2     -0.336      0.968      0.000 4
 204  211     -0.336      0.777      0.000 4
 206  212     -0.333      0.342      0.000 4
 205  213     -0.326     -0.210      0.000 4
 208  214     -0.323      0.932      0.000 4
 210   -2     -0.315     -0.326      0.000 4
 211  216     -0.305     -0.287      0.000 4
 213  217     -0.302     -0.991      0.000 4
  -1  221     -0.292     -0.904      0.000 4
 214  218     -0.292     -1.045      0.000 4
  -1  219     -0.291      0.557      0.000 4
 215  220     -0.283     -0.628      0.000 4
 217  222     -0.276     -1.142      0.000 4
 218  223     -0.273      0.857      0.000 4
  -1   -2     -0.257      0.577      0.000 4
 219  225     -0.239      0.320      0.000 4
 220  226     -0.232      0.844      0.000 4
 221   -2     -0.229     -0.937      0.000 4
 222  227     -0.229     -1.091      0.000 4
  -1  224     -0.225      0.531      0.000 4
 226  229     -0.220     -0.744      0.000 4
 227  230     -0.218     -0.220      0.000 4
 230  232     -0.210     -1.059      0.000 4
 228  233     -0.209      0.446      0.000 4
 229  234     -0.205     -0.453      0.000 4
 224   -2     -0.184     -1.153      0.000 4
 231  236     -0.178      0.772      0.000 4
  -1  237     -0.176      0.121      0.000 4
 233  231     -0.147      1.161      0.000 4
 235  239     -0.146     -0.006      0.000 4
 237  244     -0.134     -1.100      0.000 4
 262   -2     -0.133     -0.854      0.000 4
  -1  249     -0.121      0.012      0.000 4
 239  248     -0.118     -0.311      0.000 4
 232  243     -0.115     -0.732      0.000 4
 242   -2     -0.094     -0.902      0.000 4
 241  252     -0.092      0.526      0.000 4
 243  253     -0.090     -0.224      0.000 4
 250   -2     -0.088     -1.135      0.000 4
 245  254     -0.087      0.678      0.000 4
 247  255     -0.083     -0.017      0.000 4
 248  256     -0.068     -0.105      0.000 4
 249  264     -0.064      0.353      0.000 4
  -1   -2     -0.058     -1.001      0.000 4
 251  257     -0.057      0.762      0.000 4
 253  258     -0.052     -0.707      0.000 4
 254  251     -0.049     -0.775      0.000 4
 255  259     -0.045      0.236      0.000 4
 256  260     -0.041     -0.197      0.000 4
 264   -2     -0.031     -0.375      0.000 4
 259  263     -0.029      0.642      0.000 4
  -1  250     -0.029     -0.983      0.000 4
 246   -2     -0.029      0.376      0.000 4
 263  265     -0.005     -0.028      0.000 4
 265  266     -0.001      0.121      0.000 4
 257   -2      0.006     -0.585      0.000 4
  -1   -2      0.008     -1.167      0.000 4
 267  268      0.010      1.062      0.000 4
  -1   -2      0.016      0.807      0.000 4
  -1  270      0.017      0.623      0.000 4
 261   -2      0.019      0.937      0.000 4
 269  267      0.023     -1.126      0.000 4
  -1  277      0.025      0.343      0.000 4
 270  272      0.042      0.398      0.000 4
  -1   -2      0.044     -0.994      0.000 4
 272   -2      0.047      0.033      0.000 4
 271  274      0.050      0.628      0.000 4
 273  275      0.058      0.303      0.000 4
 274  276      0.059      0.986      0.000 4
 275   -2      0.062      0.359      0.000 4
 277  269      0.068     -0.562      0.000 4
 276  278      0.069      0.717      0.000 4
 282  273      0.072      0.047      0.000 4
  -1  280      0.075     -0.081      0.000 4
 278   -2      0.078     -1.004      0.000 4
 280  281      0.079     -0.235      0.000 4
 291  282      0.089     -0.962      0.000 4
  -1   -2      0.100     -0.792      0.000 4
 283  284      0.105      0.149      0.000 4
 284  287      0.114      0.489      0.000 4
 285  288      0.115      0.100      0.000 4
  -1  289      0.125      1.050      0.000 4
 287  290      0.126      0.950      0.000 4
 289  291      0.131      0.918      0.000 4
 313   -2      0.142      0.745      0.000 4
 293  293      0.145      1.130      0.000 4
 295  294      0.146      0.200      0.000 4
 294  296      0.152     -0.669      0.000 4
 296  295      0.153     -0.548      0.000 4
  -1  304      0.159      0.025      0.000 4
  -1  297      0.160     -0.750      0.000 4
 298  299      0.171      0.391      0.000 4
 299  300      0.187     -0.770      0.000 4
 300  302      0.193      1.045      0.000 4
 302  301      0.195     -1.174      0.000 4
 301   -2      0.198     -0.522      0.000 4
 305   -2      0.210      0.009      0.000 4
 306  305      0.216     -1.092      0.000 4
 307  306      0.221     -0.350      0.000 4
  -1  320      0.223     -0.499      0.000 4
 308  307      0.228     -0.962      0.000 4
 309  308      0.233     -0.188      0.000 4
 310  309      0.238      1.048      0.000 4
 311  310      0.246      0.129      0.000 4
  -1  311      0.248     -1.016      0.000 4
 297   -2      0.251     -0.721      0.000 4
 315  312      0.253     -0.427      0.000 4
 312  314      0.258     -0.978      0.000 4
 316  316      0.261      0.257      0.000 4
 318  318      0.276     -0.916      0.000 4
 319  319      0.282      0.635      0.000 4
 320  321      0.300      0.044      0.000 4
 321   -2      0.302     -0.377      0.000 4
  -1  323      0.305     -0.234      0.000 4
 322  324      0.305     -1.086      0.000 4
 325  325      0.310      1.098      0.000 4
 326  326      0.323     -1.173      0.000 4
 327  327      0.352      0.046      0.000 4
 328  328      0.358      0.315      0.000 4
 324   -2      0.360      0.243      0.000 4
 330  329      0.368     -0.461      0.000 4
 332  330      0.369      0.171      0.000 4
 331  331      0.370     -0.876      0.000 4
  -1   -2      0.390     -1.042      0.000 4
 357   -2      0.394     -1.128      0.000 4
 336  334      0.398     -0.014      0.000 4
  -1   -2      0.414     -0.726      0.000 4
 339  336      0.417     -0.950      0.000 4
 341  335      0.427      0.672      0.000 4
 342  339      0.429     -0.613      0.000 4
 340  338      0.430     -1.174      0.000 4
 344  341      0.431     -0.660      0.000 4
 348  342      0.434      0.340      0.000 4
 349  343      0.438     -0.478      0.000 4
 352  344      0.452     -0.045      0.000 4
  -1   -2      0.468      0.531      0.000 4
 353  345      0.473      0.969      0.000 4
 354  346      0.475      0.824      0.000 4
 337   -2      0.478      0.739      0.000 4
  -1   -2      0.480     -1.123      0.000 4
 356  348      0.480     -0.678      0.000 4
 355  347      0.483     -0.848      0.000 4
 335   -2      0.489     -1.161      0.000 4
 359  351      0.516     -0.399      0.000 4
  -1   -2      0.520      0.907      0.000 4
 361  352      0.524     -0.053      0.000 4
 362  353      0.529     -0.618      0.000 4
 363  354      0.530      0.545      0.000 4
 364  356      0.535     -0.960      0.000 4
 365  355      0.537      0.586      0.000 4
 366  357      0.541      0.970      0.000 4
  -1  361      0.558     -1.003      0.000 4
 367  360      0.559      1.102      0.000 4
 368  359      0.559      0.356      0.000 4
  -1  362      0.565      0.871      0.000 4
 370  363      0.575      0.603      0.000 4
 371  364      0.582      0.527      0.000 4
 369  365      0.590     -0.785      0.000 4
 374  367      0.611     -1.031      0.000 4
  -1  366      0.612     -0.715      0.000 4
  -1   -2      0.614      1.069      0.000 4
  -1  388      0.617     -0.200      0.000 4
 376  368      0.618      0.911      0.000 4
 373   -2      0.618     -0.480      0.000 4
 377  369      0.620     -0.873      0.000 4
  -1   -2      0.620     -0.283      0.000 4
 379  371      0.622      0.995      0.000 4
 380  372      0.630     -0.521      0.000 4
 381  373      0.630     -0.006      0.000 4
 382  374      0.649     -1.168      0.000 4
 384  375      0.653      0.274      0.000 4
 386  378      0.675     -0.393      0.000 4
  -1  379      0.679     -0.674      0.000 4
 387  381      0.692     -0.888      0.000 4
 388  383      0.699      0.364      0.000 4
 389  384      0.701      0.416      0.000 4
 390  385      0.708      1.130      0.000 4
 391  386      0.716      0.680      0.000 4
 393  389      0.724     -0.914      0.000 4
 412  377      0.730     -0.211      0.000 4
 394  390      0.737     -0.660      0.000 4
 396  392      0.759     -0.033      0.000 4
 398  394      0.768      0.104      0.000 4
  -1  396      0.775     -0.841      0.000 4
 405  395      0.788     -1.039      0.000 4
 395  416      0.790     -1.131      0.000 4
 403  398      0.795      0.176      0.000 4
 402  400      0.798      0.941      0.000 4
 404  411      0.802     -0.554      0.000 4
  -1  401      0.810     -0.979      0.000 4
 408  405      0.812      0.448      0.000 4
 409  406      0.813     -0.153      0.000 4
  -1  407      0.817     -0.268      0.000 4
  -1  408      0.820     -0.886      0.000 4
 411  409      0.824      0.687      0.000 4
 414  410      0.832      0.739      0.000 4
 413  412      0.833     -0.803      0.000 4
 415  413      0.836      0.801      0.000 4
 416   -2      0.839     -0.497      0.000 4
 423   -2      0.845     -0.292      0.000 4
 417  414      0.846      0.248      0.000 4
 418  417      0.853     -0.460      0.000 4
 419  419      0.856     -1.073      0.000 4
  -1  427      0.862      0.596      0.000 4
 420  420      0.865      1.104      0.000 4
  -1  421      0.877      0.837      0.000 4
 422  423      0.882      0.550      0.000 4
 424  424      0.885     -0.544      0.000 4
 425  425      0.887      0.473      0.000 4
  -1   -2      0.889      1.158      0.000 4
 426   -2      0.893      1.133      0.000 4
 421  428      0.893     -0.243      0.000 4
 427  426      0.895     -0.149      0.000 4
 428  430      0.897     -0.875      0.000 4
 430  431      0.902     -0.802      0.000 4
 429  432      0.902     -1.006      0.000 4
 431  433      0.902     -0.940      0.000 4
 432  434      0.905     -1.135      0.000 4
 433  435      0.917      0.029      0.000 4
 435  436      0.928     -0.026      0.000 4
 434   -2      0.931     -1.000      0.000 4
  -1  439      0.934     -1.170      0.000 4
 436   -2      0.934     -0.862      0.000 4
 437  437      0.938     -1.078      0.000 4
 438  438      0.944     -0.233      0.000 4
 440  440      0.950      0.786      0.000 4
 441  441      0.957      0.688      0.000 4
  -1  447      0.963      0.360      0.000 4
 442  442      0.972      0.006      0.000 4
 454  422      0.975     -0.324      0.000 4
 444  445      0.984     -0.583      0.000 4
 443  446      0.986     -1.111      0.000 4
 445   -2      0.986      0.271      0.000 4
 447   -2      0.992      0.733      0.000 4
  -1  448      0.996     -0.812      0.000 4
  -1  449      1.006      0.184      0.000 4
 449  444      1.008      0.022      0.000 4
  -1  450      1.008      0.112      0.000 4
 450  451      1.011      0.851      0.000 4
 452  452      1.035      0.985      0.000 4
 455  453      1.066     -0.627      0.000 4
 456  454      1.073     -1.173      0.000 4
 457   -2      1.096      1.037      0.000 4
 451  463      1.107     -0.945      0.000 4
 459  457      1.118     -0.520      0.000 4
  -1  459      1.124     -0.979      0.000 4
 461  458      1.125     -0.049      0.000 4
 462  460      1.130     -0.743      0.000 4
 465  455      1.135      1.024      0.000 4
 463  464      1.136     -1.174      0.000 4
 464  462      1.140     -0.827      0.000 4
  -1   -2      1.146      0.961      0.000 4
 460   -2      1.157     -0.333      0.000 4
  -1  465      1.160      0.558      0.000 4
 466   -2      1.161     -1.044      0.000 4
 469  467      1.171      0.392      0.000 4
 471  468      1.178     -0.458      0.000 4
 472   -2      1.185     -1.175      0.000 4
  -1  469      1.191      0.103      0.000 4
 473  470      1.197     -1.131      0.000 4
 481   -2      1.198     -0.147      0.000 4
  -1  473      1.208     -0.522      0.000 4
 474  472      1.209      0.985      0.000 4
  -1  476      1.213     -1.036      0.000 4
 475   -2      1.232     -1.068      0.000 4
 478  474      1.232     -0.459      0.000 4
 470  475      1.233      0.912      0.000 4
 480  477      1.259     -0.430      0.000 4
  -1   -2      1.272     -0.770      0.000 4
  -1  471      1.273     -0.086      0.000 4
  -1  488      1.285     -1.169      0.000 4
 482  479      1.287     -0.506      0.000 4
 483  480      1.291      0.177      0.000 4
 487  482      1.335      0.492      0.000 4
  -1  490      1.337     -0.768      0.000 4
 488  483      1.338      0.236      0.000 4
 490  485      1.341     -0.191      0.000 4
 489  486      1.343     -1.007      0.000 4
  -1   -2      1.345     -1.164      0.000 4
 491  487      1.349     -0.283      0.000 4
 492  489      1.355      1.059      0.000 4
 485   -2      1.363     -0.859      0.000 4
  -1   -2      1.370     -1.102      0.000 4
 494  492      1.372     -0.336      0.000 4
 495   -2      1.373     -0.396      0.000 4
 496  493      1.374      0.552      0.000 4
 497  494      1.377     -0.920      0.000 4
 498  495      1.389     -0.134      0.000 4
 501   -2      1.400     -0.305      0.000 4
 500  499      1.405     -0.861      0.000 4
 502  498      1.405      0.266      0.000 4
  -1   -2      1.407     -1.122      0.000 4
 503   -2      1.410      0.724      0.000 4
 504  500      1.415      0.774      0.000 4
 507   -2      1.416     -1.165      0.000 4
 512  502      1.438     -0.962      0.000 4
 511  504      1.448      0.401      0.000 4
 486   -2      1.448     -0.022      0.000 4
 513  506      1.455     -0.147      0.000 4
  -1  508      1.459     -0.619      0.000 4
  -1  507      1.464     -0.200      0.000 4
 515  509      1.464     -0.658      0.000 4
 517  510      1.469      0.088      0.000 4
 516  511      1.474     -1.080      0.000 4
  -1  512      1.475      0.007      0.000 4
  -1   -2      1.476     -0.826      0.000 4
 518  491      1.483     -0.390      0.000 4
 519  513      1.484      0.653      0.000 4
 520  514      1.486      0.538      0.000 4
 523  515      1.504      0.355      0.000 4
 524  517      1.507      1.026      0.000 4
  -1  522      1.508      0.402      0.000 4
 526   -2      1.514      0.730      0.000 4
 528  520      1.526     -1.115      0.000 4
 527  521      1.528     -0.523      0.000 4
 530  523      1.540     -1.174      0.000 4
 529   -2      1.541      0.420      0.000 4
 533  524      1.543      1.065      0.000 4
 531  525      1.543     -0.821      0.000 4
 532  526      1.544     -0.941      0.000 4
 534   -2      1.548      0.023      0.000 4
 535  527      1.552     -0.717      0.000 4
 536  518      1.567      0.831      0.000 4
  -1  519      1.568      0.988      0.000 4
