515
   0    0     -1.574      0.933      0.000 4
   1    1     -1.573      0.410      0.000 4
   4    5     -1.556      0.049      0.000 4
   6    6     -1.552     -0.633      0.000 4
   7    8     -1.536     -1.053      0.000 4
   9    9     -1.530     -0.570      0.000 4
  -1   11     -1.525     -1.132      0.000 4
  13   12     -1.524     -0.002      0.000 4
  12   13     -1.522     -0.059      0.000 4
  11   14     -1.522      0.217      0.000 4
  -1   17     -1.497      0.969      0.000 4
  16   18     -1.493      0.881      0.000 4
  17   19     -1.491     -0.608      0.000 4
  -1   20     -1.490      0.839      0.000 4
  18   21     -1.478      0.542      0.000 4
  29    3     -1.475     -0.004      0.000 4
  -1   23     -1.470     -1.129      0.000 4
  15   32     -1.460     -0.871      0.000 4
  -1   -2     -1.459     -0.057      0.000 4
  -1   26     -1.457     -1.016      0.000 4
  34    2     -1.457     -1.170      0.000 4
  22   27     -1.434     -0.520      0.000 4
  19   39     -1.430      0.920      0.000 4
  24   30     -1.429      0.683      0.000 4
  25   31     -1.428     -0.215      0.000 4
  -1   29     -1.405      0.862      0.000 4
  30   -2     -1.388     -1.019      0.000 4
  26   -2     -1.382     -0.626      0.000 4
  32   33     -1.377      0.518      0.000 4
  27   45     -1.360     -0.767      0.000 4
  33   35     -1.351     -0.170      0.000 4
  -1   -2     -1.346     -0.832      0.000 4
  -1   -2     -1.344     -0.105      0.000 4
  31   46     -1.326      0.496      0.000 4
  36   36     -1.325      1.149      0.000 4
  35   37     -1.325     -0.719      0.000 4
  37   -2     -1.321      0.795      0.000 4
  -1   52     -1.314      1.019      0.000 4
  39   40     -1.313     -1.102      0.000 4
  38   41     -1.313     -0.485      0.000 4
  40   43     -1.298     -0.832      0.000 4
  41   44     -1.294      0.894      0.000 4
  43   -2     -1.290      0.472      0.000 4
  45   47     -1.289     -0.227      0.000 4
  44   48     -1.289      0.583      0.000 4
  46   49     -1.285     -0.384      0.000 4
  -1   50     -1.276     -1.133      0.000 4
  -1   -2     -1.273     -1.170      0.000 4
  49   51     -1.273      0.793      0.000 4
  52   -2     -1.269      1.012      0.000 4
  50   53     -1.268      0.403      0.000 4
  51   54     -1.267     -0.495      0.000 4
  -1   56     -1.259     -0.244      0.000 4
  54   55     -1.256     -1.042      0.000 4
  53   57     -1.252     -0.290      0.000 4
  -1   -2     -1.248      1.031      0.000 4
  55   -2     -1.239     -0.828      0.000 4
  -1   59     -1.236     -0.723      0.000 4
  57   60     -1.230     -1.060      0.000 4
  56   61     -1.230      0.684      0.000 4
  -1   -2     -1.223      0.826      0.000 4
  58   62     -1.220      0.351      0.000 4
  61   65     -1.190     -1.037      0.000 4
  59   67     -1.183     -0.525      0.000 4
  62   58     -1.177     -1.172      0.000 4
  64   68     -1.161      0.926      0.000 4
  65   69     -1.148      0.636      0.000 4
  66   70     -1.144     -0.162      0.000 4
  67   71     -1.140     -0.017      0.000 4
  69   72     -1.135      0.358      0.000 4
  70   73     -1.130     -1.012      0.000 4
  -1   -2     -1.126     -0.926      0.000 4
  72   75     -1.121      0.277      0.000 4
  74   74     -1.118     -1.050      0.000 4
  73   76     -1.115     -0.246      0.000 4
  76   79     -1.106      0.335      0.000 4
  88   -2     -1.097      0.860      0.000 4
  79   81     -1.093      0.417      0.000 4
  -1   93     -1.090      1.175      0.000 4
  80   82     -1.080     -0.065      0.000 4
  81   84     -1.077      0.036      0.000 4
  83   83     -1.072     -0.863      0.000 4
  84   85     -1.063      0.397      0.000 4
  -1   86     -1.062      1.060      0.000 4
  85   80     -1.058      0.740      0.000 4
  87   -2     -1.052      1.005      0.000 4
  86   87     -1.051      0.142      0.000 4
  89   89     -1.039     -0.488      0.000 4
  78   90     -1.033     -1.172      0.000 4
  91   91     -1.019     -0.153      0.000 4
  92   98     -1.015     -0.898      0.000 4
  95   92     -0.997     -0.992      0.000 4
  96   -2     -0.996      1.113      0.000 4
  -1   95     -0.995      0.064      0.000 4
  94   94     -0.995     -0.102      0.000 4
  90   -2     -0.988     -1.054      0.000 4
  97   96     -0.981      0.951      0.000 4
  98   97     -0.978     -0.668      0.000 4
  -1   -2     -0.971     -0.854      0.000 4
  -1   99     -0.968     -0.304      0.000 4
  -1   -2     -0.967     -0.356      0.000 4
  99  100     -0.962     -0.462      0.000 4
 100  102     -0.936     -0.746      0.000 4
 102  103     -0.927     -0.805      0.000 4
 103   -2     -0.911     -1.110      0.000 4
 113   -2     -0.910     -1.168      0.000 4
  -1   -2     -0.903     -0.761      0.000 4
 105  105     -0.899     -1.039      0.000 4
 104  108     -0.898      0.049      0.000 4
 107  107     -0.896      1.132      0.000 4
 106  109     -0.894     -0.289      0.000 4
  -1  111     -0.887      0.886      0.000 4
 109  104     -0.880     -1.112      0.000 4
 110  113     -0.868      0.320      0.000 4
 112  112     -0.866      0.751      0.000 4
 114  115     -0.859     -0.546      0.000 4
 116  116     -0.855     -0.779      0.000 4
 118  117     -0.846      1.056      0.000 4
 117  118     -0.846      0.990      0.000 4
  -1  110     -0.841     -1.170      0.000 4
  -1  131     -0.841      0.500      0.000 4
  -1  125     -0.838     -0.829      0.000 4
 120  119     -0.826     -0.398      0.000 4
 123  120     -0.821      1.096      0.000 4
 124  121     -0.819     -0.995      0.000 4
 122  123     -0.818     -0.203      0.000 4
 152   -2     -0.817      0.836      0.000 4
 125  124     -0.813      0.429      0.000 4
 126  126     -0.810      0.079      0.000 4
 127  129     -0.804      0.172      0.000 4
 129  127     -0.802      0.949      0.000 4
 131  132     -0.792     -0.474      0.000 4
 133  133     -0.783      0.278      0.000 4
 136  134     -0.778     -1.169      0.000 4
 135  135     -0.775     -0.031      0.000 4
  -1   -2     -0.769     -0.241      0.000 4
 137  146     -0.748      0.952      0.000 4
 139  139     -0.746     -0.095      0.000 4
 138  148     -0.745     -1.158      0.000 4
 140  140     -0.744      0.592      0.000 4
 141  141     -0.742     -0.453      0.000 4
 142  142     -0.738     -0.957      0.000 4
 143  144     -0.735      0.812      0.000 4
  -1  145     -0.725      0.005      0.000 4
 144   -2     -0.723      1.004      0.000 4
 145  149     -0.718     -0.723      0.000 4
 146  151     -0.707     -0.229      0.000 4
 148  150     -0.703     -1.014      0.000 4
 147  153     -0.699      0.378      0.000 4
 150  154     -0.694     -1.099      0.000 4
 149  155     -0.692      0.715      0.000 4
  -1  156     -0.680     -0.712      0.000 4
 151  157     -0.678      0.273      0.000 4
 153   -2     -0.666     -1.175      0.000 4
  -1  160     -0.661      1.019      0.000 4
 154  161     -0.655     -0.132      0.000 4
 155  162     -0.647      1.058      0.000 4
 156  163     -0.642      1.164      0.000 4
  -1  164     -0.640      0.422      0.000 4
  -1  165     -0.623     -0.954      0.000 4
 159  166     -0.618      0.932      0.000 4
 158  167     -0.618     -0.577      0.000 4
 161  168     -0.615     -0.193      0.000 4
 162  169     -0.601     -1.030      0.000 4
 164  170     -0.598      1.146      0.000 4
 163  171     -0.595     -0.412      0.000 4
 165  172     -0.588      0.612      0.000 4
 166  158     -0.584     -1.132      0.000 4
 167  174     -0.568     -0.946      0.000 4
 168  176     -0.562     -0.482      0.000 4
 169  177     -0.558      0.581      0.000 4
 171  180     -0.553      0.245      0.000 4
 174  181     -0.539      1.035      0.000 4
 176  182     -0.523     -0.528      0.000 4
 177  185     -0.513     -0.698      0.000 4
 178   -2     -0.505     -0.122      0.000 4
 179   -2     -0.489     -0.589      0.000 4
 180  186     -0.487     -0.429      0.000 4
 181  187     -0.484     -0.804      0.000 4
 182  190     -0.481      0.315      0.000 4
 183  189     -0.480      0.690      0.000 4
 185  188     -0.478     -1.164      0.000 4
 187  194     -0.453      0.609      0.000 4
 188   -2     -0.445      0.781      0.000 4
 189  196     -0.441     -0.275      0.000 4
 190  197     -0.438      0.849      0.000 4
 191  198     -0.436      1.010      0.000 4
 192  199     -0.426     -0.782      0.000 4
  -1  200     -0.423     -0.606      0.000 4
 186  215     -0.412      0.025      0.000 4
 194  206     -0.410     -1.127      0.000 4
 193   -2     -0.409     -0.563      0.000 4
 197  201     -0.395      0.555      0.000 4
 198  203     -0.374      0.074      0.000 4
 199  202     -0.374     -0.486      0.000 4
 200  205     -0.367     -0.721      0.000 4
 202  207     -0.358      0.515      0.000 4
 204   -2     -0.343      1.006      0.000 4
 203   -2     -0.341     -0.167      0.000 4
 205  210     -0.336     -0.761      0.000 4
 206  211     -0.329     -0.333      0.000 4
 208   -2     -0.312      0.027      0.000 4
 209  208     -0.308     -0.102      0.000 4
  -1  195     -0.296      0.790      0.000 4
 210  212     -0.292      0.274      0.000 4
 211  216     -0.287     -1.171      0.000 4
 212  213     -0.284     -0.828      0.000 4
 213  214     -0.280      0.342      0.000 4
 214   -2     -0.279     -0.032      0.000 4
 216  218     -0.261     -0.434      0.000 4
 217  217     -0.261      1.153      0.000 4
 218  219     -0.259      0.236      0.000 4
 221  222     -0.244      0.430      0.000 4
 231  209     -0.236      1.087      0.000 4
 223  223     -0.235      0.171      0.000 4
 224  225     -0.229     -0.078      0.000 4
  -1  224     -0.226     -1.092      0.000 4
 228  231     -0.205     -1.046      0.000 4
 227   -2     -0.205     -1.119      0.000 4
 230  229     -0.196     -0.189      0.000 4
 229  230     -0.195      0.247      0.000 4
 232  232     -0.186      0.960      0.000 4
 234  233     -0.181     -0.912      0.000 4
 235  237     -0.172      0.021      0.000 4
  -1  236     -0.172      0.107      0.000 4
 236  238     -0.172     -0.398      0.000 4
 237  239     -0.166     -0.728      0.000 4
 238  240     -0.160      0.398      0.000 4
 239  241     -0.148     -1.125      0.000 4
 240  242     -0.137     -0.244      0.000 4
  -1   -2     -0.136      0.829      0.000 4
 242  243     -0.126      0.953      0.000 4
 243   -2     -0.111     -0.056      0.000 4
 244  246     -0.108      0.803      0.000 4
  -1  247     -0.108     -0.281      0.000 4
 245   -2     -0.108     -0.305      0.000 4
 246  248     -0.099     -0.777      0.000 4
 247  249     -0.098      0.220      0.000 4
 248  251     -0.082      0.380      0.000 4
 251  252     -0.078      0.900      0.000 4
 255  245     -0.078      0.055      0.000 4
 241  258     -0.078     -1.033      0.000 4
 254  254     -0.068     -1.165      0.000 4
 256  256     -0.059      0.495      0.000 4
  -1  257     -0.058     -0.229      0.000 4
  -1  264     -0.051      0.006      0.000 4
 261   -2     -0.036      0.844      0.000 4
 259  261     -0.032      0.384      0.000 4
 258  260     -0.032      0.233      0.000 4
 260  262     -0.027      0.573      0.000 4
 263   -2     -0.022     -0.057      0.000 4
 262  265     -0.019      0.658      0.000 4
  -1  266     -0.018     -1.078      0.000 4
  -1  267     -0.010     -0.144      0.000 4
  -1  269     -0.005     -1.140      0.000 4
 265  268      0.020      0.429      0.000 4
  -1   -2      0.034      1.121      0.000 4
  -1   -2      0.040     -1.157      0.000 4
 267  273      0.041      0.106      0.000 4
 268  271      0.041      1.026      0.000 4
 266  272      0.041      0.599      0.000 4
 269  274      0.047     -0.597      0.000 4
 270  276      0.050     -0.739      0.000 4
 272  287      0.055     -0.005      0.000 4
  -1   -2      0.056      0.806      0.000 4
  -1   -2      0.059      0.920      0.000 4
  -1   -2      0.060     -0.305      0.000 4
 274  279      0.065      0.303      0.000 4
 276  280      0.072     -1.083      0.000 4
  -1   -2      0.074     -0.649      0.000 4
 277  281      0.088      0.273      0.000 4
 278  283      0.094      0.781      0.000 4
  -1  285      0.098     -1.036      0.000 4
 279  284      0.098     -0.155      0.000 4
 280  282      0.102     -1.169      0.000 4
 281  286      0.103     -0.968      0.000 4
 283  288      0.113     -0.351      0.000 4
 284  289      0.116     -0.275      0.000 4
 285  291      0.134     -1.043      0.000 4
 287  292      0.138      0.642      0.000 4
 288  297      0.138     -0.951      0.000 4
 289  293      0.140      0.558      0.000 4
 303  275      0.145      0.443      0.000 4
  -1   -2      0.151     -0.888      0.000 4
 291  295      0.174      0.248      0.000 4
 292  296      0.174      0.700      0.000 4
 286  311      0.177     -0.426      0.000 4
 294  298      0.186     -0.855      0.000 4
  -1  299      0.191     -0.261      0.000 4
  -1  306      0.194     -1.171      0.000 4
 296  300      0.199     -1.067      0.000 4
 297  301      0.211     -0.685      0.000 4
  -1   -2      0.212     -0.969      0.000 4
  -1   -2      0.213     -0.882      0.000 4
  -1   -2      0.222     -1.000      0.000 4
  -1  304      0.226     -0.335      0.000 4
 290  309      0.226      0.045      0.000 4
 299   -2      0.228     -1.091      0.000 4
 300  307      0.230     -0.575      0.000 4
 301  303      0.232      0.883      0.000 4
 302  308      0.241      0.644      0.000 4
 305   -2      0.256     -0.068      0.000 4
 306  310      0.270     -1.046      0.000 4
 307  312      0.280     -1.122      0.000 4
 308  313      0.283     -0.212      0.000 4
  -1   -2      0.300      0.105      0.000 4
  -1  315      0.306      0.649      0.000 4
  -1  316      0.310     -0.706      0.000 4
 310  317      0.313      0.828      0.000 4
 311  319      0.326      0.765      0.000 4
 313  318      0.327     -1.170      0.000 4
  -1  320      0.329      0.174      0.000 4
  -1  324      0.332      0.524      0.000 4
 314  322      0.342     -1.034      0.000 4
  -1  314      0.347      0.114      0.000 4
 315  323      0.351      1.131      0.000 4
 316   -2      0.358     -0.966      0.000 4
 317  326      0.360     -0.887      0.000 4
  -1  327      0.366     -0.193      0.000 4
 319  331      0.379      0.390      0.000 4
 320  329      0.383     -0.945      0.000 4
 321  332      0.389      0.055      0.000 4
 322  338      0.397      0.699      0.000 4
 325  335      0.408     -0.707      0.000 4
 326  336      0.411     -0.558      0.000 4
 327  337      0.417      0.237      0.000 4
 328  339      0.422     -0.845      0.000 4
  -1   -2      0.422      0.740      0.000 4
 329  340      0.423     -0.253      0.000 4
 331  342      0.446      0.792      0.000 4
 332  343      0.451     -0.641      0.000 4
 333  344      0.460     -1.168      0.000 4
 334  345      0.469     -0.263      0.000 4
 336  346      0.475     -0.304      0.000 4
 324   -2      0.479      0.049      0.000 4
 338  348      0.483      1.062      0.000 4
 340  350      0.496      0.892      0.000 4
  -1  368      0.497      0.328      0.000 4
 343  352      0.506      0.203      0.000 4
 342  351      0.512     -1.146      0.000 4
 344  353      0.513      0.727      0.000 4
 345  354      0.517     -0.425      0.000 4
 346  355      0.519      0.118      0.000 4
 347  357      0.523      1.130      0.000 4
 335  378      0.526      0.640      0.000 4
  -1  359      0.532     -0.473      0.000 4
 349  358      0.532     -1.061      0.000 4
 323  392      0.540      0.364      0.000 4
 351  360      0.544     -0.595      0.000 4
  -1   -2      0.553      0.701      0.000 4
 352  362      0.557     -0.297      0.000 4
 353  363      0.559      0.006      0.000 4
 354  364      0.561      0.994      0.000 4
 356  365      0.569     -0.702      0.000 4
  -1  367      0.580     -0.459      0.000 4
  -1  369      0.582     -0.735      0.000 4
 359  370      0.588     -0.768      0.000 4
 365   -2      0.589      0.340      0.000 4
  -1  371      0.591      1.129      0.000 4
 360   -2      0.596     -0.219      0.000 4
 363  372      0.608      0.507      0.000 4
  -1  373      0.611      0.382      0.000 4
 364   -2      0.612     -0.254      0.000 4
 372   -2      0.617      0.216      0.000 4
 368  379      0.622     -0.978      0.000 4
  -1   -2      0.625      0.634      0.000 4
 367  377      0.629     -1.165      0.000 4
 361  385      0.630      1.067      0.000 4
 373  383      0.634     -0.020      0.000 4
 375   -2      0.640      0.466      0.000 4
 377  386      0.645     -0.437      0.000 4
 378  387      0.656      0.530      0.000 4
 379  388      0.673     -0.603      0.000 4
 380  389      0.681     -0.699      0.000 4
 381  390      0.686      0.765      0.000 4
  -1  391      0.687     -0.332      0.000 4
 382  393      0.689     -0.903      0.000 4
 383  375      0.690     -0.165      0.000 4
  -1  396      0.709      0.655      0.000 4
  -1  402      0.720     -1.072      0.000 4
 387  399      0.731     -0.980      0.000 4
 388  400      0.746     -0.041      0.000 4
 389  401      0.747     -0.760      0.000 4
 406   -2      0.754     -1.032      0.000 4
 393  404      0.766      0.588      0.000 4
 395   -2      0.769      0.697      0.000 4
 401  406      0.781      0.931      0.000 4
 397  409      0.782      0.352      0.000 4
 398  408      0.782      0.382      0.000 4
 396  410      0.783     -0.397      0.000 4
 400  412      0.797     -0.618      0.000 4
  -1   -2      0.803     -0.717      0.000 4
 402  413      0.804      0.705      0.000 4
 405   -2      0.812      0.522      0.000 4
 404  414      0.817      0.633      0.000 4
 408  415      0.820     -0.143      0.000 4
  -1  417      0.821     -1.091      0.000 4
 409  416      0.823      0.846      0.000 4
  -1   -2      0.824      0.155      0.000 4
 403   -2      0.824      0.945      0.000 4
 410  418      0.830     -0.230      0.000 4
  -1  419      0.835      0.226      0.000 4
  -1  420      0.837     -1.034      0.000 4
 412  421      0.840     -0.763      0.000 4
 413   -2      0.841     -0.397      0.000 4
 414  422      0.848     -0.168      0.000 4
 415  423      0.852     -0.589      0.000 4
 416  424      0.853      0.348      0.000 4
 411   -2      0.861     -1.123      0.000 4
 418  426      0.861     -0.840      0.000 4
 420  427      0.868     -0.338      0.000 4
  -1   -2      0.889     -0.067      0.000 4
 422  432      0.894      1.034      0.000 4
  -1   -2      0.896      0.855      0.000 4
  -1  429      0.898     -0.776      0.000 4
  -1   -2      0.898     -1.008      0.000 4
 423  431      0.900     -0.032      0.000 4
 440  425      0.903     -1.165      0.000 4
 421  433      0.909      1.138      0.000 4
  -1   -2      0.934      0.897      0.000 4
 426  430      0.947     -1.077      0.000 4
 428  435      0.952      0.734      0.000 4
 431  436      0.957     -0.609      0.000 4
 432  437      0.958      0.175      0.000 4
 430  438      0.960     -0.822      0.000 4
 435  439      0.968      1.018      0.000 4
 425  452      0.970     -0.900      0.000 4
 438  442      0.974      0.208      0.000 4
 439  443      0.984      0.921      0.000 4
  -1   -2      0.996     -0.105      0.000 4
  -1  445      0.999      0.737      0.000 4
 441  446      1.003      0.499      0.000 4
  -1  447      1.020      0.291      0.000 4
 443  448      1.022      0.249      0.000 4
 446  451      1.027     -0.579      0.000 4
 445  450      1.027     -0.483      0.000 4
 447   -2      1.031      1.045      0.000 4
 449  453      1.048     -0.079      0.000 4
 450  455      1.055     -0.297      0.000 4
 454  460      1.084      0.036      0.000 4
  -1  459      1.087     -0.195      0.000 4
 455   -2      1.095      0.649      0.000 4
 456  463      1.100     -1.090      0.000 4
 457  462      1.100     -0.674      0.000 4
 459  465      1.105      1.034      0.000 4
 458  461      1.106     -0.379      0.000 4
 460  464      1.112      0.599      0.000 4
 461  466      1.121      0.551      0.000 4
 475   -2      1.124      0.703      0.000 4
 462   -2      1.126      0.101      0.000 4
  -1  469      1.138      0.052      0.000 4
  -1  470      1.139     -0.316      0.000 4
 465  471      1.152      0.233      0.000 4
 464  473      1.153      0.347      0.000 4
 463  474      1.154     -0.767      0.000 4
 466  475      1.160     -1.005      0.000 4
 467  476      1.164     -0.223      0.000 4
  -1  477      1.170      0.990      0.000 4
 469  478      1.171     -0.919      0.000 4
 471  479      1.184     -0.322      0.000 4
 472  480      1.186      0.922      0.000 4
 473  481      1.190      0.170      0.000 4
  -1  482      1.198     -1.156      0.000 4
 474  484      1.205      1.004      0.000 4
  -1   -2      1.213     -1.044      0.000 4
 476  485      1.216      0.464      0.000 4
 477  488      1.226     -1.084      0.000 4
 480  487      1.229     -0.109      0.000 4
 478  489      1.229      0.803      0.000 4
 479  491      1.230     -0.699      0.000 4
 481  490      1.232      0.396      0.000 4
 482  492      1.248     -0.457      0.000 4
  -1  493      1.266      0.692      0.000 4
  -1   -2      1.266     -1.050      0.000 4
 485  494      1.275     -0.084      0.000 4
  -1  506      1.288     -1.171      0.000 4
 486  497      1.290      0.987      0.000 4
 487  498      1.295     -0.675      0.000 4
 496   -2      1.298     -0.332      0.000 4
 489  505      1.300     -0.753      0.000 4
  -1   -2      1.312      0.573      0.000 4
 491   -2      1.315      0.908      0.000 4
 492  499      1.317      0.211      0.000 4
 493  502      1.323     -0.532      0.000 4
 494  501      1.325      0.031      0.000 4
 495  503      1.327      1.051      0.000 4
 501  507      1.358     -0.062      0.000 4
 503  508      1.371     -0.785      0.000 4
 497   -2      1.371     -0.689      0.000 4
 510   -2      1.375     -1.167      0.000 4
 513  500      1.379      1.015      0.000 4
  -1  512      1.408     -0.674      0.000 4
 506  511      1.411     -0.291      0.000 4
 509  513      1.412      0.712      0.000 4
 508   -2      1.413      0.248      0.000 4
 511  514      1.446      0.273      0.000 4
  -1  517      1.449      0.017      0.000 4
 514   -2      1.468      0.185      0.000 4
 515  516      1.468     -0.708      0.000 4
 518  518      1.479      0.430      0.000 4
 516  519      1.479     -0.561      0.000 4
 517  521      1.480     -0.635      0.000 4
 520  522      1.493     -0.438      0.000 4
 512  524      1.502     -0.317      0.000 4
 523  525      1.509     -1.023      0.000 4
 525  526      1.521      0.500      0.000 4
  -1   -2      1.530     -0.937      0.000 4
 526  531      1.533     -1.174      0.000 4
 521  523      1.534      0.868      0.000 4
 529  527      1.535      0.036      0.000 4
 531  529      1.540      0.148      0.000 4
  -1   -2      1.545     -1.123      0.000 4
  -1  534      1.560     -0.811      0.000 4
 534  535      1.566     -0.894      0.000 4
 536  537      1.575     -0.477      0.000 4
