525
   0    1     -1.575      0.416      0.000 4
   1    0     -1.575      0.943      0.000 4
  -1   -2     -1.573     -0.043      0.000 4
   2    4     -1.562      0.051      0.000 4
  -1   -2     -1.550     -0.515      0.000 4
  -1   -2     -1.550     -0.025      0.000 4
   4    7     -1.534     -1.060      0.000 4
   5    9     -1.531     -0.577      0.000 4
  14    2     -1.528     -0.060      0.000 4
   8   11     -1.527      0.219      0.000 4
   7   13     -1.527     -0.003      0.000 4
   9   15     -1.518     -0.865      0.000 4
  18   -2     -1.500      0.976      0.000 4
  11   16     -1.496      0.889      0.000 4
  -1   19     -1.494      1.151      0.000 4
  12   -2     -1.494      0.848      0.000 4
  13   17     -1.494     -0.615      0.000 4
  15   18     -1.484      0.543      0.000 4
  16   -2     -1.476     -0.003      0.000 4
  20   10     -1.466     -1.170      0.000 4
  27   26     -1.453     -0.743      0.000 4
  22   22     -1.438     -0.525      0.000 4
  23   25     -1.434     -0.218      0.000 4
  24   28     -1.417      0.763      0.000 4
  28   30     -1.394     -0.978      0.000 4
  30   31     -1.383      0.522      0.000 4
  -1   32     -1.363      0.559      0.000 4
  32   33     -1.358     -0.174      0.000 4
  35   -2     -1.333      0.500      0.000 4
  33   35     -1.329     -0.727      0.000 4
  38   37     -1.328      0.799      0.000 4
  37   36     -1.325      1.155      0.000 4
  39   -2     -1.318      0.227      0.000 4
  40   38     -1.317     -0.487      0.000 4
  41   39     -1.304     -1.107      0.000 4
  43   40     -1.299     -0.839      0.000 4
  42   43     -1.297      0.476      0.000 4
  45   41     -1.296      0.902      0.000 4
  44   45     -1.295     -0.229      0.000 4
  46   44     -1.294      0.587      0.000 4
  47   46     -1.289     -0.390      0.000 4
  48   50     -1.278      0.406      0.000 4
  -1   -2     -1.278     -0.566      0.000 4
  53   34     -1.278     -1.151      0.000 4
  49   49     -1.275      0.797      0.000 4
  51   51     -1.272     -0.500      0.000 4
  52   52     -1.266      1.021      0.000 4
  -1   -2     -1.265     -0.245      0.000 4
  54   53     -1.259     -0.294      0.000 4
  55   54     -1.253     -1.047      0.000 4
  57   55     -1.239     -0.834      0.000 4
  58   56     -1.235      0.688      0.000 4
  59   -2     -1.231     -1.126      0.000 4
  60   58     -1.228      0.354      0.000 4
  61   57     -1.227     -1.069      0.000 4
  65   -2     -1.216     -0.516      0.000 4
  63   59     -1.213     -0.615      0.000 4
  -1   -2     -1.209     -1.159      0.000 4
  64   60     -1.209     -0.118      0.000 4
  -1   -2     -1.199     -0.485      0.000 4
  -1   -2     -1.193     -0.974      0.000 4
  68   61     -1.189     -1.040      0.000 4
  -1   62     -1.174     -1.174      0.000 4
  70   63     -1.170     -0.533      0.000 4
  72   64     -1.162      0.930      0.000 4
  -1   -2     -1.161      0.673      0.000 4
  73   65     -1.154      0.640      0.000 4
  74   66     -1.153     -0.163      0.000 4
  75   67     -1.149     -0.018      0.000 4
  76   69     -1.145      0.362      0.000 4
  77   72     -1.132      0.279      0.000 4
  80   -2     -1.130     -0.935      0.000 4
  78   70     -1.129     -1.016      0.000 4
  79   73     -1.124     -0.248      0.000 4
  82   74     -1.118     -1.055      0.000 4
  81   76     -1.115      0.337      0.000 4
  -1   78     -1.110     -1.169      0.000 4
  83   80     -1.089     -0.065      0.000 4
  84   81     -1.087      0.036      0.000 4
  85   71     -1.075     -0.863      0.000 4
  87   84     -1.070      0.399      0.000 4
  -1   87     -1.064      1.059      0.000 4
  88   86     -1.061      0.142      0.000 4
  89   89     -1.046     -0.490      0.000 4
  90   -2     -1.033     -1.105      0.000 4
  91   91     -1.027     -0.155      0.000 4
  -1   -2     -1.018      0.699      0.000 4
  93   94     -1.009     -0.103      0.000 4
  -1   -2     -1.002      0.768      0.000 4
  97   95     -0.997     -0.996      0.000 4
  96   96     -0.997      1.117      0.000 4
  -1   -2     -0.993      0.217      0.000 4
  -1   97     -0.985      0.955      0.000 4
  98   98     -0.982     -0.669      0.000 4
  -1   -2     -0.972     -0.360      0.000 4
  99   99     -0.969     -0.463      0.000 4
  -1   -2     -0.962     -0.046      0.000 4
 101   -2     -0.945     -0.980      0.000 4
 102  100     -0.938     -0.748      0.000 4
  -1   -2     -0.936      0.830      0.000 4
 103  102     -0.931     -0.806      0.000 4
  -1  128     -0.921      0.609      0.000 4
 109  101     -0.910     -1.168      0.000 4
 104  104     -0.908      0.049      0.000 4
 105  106     -0.904     -0.291      0.000 4
 106  105     -0.899     -1.042      0.000 4
  -1   -2     -0.897     -0.618      0.000 4
 107  107     -0.896      1.134      0.000 4
 108   -2     -0.891      0.887      0.000 4
 113  109     -0.878     -1.113      0.000 4
 111  111     -0.877     -0.254      0.000 4
 112  112     -0.875      0.745      0.000 4
 117  114     -0.865     -0.547      0.000 4
 118  116     -0.859     -0.781      0.000 4
 119  117     -0.849      0.990      0.000 4
 121  118     -0.848      1.056      0.000 4
 120  130     -0.846     -0.659      0.000 4
  -1   -2     -0.844      0.500      0.000 4
  -1  113     -0.837     -1.169      0.000 4
 123  120     -0.834     -0.400      0.000 4
  -1  121     -0.829     -0.544      0.000 4
 124  122     -0.827     -0.202      0.000 4
 127  123     -0.822      1.097      0.000 4
 125  125     -0.820      0.430      0.000 4
  -1  108     -0.820      0.838      0.000 4
 126  126     -0.820      0.079      0.000 4
 128  127     -0.814      0.172      0.000 4
 122   -2     -0.811     -0.791      0.000 4
 132  129     -0.806      0.949      0.000 4
 131   -2     -0.805     -0.675      0.000 4
  -1   -2     -0.803      0.482      0.000 4
 135  131     -0.799     -0.509      0.000 4
 134  132     -0.799     -0.469      0.000 4
 133  133     -0.796      0.278      0.000 4
 136  135     -0.785     -0.030      0.000 4
 138  136     -0.777     -1.169      0.000 4
  -1   -2     -0.757      0.115      0.000 4
 139  139     -0.756     -0.094      0.000 4
 148   -2     -0.755     -1.154      0.000 4
 141  137     -0.754      0.950      0.000 4
 140  140     -0.751      0.592      0.000 4
 142  141     -0.749     -0.453      0.000 4
  -1   -2     -0.743     -0.000      0.000 4
 144  143     -0.739      0.811      0.000 4
 129  157     -0.739     -0.957      0.000 4
 145  144     -0.725      1.003      0.000 4
 146  145     -0.721     -0.722      0.000 4
  -1   -2     -0.718     -0.925      0.000 4
 147  146     -0.716     -0.228      0.000 4
 149  147     -0.709      0.379      0.000 4
 152  142     -0.704     -1.014      0.000 4
 153  151     -0.686      0.270      0.000 4
 154   -2     -0.682     -0.710      0.000 4
 155  154     -0.664     -0.131      0.000 4
 156  153     -0.663     -1.175      0.000 4
  -1   -2     -0.651      0.421      0.000 4
 158  155     -0.650      1.057      0.000 4
 159  156     -0.643      1.161      0.000 4
 162  158     -0.623     -0.576      0.000 4
 163   -2     -0.623     -0.952      0.000 4
 161  161     -0.623     -0.183      0.000 4
 164  159     -0.621      0.930      0.000 4
 165  162     -0.601     -1.027      0.000 4
 166  164     -0.597      1.143      0.000 4
  -1   -2     -0.595      0.644      0.000 4
 167  165     -0.595      0.608      0.000 4
 174   -2     -0.593      0.824      0.000 4
 169  167     -0.570     -0.947      0.000 4
 170  168     -0.567     -0.480      0.000 4
 171  169     -0.565      0.578      0.000 4
 172  171     -0.563      0.244      0.000 4
 194  152     -0.550      1.087      0.000 4
 176  174     -0.542      1.031      0.000 4
 177  166     -0.539     -1.158      0.000 4
  -1   -2     -0.530      0.412      0.000 4
 179  176     -0.528     -0.524      0.000 4
 173  177     -0.517     -0.695      0.000 4
 180  178     -0.514     -0.121      0.000 4
 183  179     -0.494     -0.585      0.000 4
 184  182     -0.489      0.314      0.000 4
 186  181     -0.488     -0.800      0.000 4
 187  183     -0.486      0.682      0.000 4
 185  184     -0.486      0.714      0.000 4
 189  186     -0.472      0.106      0.000 4
  -1   -2     -0.465      0.862      0.000 4
 190  187     -0.459      0.607      0.000 4
 191   -2     -0.458     -1.083      0.000 4
 193  185     -0.458     -1.164      0.000 4
 192  188     -0.457      0.779      0.000 4
 195  189     -0.448     -0.271      0.000 4
 197  190     -0.443      0.844      0.000 4
 205   -2     -0.442      0.384      0.000 4
 198  191     -0.437      1.006      0.000 4
 199  192     -0.429     -0.778      0.000 4
 200   -2     -0.421      0.026      0.000 4
 201  193     -0.418     -0.559      0.000 4
 202  194     -0.412     -1.126      0.000 4
 203  195     -0.410      0.580      0.000 4
  -1   -2     -0.402      0.315      0.000 4
 206  198     -0.383      0.074      0.000 4
 208  199     -0.380     -0.482      0.000 4
 209  200     -0.369     -0.716      0.000 4
 210  202     -0.363      0.511      0.000 4
 211  201     -0.358     -1.167      0.000 4
  -1  203     -0.353     -0.162      0.000 4
 212  204     -0.342      0.998      0.000 4
 213  205     -0.340     -0.755      0.000 4
 215  209     -0.313     -0.099      0.000 4
  -1   -2     -0.313      1.094      0.000 4
 216  210     -0.299      0.270      0.000 4
 218  213     -0.289      0.339      0.000 4
 217  211     -0.288     -1.171      0.000 4
 219  214     -0.288     -0.029      0.000 4
 220  212     -0.286     -0.820      0.000 4
  -1   -2     -0.285     -1.118      0.000 4
 222   -2     -0.282      1.006      0.000 4
 221   -2     -0.275      0.771      0.000 4
 223  216     -0.268     -0.428      0.000 4
  -1  218     -0.265      0.234      0.000 4
 224  217     -0.262      1.144      0.000 4
 226  221     -0.251      0.427      0.000 4
 232  225     -0.250     -1.041      0.000 4
 227   -2     -0.246     -0.526      0.000 4
 228  223     -0.242      0.169      0.000 4
 229  224     -0.237     -0.076      0.000 4
 231   -2     -0.221     -0.443      0.000 4
 236   -2     -0.217     -1.102      0.000 4
 233  230     -0.204     -0.183      0.000 4
 234  229     -0.203      0.245      0.000 4
 225  234     -0.199     -0.907      0.000 4
 235  232     -0.188      0.952      0.000 4
 238   -2     -0.183      0.470      0.000 4
 241   -2     -0.179      0.022      0.000 4
 237  222     -0.179     -0.542      0.000 4
  -1   -2     -0.175     -0.906      0.000 4
  -1   -2     -0.172     -1.156      0.000 4
 242  237     -0.170     -0.720      0.000 4
 243  238     -0.164      0.395      0.000 4
 240  226     -0.151     -0.448      0.000 4
 244  239     -0.148     -1.120      0.000 4
 245  240     -0.142     -0.242      0.000 4
 246  242     -0.128      0.945      0.000 4
 247  243     -0.116     -0.056      0.000 4
 248   -2     -0.112     -0.282      0.000 4
 249  244     -0.111      0.796      0.000 4
 252  246     -0.101     -0.768      0.000 4
 251  247     -0.101      0.216      0.000 4
 253  231     -0.092      1.113      0.000 4
 262   -2     -0.087      0.377      0.000 4
 255  250     -0.082      0.054      0.000 4
 257  249     -0.081     -1.019      0.000 4
 256  251     -0.080      0.892      0.000 4
 250  254     -0.064     -1.161      0.000 4
  -1  245     -0.059     -0.236      0.000 4
  -1   -2     -0.057      1.003      0.000 4
 264  257     -0.040      0.834      0.000 4
 261  258     -0.037      0.231      0.000 4
 263  260     -0.027      0.566      0.000 4
 266  262     -0.021      0.651      0.000 4
 265  263     -0.020     -0.023      0.000 4
 258   -2     -0.019     -1.073      0.000 4
  -1  264     -0.016      0.905      0.000 4
 268  265      0.017      0.425      0.000 4
 270  266      0.037      0.591      0.000 4
 269  267      0.037      0.104      0.000 4
 271  268      0.040      1.016      0.000 4
 272  269      0.045     -0.590      0.000 4
 273  270      0.048     -0.730      0.000 4
 274  272      0.052     -0.004      0.000 4
 276  274      0.064      0.299      0.000 4
 278  276      0.071     -1.074      0.000 4
 279  277      0.085      0.269      0.000 4
 281  279      0.099     -0.155      0.000 4
 277  288      0.102     -0.962      0.000 4
 280  273      0.104      0.824      0.000 4
 300   -2      0.107     -1.171      0.000 4
 286  283      0.112     -0.342      0.000 4
 275  295      0.117     -0.270      0.000 4
 290  285      0.133     -1.034      0.000 4
 292   -2      0.138     -0.951      0.000 4
 293  289      0.139      0.552      0.000 4
 284  290      0.140      0.117      0.000 4
 288   -2      0.151     -0.879      0.000 4
 295  291      0.172      0.246      0.000 4
 296  292      0.174      0.693      0.000 4
 297  293      0.176     -0.418      0.000 4
 298  294      0.185     -0.847      0.000 4
 299   -2      0.189     -0.255      0.000 4
 301  296      0.199     -1.057      0.000 4
 302  297      0.212     -0.677      0.000 4
 303  298      0.225      0.045      0.000 4
 304  299      0.227     -1.080      0.000 4
 306  300      0.229     -0.568      0.000 4
 307  301      0.232      0.875      0.000 4
 308   -2      0.234      0.722      0.000 4
  -1  302      0.240      0.636      0.000 4
 309  303      0.242      0.365      0.000 4
  -1   -2      0.245     -0.845      0.000 4
 311  305      0.256     -0.066      0.000 4
  -1   -2      0.257      0.077      0.000 4
 312   -2      0.263     -0.588      0.000 4
 313  306      0.269     -1.037      0.000 4
 314   -2      0.273     -0.397      0.000 4
 317  307      0.280     -1.117      0.000 4
 316  308      0.284     -0.207      0.000 4
  -1  312      0.300      0.105      0.000 4
 319   -2      0.305      0.643      0.000 4
 321   -2      0.307     -1.174      0.000 4
 318   -2      0.309     -0.697      0.000 4
  -1   -2      0.313      0.959      0.000 4
 320  310      0.313      0.820      0.000 4
 323  311      0.326      0.756      0.000 4
 324   -2      0.330      0.173      0.000 4
  -1  323      0.333      0.521      0.000 4
 325  314      0.342     -1.025      0.000 4
  -1  313      0.344     -1.171      0.000 4
  -1   -2      0.346      0.474      0.000 4
 326  315      0.350      1.121      0.000 4
 327  309      0.356      0.569      0.000 4
 328  317      0.359     -0.878      0.000 4
 322  324      0.361     -0.025      0.000 4
 329   -2      0.365     -0.186      0.000 4
 331  320      0.374     -0.944      0.000 4
  -1  319      0.378      0.383      0.000 4
  -1   -2      0.386     -1.170      0.000 4
 332  321      0.390      0.055      0.000 4
 337   -2      0.391     -0.775      0.000 4
 333  322      0.398      0.692      0.000 4
  -1   -2      0.400      0.017      0.000 4
  -1   -2      0.400      0.465      0.000 4
 334  325      0.409     -0.697      0.000 4
 335  326      0.411     -0.551      0.000 4
 336  327      0.420      0.236      0.000 4
 338   -2      0.424      0.731      0.000 4
 339  329      0.426     -0.249      0.000 4
  -1  318      0.426     -0.108      0.000 4
 340  331      0.448      0.785      0.000 4
 341  332      0.453     -0.636      0.000 4
 342  333      0.457     -1.168      0.000 4
 344  334      0.471     -0.260      0.000 4
 345  335      0.473      0.628      0.000 4
 346  336      0.477     -0.300      0.000 4
 343  355      0.480      0.441      0.000 4
 347  338      0.483      1.053      0.000 4
 348  339      0.487     -0.461      0.000 4
 349  340      0.497      0.881      0.000 4
 351  342      0.499     -1.143      0.000 4
 350  341      0.500     -0.571      0.000 4
 352  343      0.508      0.200      0.000 4
  -1   -2      0.513      0.724      0.000 4
 354  345      0.522     -0.414      0.000 4
 353  347      0.523      1.123      0.000 4
 355  346      0.524      0.117      0.000 4
  -1  349      0.530     -1.055      0.000 4
 356  356      0.531     -0.730      0.000 4
 357  350      0.542      0.363      0.000 4
 358  351      0.545     -0.591      0.000 4
  -1  344      0.558      0.694      0.000 4
 359  352      0.559     -0.294      0.000 4
  -1  361      0.561      1.166      0.000 4
 361  353      0.562      0.006      0.000 4
 362  357      0.576     -0.712      0.000 4
 364   -2      0.586     -0.453      0.000 4
 363  359      0.588     -0.766      0.000 4
 366   -2      0.591      1.121      0.000 4
 369  363      0.611      0.505      0.000 4
  -1   -2      0.612     -0.906      0.000 4
 374   -2      0.614      0.379      0.000 4
 373  365      0.615      0.417      0.000 4
 370  366      0.616      1.078      0.000 4
 365  364      0.616     -0.244      0.000 4
 372  368      0.621     -0.974      0.000 4
 368  367      0.625     -1.171      0.000 4
 376   -2      0.625      0.213      0.000 4
 387   -2      0.635     -0.932      0.000 4
 379  373      0.638     -0.020      0.000 4
 380  374      0.639      1.048      0.000 4
 381  376      0.646      0.995      0.000 4
 382  377      0.647     -0.434      0.000 4
  -1  378      0.660      0.526      0.000 4
 384  370      0.670      0.212      0.000 4
 385  379      0.674     -0.600      0.000 4
 386  380      0.683     -0.695      0.000 4
 388  381      0.689      0.758      0.000 4
 390   -2      0.712      0.650      0.000 4
 391  385      0.714     -0.558      0.000 4
 393  387      0.729     -0.977      0.000 4
 394  389      0.749     -0.758      0.000 4
 395  388      0.749     -0.041      0.000 4
 396  390      0.755     -1.025      0.000 4
  -1  391      0.765     -0.862      0.000 4
 399  395      0.772      0.692      0.000 4
 408  384      0.772      0.584      0.000 4
 403  394      0.784      0.925      0.000 4
 400  396      0.786     -0.397      0.000 4
 402  397      0.788      0.349      0.000 4
 401  398      0.789      0.377      0.000 4
  -1  400      0.799     -0.617      0.000 4
  -1   -2      0.802      0.666      0.000 4
  -1   -2      0.806     -0.714      0.000 4
 404  402      0.808      0.700      0.000 4
  -1  411      0.809     -0.985      0.000 4
 406   -2      0.820     -1.089      0.000 4
 407  404      0.822      0.630      0.000 4
  -1   -2      0.823     -0.434      0.000 4
 409  409      0.826      0.841      0.000 4
  -1  408      0.826     -0.143      0.000 4
  -1  419      0.827     -1.168      0.000 4
 412  410      0.835     -0.230      0.000 4
 411   -2      0.836     -1.034      0.000 4
 410   -2      0.841      0.225      0.000 4
 413  412      0.841     -0.761      0.000 4
  -1  413      0.846     -0.397      0.000 4
 415  415      0.853     -0.588      0.000 4
 421  406      0.858     -1.122      0.000 4
 417  418      0.861     -0.838      0.000 4
 418  416      0.861      0.342      0.000 4
 420  420      0.872     -0.338      0.000 4
 422   -2      0.898     -1.007      0.000 4
 423  422      0.903      1.032      0.000 4
 424  423      0.907     -0.032      0.000 4
 425  424      0.908      1.133      0.000 4
  -1   -2      0.932      0.199      0.000 4
  -1   -2      0.938      0.077      0.000 4
  -1   -2      0.939     -1.161      0.000 4
  -1  428      0.953      0.731      0.000 4
 429  430      0.960     -0.823      0.000 4
 430  431      0.961     -0.608      0.000 4
  -1   -2      0.962     -0.671      0.000 4
 431  433      0.964     -0.052      0.000 4
 432  432      0.965      0.176      0.000 4
 433  435      0.970      1.016      0.000 4
 436  438      0.980      0.206      0.000 4
 435   -2      0.980     -0.160      0.000 4
 437   -2      0.983      0.902      0.000 4
 438  439      0.985      0.947      0.000 4
 428  444      0.985     -1.121      0.000 4
 439   -2      1.001      0.735      0.000 4
 440  436      1.002     -0.107      0.000 4
 441  441      1.011      0.495      0.000 4
 442  429      1.015     -0.743      0.000 4
 447   -2      1.026      0.289      0.000 4
 449  443      1.029      0.247      0.000 4
 445  446      1.029     -0.580      0.000 4
 446   -2      1.029     -0.484      0.000 4
 450  447      1.032      1.043      0.000 4
 448  448      1.034     -0.897      0.000 4
 455  440      1.034     -1.172      0.000 4
  -1   -2      1.037      0.404      0.000 4
 452  449      1.053     -0.081      0.000 4
  -1   -2      1.059     -0.242      0.000 4
 453  450      1.060     -0.297      0.000 4
  -1  442      1.069      0.322      0.000 4
  -1   -2      1.089     -0.198      0.000 4
 459  455      1.099      0.648      0.000 4
 457  456      1.099     -1.094      0.000 4
 458  457      1.101     -0.676      0.000 4
  -1  459      1.106      1.033      0.000 4
 464  458      1.111     -0.377      0.000 4
  -1  445      1.116     -0.483      0.000 4
 460  460      1.117      0.598      0.000 4
 461  461      1.126      0.551      0.000 4
  -1   -2      1.126      0.702      0.000 4
 462   -2      1.129     -0.140      0.000 4
 463  462      1.131      0.098      0.000 4
 466  463      1.154     -0.771      0.000 4
 467  466      1.159     -1.008      0.000 4
 468  464      1.160      0.345      0.000 4
 469  465      1.163      0.228      0.000 4
 471  467      1.170     -0.225      0.000 4
 470  469      1.172     -0.924      0.000 4
 472  470      1.186     -0.426      0.000 4
  -1  472      1.189      0.923      0.000 4
  -1   -2      1.191     -0.704      0.000 4
 475  473      1.197      0.168      0.000 4
  -1   -2      1.199     -0.737      0.000 4
 476  474      1.206      1.005      0.000 4
 478  476      1.222      0.463      0.000 4
 474  484      1.223     -1.089      0.000 4
 479  479      1.232     -0.704      0.000 4
 481  478      1.233      0.805      0.000 4
 480  480      1.234     -0.113      0.000 4
 482  481      1.240      0.398      0.000 4
 483  482      1.249     -0.463      0.000 4
 485  475      1.268      0.695      0.000 4
 487  485      1.280     -0.087      0.000 4
 488   -2      1.286     -0.986      0.000 4
 491  486      1.289      0.984      0.000 4
 492  487      1.299     -0.678      0.000 4
 493  489      1.301     -0.760      0.000 4
  -1   -2      1.307      0.204      0.000 4
  -1   -2      1.314      0.575      0.000 4
 503   -2      1.315     -0.067      0.000 4
  -1  491      1.320      0.905      0.000 4
 494  493      1.325     -0.538      0.000 4
 501  490      1.328      0.031      0.000 4
 516  468      1.328      1.053      0.000 4
  -1  496      1.331     -0.398      0.000 4
 497  498      1.335     -1.118      0.000 4
 500  492      1.339      0.218      0.000 4
 502  500      1.348      0.739      0.000 4
 498  502      1.352     -1.172      0.000 4
 499  504      1.360     -0.701      0.000 4
 504  503      1.371     -0.791      0.000 4
 510  508      1.416      0.247      0.000 4
 511  509      1.416      0.719      0.000 4
 524   -2      1.442      0.609      0.000 4
 515  512      1.446     -0.105      0.000 4
 514  511      1.451      0.275      0.000 4
 507  522      1.452     -0.230      0.000 4
 517  515      1.468     -0.715      0.000 4
  -1  514      1.473      0.186      0.000 4
 520  517      1.480     -0.641      0.000 4
 519  516      1.480     -0.568      0.000 4
 521  518      1.486      0.436      0.000 4
  -1  519      1.488      0.501      0.000 4
 522  520      1.494     -0.447      0.000 4
  -1  521      1.496      0.864      0.000 4
  -1   -2      1.500     -0.319      0.000 4
 518  523      1.503     -1.027      0.000 4
 525  525      1.525      0.502      0.000 4
 526  526      1.540     -1.176      0.000 4
  -1  532      1.542      0.116      0.000 4
 528  531      1.543      0.148      0.000 4
  -1  535      1.572      0.253      0.000 4
