534
   0    0     -1.574      0.916      0.000 4
   1    2     -1.570     -0.810      0.000 4
  -1    3     -1.556     -0.144      0.000 4
   6    6     -1.540      0.349      0.000 4
   4    5     -1.540      0.236      0.000 4
   7    7     -1.529      0.299      0.000 4
   8    9     -1.522      0.565      0.000 4
   9   11     -1.518      0.442      0.000 4
  11   10     -1.517     -1.110      0.000 4
  12   12     -1.511      0.702      0.000 4
  13   13     -1.510     -0.320      0.000 4
  14   14     -1.501      0.164      0.000 4
  -1   15     -1.495     -1.086      0.000 4
  -1   16     -1.494     -0.422      0.000 4
  10   29     -1.492     -1.172      0.000 4
  21   18     -1.466      1.061      0.000 4
  20   20     -1.466      0.365      0.000 4
  19   -2     -1.464     -0.547      0.000 4
  23   22     -1.454     -0.375      0.000 4
  24   21     -1.454     -0.649      0.000 4
  -1   -2     -1.449      0.227      0.000 4
  28   23     -1.441     -1.020      0.000 4
  26   24     -1.440      0.750      0.000 4
  27   25     -1.435      0.304      0.000 4
  22   30     -1.432     -0.286      0.000 4
  34   -2     -1.423     -1.138      0.000 4
  29   26     -1.423      0.803      0.000 4
  30   27     -1.421      0.068      0.000 4
  -1   -2     -1.420     -0.754      0.000 4
  31   28     -1.417     -0.414      0.000 4
  33   31     -1.409      0.678      0.000 4
  38   -2     -1.400      0.019      0.000 4
  35   32     -1.394      0.643      0.000 4
  36   33     -1.378     -0.898      0.000 4
  37   34     -1.369     -0.009      0.000 4
  39   36     -1.357      0.177      0.000 4
  40   35     -1.355      1.156      0.000 4
  -1   39     -1.353      0.730      0.000 4
  41   -2     -1.348      0.331      0.000 4
  42   38     -1.347     -0.935      0.000 4
  43   41     -1.331      0.965      0.000 4
  44   40     -1.328     -1.079      0.000 4
  -1   37     -1.327     -1.163      0.000 4
  45   42     -1.324     -0.357      0.000 4
  47   43     -1.322      0.924      0.000 4
  46   44     -1.318      0.584      0.000 4
  -1   45     -1.307     -1.038      0.000 4
  48   -2     -1.300     -0.855      0.000 4
  49   46     -1.295     -1.173      0.000 4
  -1   47     -1.281     -0.881      0.000 4
  -1   53     -1.280      1.074      0.000 4
  50   49     -1.272     -0.655      0.000 4
  51   50     -1.267     -0.551      0.000 4
  54   52     -1.255     -1.018      0.000 4
  52   -2     -1.249     -0.130      0.000 4
  55   -2     -1.245      1.029      0.000 4
  56   54     -1.233     -1.173      0.000 4
  57   56     -1.230     -0.867      0.000 4
  58   57     -1.222      0.858      0.000 4
  60   58     -1.208     -0.669      0.000 4
  -1   59     -1.202     -1.089      0.000 4
  61   60     -1.202      0.749      0.000 4
  62   61     -1.192      0.657      0.000 4
  63   62     -1.179      0.415      0.000 4
  65   63     -1.175     -1.163      0.000 4
  64   -2     -1.170     -0.362      0.000 4
  68   65     -1.164     -0.897      0.000 4
  69   67     -1.163     -0.859      0.000 4
  71   66     -1.162      1.049      0.000 4
  -1   68     -1.161     -1.117      0.000 4
  72   71     -1.144     -0.110      0.000 4
  73   70     -1.143      0.670      0.000 4
  75   72     -1.125     -0.386      0.000 4
  70   -2     -1.122     -1.123      0.000 4
  77   73     -1.116      1.063      0.000 4
  78   -2     -1.114     -0.324      0.000 4
  76   74     -1.114      0.410      0.000 4
  81   75     -1.110     -0.490      0.000 4
  79   76     -1.109     -0.293      0.000 4
  80   77     -1.099     -1.171      0.000 4
  82   79     -1.089      0.489      0.000 4
  -1   -2     -1.088     -0.972      0.000 4
  -1   78     -1.084     -1.089      0.000 4
  83   80     -1.082      0.820      0.000 4
  -1   81     -1.076     -0.164      0.000 4
  86   83     -1.067      0.398      0.000 4
  85   82     -1.067      0.195      0.000 4
  -1   94     -1.058     -0.681      0.000 4
  87   84     -1.056      0.591      0.000 4
  88   86     -1.047     -0.224      0.000 4
  91   88     -1.029      0.345      0.000 4
  92   87     -1.028     -0.441      0.000 4
  93   89     -1.016     -0.884      0.000 4
  94   90     -1.012     -1.080      0.000 4
  84   -2     -1.008     -1.171      0.000 4
  95   91     -1.007      0.926      0.000 4
  97   93     -0.998      1.041      0.000 4
 101   -2     -0.996     -0.680      0.000 4
  98   95     -0.983     -0.590      0.000 4
  99   96     -0.978     -0.953      0.000 4
 102   97     -0.976     -1.018      0.000 4
 104   98     -0.967      1.070      0.000 4
 103   99     -0.967      0.312      0.000 4
 105  100     -0.957      0.575      0.000 4
 106   -2     -0.952     -0.089      0.000 4
  -1  101     -0.950     -1.133      0.000 4
  -1  102     -0.946      0.506      0.000 4
  -1   -2     -0.943     -1.022      0.000 4
 107  103     -0.938     -0.959      0.000 4
  -1  105     -0.912      0.909      0.000 4
 108  106     -0.908      1.093      0.000 4
 109  108     -0.903      0.694      0.000 4
 110  109     -0.896     -0.135      0.000 4
 113  111     -0.883     -0.215      0.000 4
 117  113     -0.878     -0.749      0.000 4
 116  112     -0.877     -0.617      0.000 4
 114  116     -0.877      0.330      0.000 4
 118  118     -0.875     -0.048      0.000 4
 115  117     -0.874     -0.010      0.000 4
 111   -2     -0.872     -1.170      0.000 4
 119  119     -0.863     -0.697      0.000 4
 112  124     -0.853      0.419      0.000 4
 121  120     -0.851      0.736      0.000 4
 120  122     -0.848      0.261      0.000 4
 123  123     -0.839      0.317      0.000 4
  -1   -2     -0.836      0.390      0.000 4
  -1  125     -0.831     -1.085      0.000 4
 124  126     -0.826      1.046      0.000 4
 126  128     -0.822      0.816      0.000 4
 125  127     -0.821      1.093      0.000 4
 127  129     -0.812     -0.055      0.000 4
 129   -2     -0.803     -0.948      0.000 4
  -1  130     -0.803     -0.916      0.000 4
 128  132     -0.798      0.037      0.000 4
 130  131     -0.796      0.991      0.000 4
 131  133     -0.794      0.882      0.000 4
 133  135     -0.792     -0.754      0.000 4
 132  134     -0.792     -0.800      0.000 4
 134  136     -0.788     -0.443      0.000 4
 137  137     -0.768      0.140      0.000 4
  -1  140     -0.763     -0.943      0.000 4
 138  139     -0.759     -0.144      0.000 4
  -1  147     -0.759     -0.346      0.000 4
 155  114     -0.755     -1.076      0.000 4
 142  141     -0.739      0.972      0.000 4
  -1  142     -0.735     -0.963      0.000 4
 143  145     -0.731     -0.100      0.000 4
 141   -2     -0.729     -1.168      0.000 4
 145  146     -0.727      0.761      0.000 4
 146  144     -0.727     -1.009      0.000 4
 147  149     -0.715      0.073      0.000 4
 135   -2     -0.713      0.667      0.000 4
 149  148     -0.712     -0.547      0.000 4
  -1  150     -0.707      0.865      0.000 4
 151  158     -0.699     -0.679      0.000 4
 152  151     -0.697      0.716      0.000 4
 139   -2     -0.688      0.428      0.000 4
 154  154     -0.687      1.052      0.000 4
  -1  155     -0.684      1.012      0.000 4
 164  143     -0.684     -1.126      0.000 4
 156   -2     -0.681      0.914      0.000 4
 158  157     -0.675     -0.557      0.000 4
 160  159     -0.666     -0.298      0.000 4
 174  160     -0.656      1.083      0.000 4
 163  161     -0.641      1.133      0.000 4
  -1  166     -0.641     -1.110      0.000 4
 166  162     -0.634     -0.754      0.000 4
 165  164     -0.633     -0.271      0.000 4
 167  165     -0.631     -0.421      0.000 4
 168  163     -0.631     -1.066      0.000 4
 173  167     -0.623     -0.994      0.000 4
 170  169     -0.621     -0.497      0.000 4
 184   -2     -0.621      0.874      0.000 4
  -1   -2     -0.620      1.061      0.000 4
 172  171     -0.619      0.048      0.000 4
 175  172     -0.601      0.340      0.000 4
 176  173     -0.592     -0.757      0.000 4
 177   -2     -0.583      0.263      0.000 4
 178   -2     -0.577     -0.224      0.000 4
  -1  183     -0.576     -1.169      0.000 4
 179  175     -0.572      0.467      0.000 4
  -1  177     -0.568      0.527      0.000 4
 180  176     -0.568     -0.496      0.000 4
  -1  178     -0.560      1.035      0.000 4
 181  179     -0.554      0.657      0.000 4
 182  180     -0.549     -0.961      0.000 4
 185  182     -0.537      0.081      0.000 4
  -1  181     -0.534     -1.086      0.000 4
 186  185     -0.533      0.185      0.000 4
 187   -2     -0.531      1.159      0.000 4
 188  186     -0.512     -0.043      0.000 4
 189   -2     -0.497     -1.172      0.000 4
 190  189     -0.492     -0.120      0.000 4
 191  188     -0.490     -0.658      0.000 4
 206   -2     -0.481      0.127      0.000 4
 192  191     -0.478     -0.271      0.000 4
 194  192     -0.463      0.431      0.000 4
  -1   -2     -0.456     -0.746      0.000 4
 195  194     -0.441     -0.922      0.000 4
 196  195     -0.432     -0.811      0.000 4
 213   -2     -0.429      0.312      0.000 4
  -1  184     -0.428      1.170      0.000 4
 198  198     -0.425      0.724      0.000 4
 199   -2     -0.425     -0.491      0.000 4
 201  200     -0.422     -0.172      0.000 4
 204   -2     -0.414     -1.116      0.000 4
 203  201     -0.411     -0.579      0.000 4
 205  203     -0.402     -0.271      0.000 4
 207  206     -0.392     -0.237      0.000 4
 208  204     -0.392      0.699      0.000 4
 209  205     -0.390     -0.640      0.000 4
 211  207     -0.378     -0.928      0.000 4
 210  208     -0.373      1.027      0.000 4
  -1  209     -0.368      0.874      0.000 4
  -1  199     -0.367     -1.176      0.000 4
 212  210     -0.362      0.954      0.000 4
 214  211     -0.357      0.839      0.000 4
 217  212     -0.336     -0.544      0.000 4
  -1  213     -0.326      0.512      0.000 4
 218  215     -0.326      0.296      0.000 4
 222   -2     -0.323     -0.753      0.000 4
 219  216     -0.314      0.763      0.000 4
 221  217     -0.308     -0.893      0.000 4
 223   -2     -0.302     -0.806      0.000 4
 224  218     -0.298     -0.448      0.000 4
 225  220     -0.294     -0.176      0.000 4
 226  219     -0.291     -0.944      0.000 4
  -1   -2     -0.289     -1.114      0.000 4
  -1  221     -0.281     -1.173      0.000 4
 228  222     -0.279      0.395      0.000 4
  -1  223     -0.269      0.744      0.000 4
 229  224     -0.266     -0.374      0.000 4
 230  225     -0.262     -1.029      0.000 4
 227  229     -0.259     -1.142      0.000 4
 231   -2     -0.255      0.700      0.000 4
 234  226     -0.252     -0.641      0.000 4
 216  240     -0.252      0.120      0.000 4
 233  228     -0.243     -0.826      0.000 4
  -1  230     -0.240      0.321      0.000 4
 235  231     -0.229     -1.093      0.000 4
  -1  232     -0.227      0.510      0.000 4
 236  233     -0.220      0.014      0.000 4
 237  234     -0.219      0.674      0.000 4
 240   -2     -0.201     -1.146      0.000 4
 268  214     -0.197      0.043      0.000 4
  -1  237     -0.190     -0.502      0.000 4
 246  243     -0.176     -1.153      0.000 4
 245  242     -0.176     -0.241      0.000 4
 247  244     -0.162     -0.726      0.000 4
 249  245     -0.148     -0.169      0.000 4
  -1   -2     -0.144     -1.118      0.000 4
 258  246     -0.137     -0.616      0.000 4
 250  247     -0.136      0.457      0.000 4
 251  248     -0.134      0.363      0.000 4
 252  249     -0.130     -0.970      0.000 4
  -1  250     -0.125      0.732      0.000 4
 253  251     -0.125     -0.074      0.000 4
 255  252     -0.122      0.585      0.000 4
 259  253     -0.092      0.214      0.000 4
 261  254     -0.084      1.085      0.000 4
 260  255     -0.083     -0.154      0.000 4
  -1   -2     -0.078     -1.038      0.000 4
 263  258     -0.075     -0.584      0.000 4
 264  260     -0.071     -0.302      0.000 4
 256  269     -0.069     -1.172      0.000 4
 257  274     -0.068      0.330      0.000 4
 266  262     -0.057      0.550      0.000 4
  -1  263     -0.046     -0.003      0.000 4
 273  265     -0.030      1.141      0.000 4
  -1  257     -0.025     -1.072      0.000 4
 274  270     -0.006     -0.119      0.000 4
 276   -2     -0.004      0.533      0.000 4
 279  273      0.012      0.920      0.000 4
 280  275      0.016      0.806      0.000 4
 278  281      0.018      0.042      0.000 4
 283  278      0.035      0.539      0.000 4
 275   -2      0.037     -1.171      0.000 4
  -1   -2      0.042     -1.060      0.000 4
 285  279      0.043      0.314      0.000 4
  -1   -2      0.052     -0.042      0.000 4
 290  282      0.062      0.846      0.000 4
 291  284      0.063      0.611      0.000 4
 292  285      0.066     -1.020      0.000 4
  -1  283      0.071     -0.957      0.000 4
 294  286      0.075     -0.860      0.000 4
 284  301      0.087     -1.167      0.000 4
 296  291      0.092      0.143      0.000 4
 282  303      0.093     -0.658      0.000 4
 299  294      0.103      0.102      0.000 4
  -1  295      0.105      0.421      0.000 4
 287   -2      0.109     -0.144      0.000 4
 304  296      0.121      0.379      0.000 4
 308  298      0.138     -0.951      0.000 4
 305  297      0.138      0.793      0.000 4
 309  299      0.142     -0.544      0.000 4
  -1   -2      0.143     -1.132      0.000 4
 310  300      0.147     -0.439      0.000 4
 311   -2      0.147      0.632      0.000 4
 313  302      0.157      0.983      0.000 4
 312   -2      0.158     -0.620      0.000 4
  -1  293      0.170     -0.080      0.000 4
 314  304      0.174      0.339      0.000 4
 318   -2      0.182     -1.168      0.000 4
 315  305      0.186     -0.641      0.000 4
 316  306      0.193     -1.137      0.000 4
  -1  307      0.198     -0.417      0.000 4
  -1   -2      0.202      0.357      0.000 4
  -1   -2      0.204      1.011      0.000 4
 317  308      0.210      0.906      0.000 4
 319  310      0.216     -0.955      0.000 4
 320  311      0.216      0.028      0.000 4
 321  312      0.218      0.519      0.000 4
 322  313      0.223     -0.273      0.000 4
  -1   -2      0.224      0.985      0.000 4
 323  314      0.228     -0.822      0.000 4
 324  315      0.240     -0.136      0.000 4
 325   -2      0.247     -1.177      0.000 4
 327  316      0.260      0.908      0.000 4
 328  318      0.260     -0.843      0.000 4
 329  317      0.263      0.125      0.000 4
 330  320      0.265     -0.335      0.000 4
 332  322      0.275      1.124      0.000 4
 333  323      0.279      1.050      0.000 4
 334  325      0.282      0.229      0.000 4
  -1  327      0.292      0.154      0.000 4
 335  328      0.303     -0.955      0.000 4
 336  321      0.320     -0.299      0.000 4
 331  338      0.323      0.656      0.000 4
 343  324      0.325      0.841      0.000 4
 337  332      0.325     -1.170      0.000 4
 341   -2      0.326     -0.179      0.000 4
 340  333      0.327      0.054      0.000 4
  -1  335      0.336      0.960      0.000 4
  -1  326      0.362      0.681      0.000 4
 345  339      0.366     -1.131      0.000 4
 346  340      0.380     -0.759      0.000 4
 347  341      0.387      0.052      0.000 4
  -1  342      0.390     -0.931      0.000 4
 348   -2      0.396     -1.176      0.000 4
 350  343      0.401      0.277      0.000 4
 349  344      0.402     -0.382      0.000 4
 352  346      0.413      0.157      0.000 4
 353  347      0.420     -1.068      0.000 4
 355  348      0.423     -0.840      0.000 4
 356  349      0.427      0.835      0.000 4
 357  350      0.432     -0.627      0.000 4
 358  351      0.445      1.161      0.000 4
 360  352      0.445      0.002      0.000 4
 362  354      0.453     -0.567      0.000 4
 342  367      0.455      1.048      0.000 4
 361  358      0.471      0.630      0.000 4
 364  356      0.471     -0.403      0.000 4
 365  357      0.475      0.692      0.000 4
 380   -2      0.480      0.526      0.000 4
 367  360      0.480      0.298      0.000 4
 366  361      0.481     -1.120      0.000 4
 369   -2      0.484      0.020      0.000 4
  -1   -2      0.485      0.199      0.000 4
 370  362      0.497     -0.756      0.000 4
 372  363      0.502     -0.026      0.000 4
 371   -2      0.511     -0.919      0.000 4
  -1  364      0.511     -0.963      0.000 4
 375  365      0.514     -0.587      0.000 4
  -1   -2      0.515      0.297      0.000 4
 376  366      0.521      0.718      0.000 4
 373   -2      0.533      0.643      0.000 4
 378  368      0.535     -0.861      0.000 4
  -1  369      0.553     -0.890      0.000 4
 398   -2      0.555      0.671      0.000 4
 381  371      0.561     -0.545      0.000 4
  -1  372      0.563     -0.921      0.000 4
 384  373      0.584      0.860      0.000 4
  -1  374      0.587     -0.694      0.000 4
 386  375      0.588     -0.036      0.000 4
 377  376      0.588      0.988      0.000 4
 387  377      0.602      0.475      0.000 4
 388  378      0.606     -1.013      0.000 4
 389  380      0.606     -0.960      0.000 4
 390  379      0.608      0.512      0.000 4
 391  381      0.611     -0.715      0.000 4
  -1  387      0.614      0.303      0.000 4
 392  383      0.619      0.769      0.000 4
 396   -2      0.626     -1.066      0.000 4
 394  384      0.627     -0.608      0.000 4
 395  386      0.636     -0.808      0.000 4
 393  388      0.638     -1.106      0.000 4
 399  390      0.642     -1.170      0.000 4
  -1  389      0.648     -0.380      0.000 4
 400   -2      0.652      0.532      0.000 4
  -1   -2      0.659      1.132      0.000 4
 401  393      0.662      0.462      0.000 4
 402  394      0.664      0.894      0.000 4
 403  395      0.670      0.813      0.000 4
 404   -2      0.671     -0.454      0.000 4
 405  405      0.682     -1.008      0.000 4
 406  391      0.682     -0.252      0.000 4
 408  397      0.707     -0.838      0.000 4
 412  398      0.709     -0.064      0.000 4
  -1  399      0.711     -0.002      0.000 4
 410  401      0.712     -0.628      0.000 4
 416  400      0.719      1.134      0.000 4
  -1  396      0.721     -0.431      0.000 4
 413   -2      0.727     -0.676      0.000 4
 414  403      0.730      1.038      0.000 4
 417  402      0.733     -0.362      0.000 4
 418  407      0.743     -0.869      0.000 4
 420  406      0.749      0.246      0.000 4
 415   -2      0.759     -1.089      0.000 4
 409  427      0.766      1.133      0.000 4
 423  409      0.771     -0.627      0.000 4
 424   -2      0.785     -1.047      0.000 4
  -1   -2      0.790      0.442      0.000 4
 425   -2      0.796     -0.809      0.000 4
 427  416      0.797     -0.983      0.000 4
  -1  414      0.797      0.372      0.000 4
 428  413      0.797      0.323      0.000 4
  -1  417      0.800      1.021      0.000 4
 429  415      0.801      0.611      0.000 4
 431   -2      0.814      0.881      0.000 4
  -1  429      0.843     -1.122      0.000 4
 454  410      0.848     -1.060      0.000 4
 435  421      0.848     -0.041      0.000 4
 437  426      0.852      0.866      0.000 4
 436  428      0.854     -0.788      0.000 4
 456  412      0.855     -0.821      0.000 4
  -1  430      0.865      0.086      0.000 4
 462  408      0.867     -1.157      0.000 4
 439  433      0.890     -0.663      0.000 4
 440  434      0.894     -0.262      0.000 4
 444  435      0.899      0.154      0.000 4
 442   -2      0.902      1.049      0.000 4
  -1  439      0.908      1.095      0.000 4
 445  442      0.911     -0.454      0.000 4
 446   -2      0.911      0.740      0.000 4
 447  443      0.913      0.631      0.000 4
 448  444      0.917      0.682      0.000 4
 449   -2      0.920     -0.288      0.000 4
 452  445      0.920      0.408      0.000 4
 451  446      0.922      1.147      0.000 4
 450  448      0.923     -0.802      0.000 4
 441  438      0.930     -1.000      0.000 4
  -1  450      0.931     -1.078      0.000 4
 461  423      0.933     -0.543      0.000 4
  -1  453      0.944      0.020      0.000 4
 457  452      0.956      0.781      0.000 4
 458  451      0.958      0.223      0.000 4
  -1   -2      0.962     -0.224      0.000 4
  -1   -2      0.967     -0.044      0.000 4
  -1  437      0.972      1.024      0.000 4
 459  455      0.976     -1.124      0.000 4
  -1  454      0.977     -0.258      0.000 4
 463  456      0.984     -0.161      0.000 4
 464  457      0.988      0.509      0.000 4
 466  458      1.001      0.437      0.000 4
 467  459      1.016     -0.295      0.000 4
 468  460      1.026     -0.600      0.000 4
 470  462      1.030     -0.043      0.000 4
  -1   -2      1.034      0.747      0.000 4
  -1  473      1.044      0.285      0.000 4
 471  465      1.051     -0.342      0.000 4
 472  466      1.054      0.661      0.000 4
 473  468      1.063     -1.172      0.000 4
 484   -2      1.073     -0.013      0.000 4
 475  471      1.078      1.156      0.000 4
 476  470      1.079      0.825      0.000 4
  -1  472      1.082      0.960      0.000 4
 479   -2      1.097      1.028      0.000 4
 480  475      1.099     -0.663      0.000 4
 496  464      1.109      0.254      0.000 4
 482  477      1.113     -0.989      0.000 4
 485  476      1.116      0.090      0.000 4
 486   -2      1.124     -0.348      0.000 4
  -1   -2      1.124     -0.586      0.000 4
 487  478      1.133      1.025      0.000 4
  -1  479      1.134     -1.175      0.000 4
 489   -2      1.148     -0.796      0.000 4
  -1  481      1.152     -1.099      0.000 4
  -1  483      1.163     -0.567      0.000 4
 492  484      1.192      0.879      0.000 4
  -1   -2      1.193      0.960      0.000 4
 494   -2      1.200     -1.048      0.000 4
 498   -2      1.224     -0.384      0.000 4
 499  488      1.226     -0.516      0.000 4
  -1  489      1.234      0.550      0.000 4
 491   -2      1.246     -0.586      0.000 4
 503  492      1.253      1.002      0.000 4
 504  493      1.267     -0.162      0.000 4
  -1  494      1.277     -0.527      0.000 4
 505  495      1.284      0.400      0.000 4
 507  498      1.307     -0.502      0.000 4
 506   -2      1.311     -0.989      0.000 4
 510  499      1.323     -0.585      0.000 4
 508  516      1.341     -1.171      0.000 4
 512  501      1.343     -1.099      0.000 4
  -1   -2      1.347      0.745      0.000 4
 515  502      1.371     -0.959      0.000 4
 516  505      1.384     -1.022      0.000 4
 517  504      1.386      0.167      0.000 4
 518  506      1.390      1.109      0.000 4
 520  507      1.404     -0.251      0.000 4
 519  508      1.404     -0.358      0.000 4
 521  511      1.411     -0.968      0.000 4
 523  512      1.415     -0.485      0.000 4
 524  513      1.418     -0.419      0.000 4
 525  514      1.427      0.236      0.000 4
 526   -2      1.428      0.529      0.000 4
 514   -2      1.443     -0.755      0.000 4
  -1  510      1.448     -0.194      0.000 4
 527  520      1.451     -1.077      0.000 4
  -1  519      1.454     -1.119      0.000 4
 529  515      1.463      0.599      0.000 4
 531  521      1.481     -0.772      0.000 4
 532  522      1.485      0.841      0.000 4
  -1  524      1.486     -0.734      0.000 4
 533  523      1.487      0.275      0.000 4
  -1  529      1.491     -1.146      0.000 4
 530   -2      1.498      1.036      0.000 4
 534  525      1.507     -0.061      0.000 4
 536   -2      1.509     -0.215      0.000 4
 538  527      1.530      0.439      0.000 4
 539  528      1.531      0.066      0.000 4
 537   -2      1.532     -0.558      0.000 4
 547  526      1.535     -0.241      0.000 4
 528   -2      1.540     -1.175      0.000 4
 541  532      1.544      1.109      0.000 4
 542  533      1.551     -0.638      0.000 4
 543  534      1.553     -1.062      0.000 4
 544  535      1.555     -0.949      0.000 4
 545  536      1.559      0.729      0.000 4
 548  537      1.566      0.601      0.000 4
  -1   -2      1.566      0.022      0.000 4
 546  538      1.566     -0.843      0.000 4
  -1  540      1.572      0.099      0.000 4
 549  541      1.575      0.388      0.000 4
