536
   1    1     -1.569     -0.853      0.000
   0    2     -1.566      0.249      0.000
  -1    3     -1.562      0.371      0.000
  -1    5     -1.555      0.909      0.000
   3    7     -1.553      0.316      0.000
  10    6     -1.549     -1.173      0.000
   4    8     -1.543      0.600      0.000
   6    9     -1.542      0.469      0.000
   7   10     -1.528      0.743      0.000
   8   11     -1.526     -0.347      0.000
   9   12     -1.524      0.170      0.000
  19   -2     -1.509      0.650      0.000
  -1   14     -1.498      0.956      0.000
  -1   17     -1.496      0.551      0.000
  12   16     -1.496      0.387      0.000
  13   13     -1.484     -0.974      0.000
  -1   15     -1.481     -1.127      0.000
  15   19     -1.472     -0.405      0.000
  -1   22     -1.470     -0.582      0.000
  17   20     -1.463      1.103      0.000
  16   21     -1.463      0.320      0.000
  -1   -2     -1.461      0.230      0.000
  18   -2     -1.460     -0.685      0.000
  -1   23     -1.456      0.789      0.000
  20   24     -1.451      0.067      0.000
  23   27     -1.437      0.021      0.000
  -1   25     -1.435      0.841      0.000
  24   28     -1.434     -0.444      0.000
  25   29     -1.431      0.712      0.000
  -1   30     -1.430     -1.058      0.000
  26   31     -1.417      0.674      0.000
  28   32     -1.409     -1.173      0.000
  27   33     -1.403     -0.016      0.000
  29   35     -1.393      0.184      0.000
  -1   36     -1.371      0.760      0.000
  30   -2     -1.363     -0.932      0.000
  31   37     -1.353      0.608      0.000
  32   38     -1.350     -0.381      0.000
  33   -2     -1.346      0.433      0.000
  34   39     -1.340     -0.971      0.000
  36   40     -1.333      1.000      0.000
  37   43     -1.313      0.555      0.000
  38   42     -1.310     -1.112      0.000
  35   47     -1.299     -1.170      0.000
  39   45     -1.295     -0.950      0.000
  40   44     -1.294     -0.886      0.000
  -1   46     -1.293     -1.073      0.000
  -1   50     -1.283     -0.580      0.000
  44   49     -1.282     -0.685      0.000
  45   -2     -1.282     -1.143      0.000
  47   48     -1.280     -0.136      0.000
  46   51     -1.276     -0.912      0.000
  -1   -2     -1.271     -0.508      0.000
  48   53     -1.261     -0.638      0.000
  -1   34     -1.243      0.036      0.000
  50   54     -1.242     -1.050      0.000
  51   56     -1.236      0.886      0.000
  53   57     -1.226     -0.895      0.000
  52   59     -1.224      0.774      0.000
  55   -2     -1.223      0.677      0.000
  54   61     -1.221      0.431      0.000
  56   60     -1.219     -0.695      0.000
  58   62     -1.201     -0.381      0.000
  -1   58     -1.186      0.598      0.000
  59   64     -1.186     -0.117      0.000
  60   63     -1.185     -0.602      0.000
  61   65     -1.171      0.689      0.000
  63   66     -1.162      1.051      0.000
  -1   67     -1.161      1.091      0.000
  66   69     -1.158     -0.924      0.000
  65   68     -1.158     -0.888      0.000
  64   70     -1.158      0.421      0.000
  -1   71     -1.154     -0.400      0.000
  68   72     -1.146     -0.303      0.000
  62   -2     -1.140     -1.147      0.000
  69   73     -1.133      0.501      0.000
  71   76     -1.119     -0.172      0.000
  -1   74     -1.119     -1.169      0.000
  76   75     -1.114     -1.063      0.000
  72   -2     -1.114      0.200      0.000
  75   77     -1.114      1.085      0.000
  73   78     -1.112      0.408      0.000
  77   79     -1.100      0.838      0.000
  78   80     -1.093      0.603      0.000
  79   81     -1.088     -0.231      0.000
  -1   82     -1.087     -0.190      0.000
  80   85     -1.077      0.354      0.000
  -1   84     -1.073     -1.075      0.000
  82   86     -1.068     -1.113      0.000
  84   88     -1.055     -0.451      0.000
  85   87     -1.055     -0.765      0.000
  -1   89     -1.044      0.587      0.000
  86   90     -1.019      0.939      0.000
  87   92     -1.015      0.315      0.000
  88   91     -1.014     -0.898      0.000
  -1   93     -1.009      0.797      0.000
  89   94     -1.007     -1.167      0.000
  91   95     -1.002      1.055      0.000
  90   96     -1.000     -0.090      0.000
  -1   97     -0.994      0.583      0.000
  -1   -2     -0.989     -0.440      0.000
  -1   -2     -0.981     -0.679      0.000
  -1  103     -0.970     -0.967      0.000
 103   83     -0.967     -1.031      0.000
  -1  101     -0.947      0.755      0.000
  96   -2     -0.946     -0.909      0.000
  97  102     -0.943     -0.135      0.000
  -1  104     -0.934      0.699      0.000
  95  100     -0.931     -0.972      0.000
 100  106     -0.925     -0.217      0.000
 109   -2     -0.920     -1.160      0.000
 102  108     -0.917     -0.012      0.000
  -1  110     -0.909     -0.538      0.000
 104  111     -0.907     -0.445      0.000
  98  125     -0.907      1.103      0.000
 111  107     -0.901      0.323      0.000
 108  114     -0.897     -0.621      0.000
 107  115     -0.897      0.263      0.000
 112  116     -0.887     -0.758      0.000
 110  117     -0.887      0.395      0.000
 113  119     -0.881      0.738      0.000
 114  120     -0.876     -0.705      0.000
  -1  121     -0.861     -0.052      0.000
 116  122     -0.850      0.039      0.000
 118  124     -0.839      0.813      0.000
  -1  113     -0.830     -1.171      0.000
 119   -2     -0.830      1.047      0.000
  -1  130     -0.827     -0.909      0.000
 122  126     -0.822      1.094      0.000
 120  128     -0.820      0.140      0.000
 121  127     -0.820     -0.441      0.000
 123  129     -0.812      0.880      0.000
 124  133     -0.806     -0.144      0.000
 125  131     -0.803      0.990      0.000
 128  135     -0.789     -0.597      0.000
 130  137     -0.779     -0.096      0.000
  -1  136     -0.772      0.513      0.000
  -1  139     -0.759      0.781      0.000
 131  138     -0.758      0.068      0.000
  -1   -2     -0.752      0.217      0.000
  -1  143     -0.748      0.755      0.000
 135  140     -0.748     -1.071      0.000
 134  142     -0.748      0.968      0.000
 136  144     -0.739     -0.542      0.000
 133  148     -0.732     -0.963      0.000
  -1  147     -0.727      0.859      0.000
 129  165     -0.727      0.709      0.000
 142  146     -0.724     -1.171      0.000
 139   -2     -0.721     -1.010      0.000
  -1  149     -0.718     -0.675      0.000
  -1  150     -0.712     -0.630      0.000
 143  151     -0.707     -0.291      0.000
 144  152     -0.702     -0.550      0.000
  -1  153     -0.697      0.988      0.000
 141   -2     -0.692      1.042      0.000
  -1  154     -0.687     -1.129      0.000
 146  156     -0.671     -0.264      0.000
 147  157     -0.668      0.049      0.000
 148  170     -0.654     -0.890      0.000
 149  159     -0.650     -0.486      0.000
 151  160     -0.648     -0.744      0.000
 152   -2     -0.641      0.859      0.000
 153  163     -0.640      1.117      0.000
  -1   -2     -0.636     -1.161      0.000
 155   -2     -0.635      1.078      0.000
  -1  166     -0.634     -1.106      0.000
 156  169     -0.630      0.257      0.000
 158  167     -0.627      1.046      0.000
 159  168     -0.624     -1.060      0.000
 163   -2     -0.619     -0.985      0.000
 161   -2     -0.618     -0.215      0.000
 164  172     -0.615      0.457      0.000
 165  173     -0.606     -0.746      0.000
 166  176     -0.597     -0.482      0.000
 167  177     -0.587      0.641      0.000
  -1   -2     -0.586     -0.810      0.000
 168  178     -0.585      0.083      0.000
  -1  171     -0.580     -0.268      0.000
 171  180     -0.577      0.182      0.000
 172   -2     -0.568      1.014      0.000
  -1  175     -0.564      0.302      0.000
 173  182     -0.561     -0.949      0.000
 174  184     -0.556     -0.038      0.000
  -1   -2     -0.553     -1.171      0.000
 157  203     -0.540     -1.091      0.000
 177  187     -0.536     -0.112      0.000
 178  188     -0.528      1.138      0.000
  -1  189     -0.519      0.127      0.000
 179  190     -0.516     -0.258      0.000
  -1  192     -0.511     -0.002      0.000
 180  191     -0.511     -0.638      0.000
 182  181     -0.507      0.922      0.000
 183  193     -0.502      0.417      0.000
 184  185     -0.499     -1.168      0.000
  -1  183     -0.497      0.837      0.000
  -1  208     -0.470      0.998      0.000
  -1   -2     -0.469     -0.724      0.000
 185   -2     -0.466      0.301      0.000
 186  196     -0.463     -0.162      0.000
 189  197     -0.451      0.699      0.000
 188   -2     -0.450     -0.471      0.000
 190  198     -0.444     -0.898      0.000
 191  199     -0.442     -0.787      0.000
  -1   -2     -0.438     -1.140      0.000
 193  201     -0.436     -0.555      0.000
 194  202     -0.432     -0.258      0.000
 196  204     -0.427     -0.222      0.000
 197  205     -0.423      1.151      0.000
 198  206     -0.418      0.674      0.000
 195   -2     -0.413     -1.121      0.000
 199  207     -0.405     -0.613      0.000
  -1  209     -0.393     -0.682      0.000
 209  195     -0.391      0.421      0.000
 202  210     -0.382     -0.898      0.000
 203  211     -0.378      0.992      0.000
 204  212     -0.374      0.807      0.000
 205  213     -0.372      0.919      0.000
 206  216     -0.364      0.284      0.000
 175   -2     -0.359     -1.154      0.000
 207  217     -0.358     -0.516      0.000
  -1  218     -0.347     -1.109      0.000
  -1  219     -0.342      0.260      0.000
 212  220     -0.336      0.731      0.000
 235   -2     -0.333      1.176      0.000
 214  221     -0.329     -0.163      0.000
  -1   -2     -0.325     -0.926      0.000
  -1  222     -0.319     -0.682      0.000
 215  223     -0.312     -0.858      0.000
 216  224     -0.310      0.379      0.000
 218  225     -0.294     -0.908      0.000
 217  226     -0.292     -0.349      0.000
 219  227     -0.287      0.715      0.000
 220  228     -0.284      0.118      0.000
 221  230     -0.277      0.679      0.000
  -1  229     -0.274     -1.169      0.000
  -1  231     -0.270      0.295      0.000
 222  232     -0.269     -0.607      0.000
 223  233     -0.260     -0.990      0.000
 225  234     -0.251     -1.105      0.000
 238   -2     -0.248     -0.786      0.000
 227  235     -0.245      0.018      0.000
  -1  241     -0.239     -0.179      0.000
 228  236     -0.238      0.640      0.000
  -1   -2     -0.233      0.043      0.000
 229   -2     -0.233     -1.078      0.000
  -1  244     -0.218     -0.103      0.000
  -1  240     -0.212     -0.473      0.000
 232   -2     -0.204     -0.218      0.000
  -1  243     -0.190     -1.167      0.000
  -1   -2     -0.186     -1.070      0.000
 248  237     -0.173     -1.107      0.000
 237   -2     -0.171     -0.154      0.000
  -1  253     -0.170     -0.685      0.000
 239  246     -0.159      0.358      0.000
 241  247     -0.159     -0.578      0.000
 240  245     -0.158      0.432      0.000
 242  248     -0.147     -0.061      0.000
 244  249     -0.140      0.553      0.000
 245   -2     -0.136     -0.273      0.000
 246  251     -0.134      0.295      0.000
 247  250     -0.133     -0.923      0.000
 250  252     -0.113      0.206      0.000
 251  254     -0.109     -0.129      0.000
  -1   -2     -0.108     -0.566      0.000
 252  255     -0.090     -0.543      0.000
 255  258     -0.088      0.313      0.000
 254  257     -0.087     -0.274      0.000
 256  259     -0.083      1.030      0.000
  -1  260     -0.078     -0.608      0.000
 257  261     -0.077     -0.987      0.000
 258  262     -0.070      0.518      0.000
 259  263     -0.069      1.143      0.000
 260  264     -0.065      0.005      0.000
  -1   -2     -0.064     -1.171      0.000
 272   -2     -0.057     -1.003      0.000
  -1  266     -0.041      0.839      0.000
 264  267     -0.036      1.092      0.000
  -1   -2     -0.028      0.767      0.000
 268  272     -0.016      0.289      0.000
 269   -2     -0.012      0.502      0.000
  -1  274      0.005      0.327      0.000
 270  275      0.005      0.048      0.000
 273  276      0.011      0.867      0.000
 275  270      0.012     -0.181      0.000
 274  282      0.014      0.761      0.000
 280   -2      0.020     -1.111      0.000
 277  271      0.025      0.506      0.000
  -1   -2      0.027     -0.932      0.000
 278  278      0.031      0.299      0.000
 271   -2      0.037     -1.169      0.000
  -1  279      0.041     -0.062      0.000
 267  291      0.041     -0.032      0.000
 263   -2      0.051      0.693      0.000
 281  281      0.055      0.574      0.000
 282   -2      0.061      0.797      0.000
 283  283      0.065     -0.966      0.000
 285  284      0.072     -0.807      0.000
 286  285      0.075      0.521      0.000
 287  287      0.082      0.139      0.000
  -1   -2      0.086     -0.862      0.000
 288  288      0.087     -0.613      0.000
 289  289      0.091     -0.196      0.000
  -1  277      0.092     -1.164      0.000
 291   -2      0.095      0.102      0.000
 292  293      0.098      1.084      0.000
 293  294      0.100      0.397      0.000
  -1  295      0.115      0.356      0.000
  -1   -2      0.135      0.853      0.000
  -1  297      0.137     -0.950      0.000
  -1   -2      0.138     -0.175      0.000
 295  299      0.140      0.746      0.000
 297  301      0.143     -0.403      0.000
 298   -2      0.150      0.596      0.000
  -1  300      0.154     -1.121      0.000
 300   -2      0.154     -0.578      0.000
 301  302      0.162      0.928      0.000
 302  303      0.177      0.321      0.000
  -1   -2      0.183     -0.792      0.000
 303  304      0.186     -0.596      0.000
 304  305      0.191     -1.085      0.000
  -1   -2      0.199     -1.165      0.000
 307  308      0.212      1.139      0.000
 310  310      0.215     -0.899      0.000
 311  311      0.218      0.033      0.000
 309   -2      0.221     -1.108      0.000
 312  313      0.224      0.489      0.000
 314  315      0.229     -0.774      0.000
  -1  316      0.237      0.668      0.000
 316  318      0.244     -0.119      0.000
 317  321      0.266      0.857      0.000
 318  322      0.268     -0.311      0.000
 319  323      0.281      1.069      0.000
 320  324      0.288      0.994      0.000
 321  325      0.291      0.219      0.000
  -1   -2      0.321     -1.122      0.000
  -1   -2      0.323      0.512      0.000
 323   -2      0.332     -0.312      0.000
 326  330      0.337      0.056      0.000
  -1  334      0.346      0.909      0.000
 328  333      0.359     -1.170      0.000
 327  332      0.362     -1.085      0.000
  -1   -2      0.370      0.958      0.000
 332   -2      0.374     -0.347      0.000
 329  336      0.383     -0.718      0.000
  -1  335      0.387     -0.295      0.000
 339  329      0.390     -1.137      0.000
  -1  342      0.413     -0.354      0.000
 333  343      0.418      0.262      0.000
 334  345      0.420     -1.026      0.000
 335  344      0.422     -0.403      0.000
 336  346      0.428     -0.801      0.000
 337  347      0.429      0.153      0.000
 338   -2      0.441      0.786      0.000
  -1   -2      0.447      0.824      0.000
 341  348      0.450      1.115      0.000
  -1   -2      0.462     -0.720      0.000
 342  349      0.462     -0.537      0.000
 344  350      0.467      0.004      0.000
 343  366      0.480      0.893      0.000
 347  354      0.486     -0.378      0.000
 349  357      0.500      0.663      0.000
 351  355      0.501      0.499      0.000
 352  359      0.504     -0.723      0.000
 353  361      0.506      0.023      0.000
 354   -2      0.509      0.281      0.000
 355  362      0.520     -0.562      0.000
 356  363      0.524     -0.022      0.000
 357  365      0.526     -0.313      0.000
 358   -2      0.528      0.811      0.000
  -1  364      0.529      0.603      0.000
 359  369      0.545     -0.841      0.000
 360  368      0.546      0.683      0.000
  -1   -2      0.549     -0.779      0.000
  -1  370      0.561      0.612      0.000
 362  371      0.567     -0.893      0.000
 363  372      0.574     -0.521      0.000
  -1  356      0.582      0.291      0.000
 365   -2      0.592      1.162      0.000
 367  373      0.603      0.945      0.000
 368  374      0.603      0.821      0.000
 369   -2      0.610     -0.937      0.000
 370  375      0.612     -0.035      0.000
 371  376      0.620     -0.690      0.000
 372  378      0.631     -1.082      0.000
 373  379      0.634      0.450      0.000
 374  380      0.637      0.486      0.000
 376  384      0.639     -1.166      0.000
 375  382      0.642     -0.787      0.000
 378  383      0.646      0.734      0.000
 379  387      0.666      1.090      0.000
 382  400      0.681     -0.987      0.000
 383  390      0.682      0.855      0.000
 393  393      0.692     -0.441      0.000
 386  392      0.692      0.440      0.000
 385  394      0.692      0.778      0.000
 388  388      0.705     -0.243      0.000
  -1  401      0.708     -1.171      0.000
  -1  396      0.713     -0.821      0.000
  -1  397      0.716      0.057      0.000
 389  398      0.717      1.102      0.000
 377   -2      0.725     -0.612      0.000
 390   -2      0.731     -1.044      0.000
 391  402      0.737     -0.664      0.000
 392  403      0.740      1.090      0.000
 395  404      0.743     -0.005      0.000
 394  405      0.744      1.001      0.000
 387  406      0.748     -0.857      0.000
 396  407      0.755     -0.352      0.000
 399   -2      0.761     -1.087      0.000
  -1  409      0.775      1.173      0.000
  -1  410      0.785      0.233      0.000
 400  411      0.785     -0.617      0.000
 402  413      0.796     -0.026      0.000
 401  414      0.801     -0.795      0.000
 403  412      0.804     -0.997      0.000
  -1  416      0.825     -0.131      0.000
  -1  417      0.827     -0.167      0.000
 405  418      0.831      0.783      0.000
 404  420      0.835      0.587      0.000
 406  419      0.836      0.355      0.000
 408  421      0.837      0.309      0.000
  -1  424      0.838      0.851      0.000
 407  425      0.838     -1.117      0.000
 409  422      0.842     -0.079      0.000
 410   -2      0.849     -1.054      0.000
 411   -2      0.860      1.164      0.000
  -1   -2      0.861      1.017      0.000
 412  426      0.861     -0.783      0.000
 417  430      0.863     -1.155      0.000
  -1  428      0.865     -0.533      0.000
  -1  429      0.865     -1.075      0.000
 414   -2      0.865     -0.284      0.000
  -1   -2      0.866      1.065      0.000
 416  431      0.877      0.841      0.000
 418  432      0.887     -0.047      0.000
 425  435      0.899     -1.006      0.000
  -1  436      0.905      0.079      0.000
 419  437      0.906      1.013      0.000
  -1   -2      0.911      1.070      0.000
 422  439      0.923     -0.265      0.000
 423   -2      0.927      1.048      0.000
 424  440      0.928      1.124      0.000
 420  441      0.929     -0.804      0.000
  -1   -2      0.931     -1.077      0.000
 428  442      0.931     -0.455      0.000
 429  443      0.934     -0.157      0.000
 432   -2      0.938      0.145      0.000
 431  446      0.944      0.721      0.000
 433  447      0.948      0.664      0.000
 413  462      0.950     -0.545      0.000
 435  448      0.950      0.614      0.000
 439  445      0.953      0.213      0.000
 437  451      0.961      0.395      0.000
  -1  434      0.968     -0.711      0.000
 446  444      0.970     -1.132      0.000
 440  454      0.983      0.763      0.000
  -1  457      0.994     -0.233      0.000
 442  456      0.998      0.215      0.000
 441  455      1.006     -0.265      0.000
  -1  458      1.013      0.361      0.000
 444  459      1.018     -0.166      0.000
 445  461      1.029      0.497      0.000
 447   -2      1.041     -0.611      0.000
 448  463      1.043      0.429      0.000
 449  465      1.056     -0.257      0.000
  -1  464      1.065     -1.175      0.000
 450  466      1.066      0.736      0.000
 451  467      1.067     -0.052      0.000
 452  468      1.070     -0.349      0.000
 453  469      1.085      0.635      0.000
  -1   -2      1.094      0.336      0.000
 454  470      1.100      0.948      0.000
  -1  471      1.107      1.023      0.000
 456  475      1.108     -1.008      0.000
 455  472      1.109      0.817      0.000
 457  474      1.111     -0.678      0.000
 458  473      1.114     -0.025      0.000
 461  478      1.143      1.168      0.000
 466   -2      1.145      0.244      0.000
 462  479      1.146      1.021      0.000
 463   -2      1.151     -1.119      0.000
 465  481      1.152      0.561      0.000
 464  482      1.153     -0.816      0.000
 468  483      1.156      0.081      0.000
  -1   -2      1.156      0.150      0.000
 467  484      1.157     -0.904      0.000
 469  485      1.178     -0.588      0.000
  -1  480      1.191     -1.049      0.000
 470  486      1.196      0.181      0.000
  -1   -2      1.213     -0.569      0.000
 471   -2      1.215      0.881      0.000
 472  487      1.225     -0.285      0.000
 473   -2      1.242     -0.540      0.000
 474  489      1.246     -0.407      0.000
 477  488      1.258     -0.614      0.000
 475   -2      1.263     -0.912      0.000
 476  492      1.270      1.007      0.000
 479  494      1.291     -0.555      0.000
  -1   -2      1.302      0.574      0.000
 482  499      1.312     -1.150      0.000
 483  496      1.318      0.394      0.000
 484  497      1.322     -0.533      0.000
 485  498      1.336     -0.620      0.000
 487  500      1.371      0.442      0.000
 486  501      1.373     -0.997      0.000
  -1  502      1.380     -0.154      0.000
 489  503      1.388     -1.054      0.000
 490  504      1.388     -1.171      0.000
 491  505      1.400      1.127      0.000
 492  507      1.415     -1.008      0.000
 493  506      1.416      0.161      0.000
 494  509      1.421     -0.389      0.000
 495  510      1.422     -0.287      0.000
 496  511      1.429     -0.518      0.000
 498  512      1.432     -0.454      0.000
  -1   -2      1.446     -0.229      0.000
 500  513      1.451     -1.168      0.000
 501  514      1.455     -1.120      0.000
 502  515      1.457      0.239      0.000
 503  516      1.462      0.547      0.000
 506  517      1.487     -0.819      0.000
 507  518      1.495      0.624      0.000
 508  519      1.509      0.870      0.000
 510  520      1.511     -1.139      0.000
 509  521      1.515      0.280      0.000
 511  523      1.524     -0.244      0.000
 512  525      1.524     -0.309      0.000
 513  524      1.526     -0.077      0.000
 516  527      1.546     -1.174      0.000
 517  526      1.548     -0.277      0.000
 518  528      1.552      0.057      0.000
 519  529      1.555     -1.106      0.000
 521  531      1.555      1.142      0.000
 520  530      1.556     -0.996      0.000
 522  532      1.557      0.457      0.000
 523  533      1.570     -0.892      0.000
