519
  -1    8     -1.574     -1.169      0.000
   1    2     -1.562      0.382      0.000
   2    3     -1.555      0.807      0.000
  -1   -2     -1.552     -1.014      0.000
   3   10     -1.548     -0.139      0.000
   4    4     -1.547     -0.010      0.000
   6    7     -1.535      0.246      0.000
   7    6     -1.532      0.895      0.000
   8   -2     -1.531     -0.995      0.000
  11   11     -1.483      0.210      0.000
  14   13     -1.473      0.815      0.000
  12   12     -1.473      0.303      0.000
  20   17     -1.473     -0.980      0.000
  -1   15     -1.466     -1.121      0.000
  16   14     -1.465      0.493      0.000
  18   18     -1.464      0.615      0.000
  -1   -2     -1.463     -0.927      0.000
  21   16     -1.463      0.963      0.000
  19   19     -1.462      0.262      0.000
  13   27     -1.461     -1.174      0.000
  -1   -2     -1.445      1.065      0.000
  24   23     -1.436     -0.563      0.000
  26   24     -1.429      0.150      0.000
  28   26     -1.402     -0.313      0.000
  29   28     -1.394      0.668      0.000
  31   31     -1.388      0.322      0.000
  30   30     -1.387      0.271      0.000
  32   29     -1.383     -0.811      0.000
  33   32     -1.380      0.716      0.000
  17   56     -1.376     -1.122      0.000
  36   35     -1.367      1.067      0.000
  37   37     -1.366     -0.353      0.000
  38   36     -1.365     -0.852      0.000
  39   38     -1.364     -0.994      0.000
  42   40     -1.352      0.605      0.000
  41   39     -1.352     -0.696      0.000
  43   41     -1.349      0.269      0.000
  45   42     -1.343     -1.094      0.000
  44   43     -1.342     -0.190      0.000
  -1   -2     -1.340     -0.960      0.000
  46   44     -1.338      0.067      0.000
  48   45     -1.331      0.987      0.000
  35   51     -1.330      0.574      0.000
  51   47     -1.317      0.883      0.000
  56   33     -1.308     -1.166      0.000
  53   50     -1.297     -0.787      0.000
  60   -2     -1.296      0.660      0.000
  -1   -2     -1.283     -1.129      0.000
  55   52     -1.283     -0.948      0.000
  54   53     -1.282     -0.000      0.000
  50   -2     -1.276      0.036      0.000
  -1   57     -1.264     -0.658      0.000
  59   58     -1.264      0.164      0.000
  61   59     -1.259     -0.313      0.000
  -1   -2     -1.250      0.626      0.000
  63   61     -1.248     -0.594      0.000
  62   62     -1.246      0.527      0.000
  -1   -2     -1.245     -1.175      0.000
  64   63     -1.237      0.959      0.000
  65   64     -1.233     -0.797      0.000
  67   65     -1.224     -1.088      0.000
  66   66     -1.224     -0.498      0.000
  69   -2     -1.201     -1.049      0.000
  68   68     -1.197     -1.158      0.000
  -1   69     -1.195      0.487      0.000
  71   70     -1.184      0.799      0.000
  72   71     -1.183     -0.614      0.000
  70   79     -1.182      0.601      0.000
  -1   -2     -1.173      0.825      0.000
  74   72     -1.173     -1.174      0.000
  75   73     -1.169     -0.837      0.000
  76   74     -1.164     -0.802      0.000
  78   75     -1.159      1.008      0.000
  79   76     -1.155     -0.111      0.000
  -1   77     -1.145      0.968      0.000
  81   -2     -1.144      0.698      0.000
  82   81     -1.123      0.611      0.000
  83   80     -1.122     -1.029      0.000
  84   82     -1.113      1.013      0.000
  85   83     -1.096     -0.333      0.000
  86   85     -1.075      0.389      0.000
  88   84     -1.070     -1.171      0.000
  95   -2     -1.070      0.632      0.000
  91   88     -1.048     -0.360      0.000
  -1   89     -1.044     -0.466      0.000
  93   90     -1.037     -0.102      0.000
  94   91     -1.033      0.784      0.000
  97   94     -1.020     -0.275      0.000
 100   99     -1.018     -0.843      0.000
  99   96     -1.006      0.388      0.000
  92  111     -0.993     -1.091      0.000
  -1   98     -0.993     -0.976      0.000
  -1   -2     -0.990     -0.914      0.000
 103  114     -0.989      1.009      0.000
 102  100     -0.989      0.468      0.000
 104  101     -0.975      0.898      0.000
 106  103     -0.969      0.570      0.000
  90   -2     -0.964     -0.652      0.000
 107  104     -0.963     -0.987      0.000
 109  105     -0.956     -0.425      0.000
 108  106     -0.956      0.380      0.000
 110  109     -0.946      0.186      0.000
 112  107     -0.945     -0.923      0.000
 111  108     -0.944     -0.214      0.000
 113  110     -0.941     -0.176      0.000
 115  112     -0.933     -0.569      0.000
 116  113     -0.913      0.334      0.000
  -1   -2     -0.909      1.074      0.000
 119  117     -0.907      0.435      0.000
 118  115     -0.906     -0.764      0.000
 117   -2     -0.903     -1.081      0.000
 120  118     -0.876      0.897      0.000
 121  119     -0.865      0.566      0.000
 126  116     -0.859     -0.990      0.000
 124  120     -0.848     -0.738      0.000
 123   -2     -0.846      0.303      0.000
 125  121     -0.839     -0.091      0.000
 128  122     -0.829     -0.611      0.000
 127  123     -0.829      0.693      0.000
 129  124     -0.828     -0.691      0.000
  -1  125     -0.822      1.088      0.000
 131  126     -0.817      1.044      0.000
  -1  137     -0.801      0.282      0.000
 133  128     -0.801     -0.444      0.000
 132  129     -0.790     -1.164      0.000
 135  131     -0.784     -0.139      0.000
 136  130     -0.783     -0.493      0.000
 138  133     -0.779      0.995      0.000
  -1  134     -0.777      0.477      0.000
 137  135     -0.776     -0.217      0.000
 139  136     -0.774     -0.799      0.000
 140  139     -0.768     -0.044      0.000
 141   -2     -0.765     -0.754      0.000
  -1  132     -0.758      0.823      0.000
 143  138     -0.756     -0.931      0.000
 145  140     -0.753      0.890      0.000
 144  141     -0.752     -0.012      0.000
 146  142     -0.743     -1.010      0.000
 150   -2     -0.740      0.325      0.000
 147  143     -0.740     -0.964      0.000
 149  145     -0.725      0.399      0.000
 152  147     -0.714      0.987      0.000
 151  148     -0.712     -0.457      0.000
 158  149     -0.710     -1.126      0.000
 130   -2     -0.703      1.123      0.000
 154  151     -0.695     -0.062      0.000
 157  155     -0.680      0.032      0.000
 159  153     -0.678      1.075      0.000
 160  154     -0.676     -1.123      0.000
  -1  166     -0.674      0.807      0.000
 161  156     -0.668      1.020      0.000
 162  157     -0.665      0.889      0.000
 169   -2     -0.661      0.781      0.000
 164  158     -0.657     -1.083      0.000
 166  159     -0.651     -0.568      0.000
 165  161     -0.651     -0.159      0.000
  -1  160     -0.648      1.159      0.000
 167  162     -0.647      0.140      0.000
 171  165     -0.634     -1.015      0.000
 170  167     -0.623     -0.113      0.000
  -1  152     -0.618      0.410      0.000
 173  169     -0.605     -0.782      0.000
 175   -2     -0.585      0.923      0.000
 183  171     -0.576      0.887      0.000
 176  174     -0.575     -0.323      0.000
  -1   -2     -0.574     -0.559      0.000
 178  175     -0.564     -0.795      0.000
 177  181     -0.558     -1.002      0.000
 179  177     -0.556     -0.531      0.000
 180  178     -0.549      1.081      0.000
 181  180     -0.540     -0.296      0.000
 182   -2     -0.537     -1.087      0.000
 184  183     -0.510      0.040      0.000
 185  184     -0.504     -0.537      0.000
 186  185     -0.499      0.358      0.000
 188  186     -0.487      0.701      0.000
 189  189     -0.482      0.498      0.000
 190  187     -0.481     -0.254      0.000
 191  188     -0.480     -0.678      0.000
 187  192     -0.479     -1.170      0.000
 193  190     -0.471      1.004      0.000
  -1   -2     -0.452      0.035      0.000
 194  193     -0.451     -0.710      0.000
 196  194     -0.438     -0.983      0.000
 197  195     -0.432      0.076      0.000
 199  197     -0.429     -0.803      0.000
 198  196     -0.429      0.191      0.000
 200  199     -0.413     -0.060      0.000
 201  198     -0.412     -0.877      0.000
 202  200     -0.399     -0.146      0.000
 203  202     -0.396     -0.313      0.000
  -1  201     -0.394      1.116      0.000
 204  204     -0.378      0.467      0.000
  -1  205     -0.378     -0.028      0.000
 205  203     -0.377     -1.001      0.000
 206  206     -0.374      0.789      0.000
 208  208     -0.367     -0.550      0.000
 209  209     -0.366     -0.642      0.000
 207  207     -0.366      1.110      0.000
  -1  211     -0.353      0.667      0.000
 211  212     -0.351     -0.711      0.000
 212  213     -0.348      1.039      0.000
  -1  225     -0.346     -0.788      0.000
 213  215     -0.341      0.338      0.000
 214  214     -0.340      0.767      0.000
 215   -2     -0.340      0.956      0.000
 216  216     -0.333     -0.205      0.000
 217  217     -0.325      0.922      0.000
 218  219     -0.317     -0.292      0.000
 219  220     -0.301     -0.981      0.000
  -1   -2     -0.298     -0.458      0.000
 220  222     -0.291     -1.034      0.000
 221  224     -0.288     -0.620      0.000
 224  223     -0.286     -1.172      0.000
 222   -2     -0.278     -0.803      0.000
 223  226     -0.276      0.846      0.000
 225  227     -0.273     -1.122      0.000
  -1  239     -0.265      0.569      0.000
 226  228     -0.248      0.316      0.000
 229  230     -0.232     -0.924      0.000
 231  232     -0.222     -1.096      0.000
 232  233     -0.222     -0.732      0.000
 228   -2     -0.217      0.804      0.000
 234  234     -0.215      0.440      0.000
 235  236     -0.210     -0.443      0.000
 237  238     -0.181      0.761      0.000
 230  244     -0.153     -0.255      0.000
 239  240     -0.150     -0.005      0.000
 238  241     -0.148      0.412      0.000
 240   -2     -0.146     -1.119      0.000
 241  243     -0.143     -0.835      0.000
 243   -2     -0.133     -0.152      0.000
 244  245     -0.133     -1.084      0.000
 245  246     -0.129     -0.072      0.000
 247  247     -0.125     -0.714      0.000
 248  250     -0.098     -0.217      0.000
 249  248     -0.097      0.517      0.000
  -1   -2     -0.097     -0.739      0.000
 250  249     -0.096     -0.893      0.000
 252  252     -0.091      0.668      0.000
 253   -2     -0.088     -0.015      0.000
 254   -2     -0.078     -0.162      0.000
 255  253     -0.075     -0.108      0.000
 257  254     -0.069      0.348      0.000
 259  255     -0.057      0.750      0.000
 260  256     -0.054     -0.691      0.000
 261  257     -0.049      0.234      0.000
  -1   -2     -0.049     -0.765      0.000
  -1  258     -0.045     -0.191      0.000
 264  259     -0.034     -0.369      0.000
 265  260     -0.033      0.372      0.000
 266  261     -0.032      0.632      0.000
 258  268     -0.020     -1.076      0.000
  -1  264     -0.009     -0.025      0.000
 268   -2     -0.005     -0.473      0.000
 270  265     -0.002      0.120      0.000
  -1   -2      0.002     -1.162      0.000
  -1  266      0.005     -0.570      0.000
 271   -2      0.008     -0.532      0.000
  -1   -2      0.010      0.795      0.000
 273  267      0.010      1.048      0.000
 274  269      0.016      0.613      0.000
  -1  270      0.024     -1.116      0.000
 263  285      0.026     -0.164      0.000
 278  271      0.039      0.393      0.000
 279  272      0.045      0.034      0.000
  -1   -2      0.050     -0.266      0.000
 281  273      0.051      0.619      0.000
 275  274      0.059      0.969      0.000
 277  275      0.060      0.354      0.000
  -1   -2      0.065     -1.087      0.000
 285  278      0.069      0.704      0.000
  -1  288      0.076      0.855      0.000
  -1  279      0.077     -0.988      0.000
 288   -2      0.088     -1.035      0.000
 289  281      0.100     -0.780      0.000
 290  282      0.103      0.148      0.000
 287  289      0.106     -0.987      0.000
 291  283      0.112      0.483      0.000
  -1  284      0.114      0.100      0.000
 282   -2      0.118     -0.079      0.000
 293  287      0.131      0.910      0.000
  -1   -2      0.138     -0.951      0.000
  -1  291      0.144      0.730      0.000
 296  292      0.146      1.115      0.000
 292   -2      0.147      0.200      0.000
  -1  299      0.152      0.027      0.000
 309  290      0.153     -0.655      0.000
 300   -2      0.158     -0.736      0.000
 302   -2      0.172     -0.119      0.000
 303  295      0.173      0.385      0.000
 304  296      0.186     -0.757      0.000
 299   -2      0.198     -0.510      0.000
 305  297      0.200     -1.166      0.000
 306  298      0.203      0.599      0.000
  -1   -2      0.206      1.114      0.000
 307   -2      0.211      0.012      0.000
 322  280      0.214     -1.077      0.000
 301   -2      0.219     -0.342      0.000
 312  302      0.234     -0.182      0.000
 310  303      0.234     -0.951      0.000
 313  304      0.243      1.032      0.000
 319  305      0.248      0.129      0.000
 311  312      0.251     -1.014      0.000
 316  306      0.254     -0.418      0.000
  -1  316      0.256      0.778      0.000
 317  307      0.263      0.253      0.000
 318   -2      0.267      1.175      0.000
  -1   -2      0.272     -0.904      0.000
 320  309      0.279      0.488      0.000
  -1   -2      0.290     -0.468      0.000
 321   -2      0.296     -0.169      0.000
 323  311      0.303      0.045      0.000
 324   -2      0.303     -0.367      0.000
 325  313      0.306     -0.229      0.000
 298  328      0.309     -1.171      0.000
 327  314      0.316      1.083      0.000
  -1   -2      0.318      0.191      0.000
 331   -2      0.349      0.705      0.000
 334  317      0.355      0.047      0.000
 335  319      0.360      0.242      0.000
 336  320      0.361      0.310      0.000
 337  321      0.370     -0.452      0.000
 338  322      0.371     -0.863      0.000
 339  323      0.373      0.170      0.000
 340  324      0.386     -0.507      0.000
 341  318      0.390     -1.031      0.000
 342  325      0.403     -0.013      0.000
 344   -2      0.416     -0.716      0.000
 345  326      0.416     -0.938      0.000
 346   -2      0.428     -1.167      0.000
 349  327      0.431     -0.611      0.000
 347  329      0.432     -0.649      0.000
 350   -2      0.432      0.662      0.000
  -1   -2      0.432     -0.154      0.000
 351   -2      0.434      1.161      0.000
 352  333      0.439      0.335      0.000
 343   -2      0.440      0.788      0.000
 354  334      0.441     -0.469      0.000
  -1  336      0.452      0.725      0.000
 356  337      0.453     -0.043      0.000
 357   -2      0.473      0.453      0.000
 358  338      0.477      0.957      0.000
 359  339      0.478      0.815      0.000
 361  341      0.482     -0.670      0.000
 360  340      0.484     -0.839      0.000
 362   -2      0.490     -1.154      0.000
 363  342      0.503     -0.996      0.000
  -1   -2      0.509      1.107      0.000
 364  343      0.524      0.895      0.000
 367  331      0.529     -0.050      0.000
  -1  344      0.532      0.046      0.000
 366  345      0.532     -0.608      0.000
 369  346      0.538      0.537      0.000
 368  348      0.539     -0.959      0.000
 372  347      0.542      0.578      0.000
 371  349      0.544      0.957      0.000
 374  350      0.561      0.351      0.000
 373  351      0.562      1.091      0.000
 375  352      0.568      0.860      0.000
  -1  353      0.579      0.596      0.000
 376  354      0.588      0.520      0.000
 377  355      0.590     -0.776      0.000
 378  357      0.609     -1.026      0.000
 379   -2      0.613     -0.710      0.000
  -1   -2      0.616      1.067      0.000
 380  358      0.618     -0.969      0.000
 381  360      0.621     -0.866      0.000
 382  359      0.621      0.900      0.000
 383  361      0.624      0.986      0.000
 384   -2      0.630     -0.498      0.000
  -1  363      0.639     -0.004      0.000
 385  356      0.650     -1.165      0.000
 386  364      0.666      0.274      0.000
 387  366      0.672     -0.069      0.000
  -1  362      0.677     -0.467      0.000
  -1  365      0.681     -0.390      0.000
  -1  367      0.684     -1.053      0.000
 390  368      0.694     -0.881      0.000
 391   -2      0.700     -0.719      0.000
 393   -2      0.708      0.412      0.000
 394  370      0.709      0.359      0.000
 392  371      0.710      1.121      0.000
 395  372      0.723      0.673      0.000
 389   -2      0.727     -0.077      0.000
 399   -2      0.734     -0.210      0.000
 401  375      0.739     -0.656      0.000
  -1   -2      0.747      0.879      0.000
  -1  376      0.767     -0.037      0.000
 404   -2      0.769      0.951      0.000
  -1   -2      0.775      0.103      0.000
 407  377      0.786     -1.038      0.000
 409  378      0.802      0.932      0.000
 412   -2      0.804     -0.204      0.000
  -1  380      0.812      0.174      0.000
 421   -2      0.818      0.541      0.000
 414   -2      0.821     -0.884      0.000
  -1  382      0.822      0.126      0.000
 418  385      0.822      0.445      0.000
 415  386      0.822     -0.151      0.000
 417  388      0.824     -0.267      0.000
 420  389      0.832      0.680      0.000
 406  411      0.834     -0.801      0.000
 449  369      0.835     -0.619      0.000
 408  412      0.837     -1.137      0.000
 422  392      0.839      0.733      0.000
 424  379      0.840     -0.198      0.000
 423   -2      0.842      0.793      0.000
  -1  387      0.852     -0.848      0.000
 426  397      0.855     -0.286      0.000
 425  396      0.855     -1.072      0.000
 427  395      0.856      0.245      0.000
 428  398      0.859     -0.459      0.000
 429  400      0.866      1.098      0.000
 432  393      0.886      0.829      0.000
  -1   -2      0.887      1.150      0.000
 430   -2      0.887     -1.078      0.000
 434  401      0.889      0.547      0.000
 433  402      0.890     -0.544      0.000
 435  405      0.895      1.125      0.000
  -1  408      0.899     -0.875      0.000
 436  409      0.901     -1.006      0.000
 438  410      0.903     -0.941      0.000
 441  406      0.903      0.466      0.000
 439   -2      0.903     -0.801      0.000
 442  403      0.903     -0.249      0.000
 440  407      0.904     -0.150      0.000
 443  413      0.930     -0.999      0.000
 445  414      0.934     -0.861      0.000
 448  415      0.938     -0.027      0.000
 446  416      0.938     -1.078      0.000
 451  417      0.949     -0.233      0.000
 444  425      0.953     -0.731      0.000
 452  418      0.959      0.782      0.000
 453  419      0.971      0.687      0.000
 456  404      0.981     -0.325      0.000
 457  420      0.984      0.003      0.000
 455  421      0.985     -1.114      0.000
 458  422      0.987     -0.585      0.000
 461  427      1.000      0.729      0.000
 460  426      1.002      0.268      0.000
 462  430      1.017      0.848      0.000
 463  431      1.017      0.110      0.000
  -1  435      1.034      1.130      0.000
 464  432      1.068     -0.628      0.000
  -1  443      1.085      0.715      0.000
 465  442      1.091     -1.155      0.000
 466  434      1.093     -0.556      0.000
 467   -2      1.100      1.035      0.000
 468  437      1.107     -0.949      0.000
 469  438      1.122     -0.526      0.000
  -1  439      1.125     -0.230      0.000
 471  440      1.133     -0.748      0.000
  -1   -2      1.136     -1.177      0.000
  -1   -2      1.136     -0.052      0.000
  -1   -2      1.140     -0.800      0.000
 472  445      1.141     -0.833      0.000
 475  446      1.155      1.026      0.000
 476  447      1.161     -1.046      0.000
 478  449      1.166     -0.341      0.000
 479  444      1.168      0.557      0.000
 474   -2      1.179      0.387      0.000
  -1  452      1.184     -0.464      0.000
 480  454      1.186     -1.171      0.000
 477   -2      1.196     -1.139      0.000
 484  455      1.213      0.985      0.000
 485  441      1.223     -0.070      0.000
 486  456      1.230     -1.072      0.000
  -1  459      1.237     -0.465      0.000
  -1  457      1.237      0.911      0.000
 487  458      1.241      0.423      0.000
 496   -2      1.264     -0.438      0.000
 490  463      1.279     -0.782      0.000
 494  467      1.287     -1.170      0.000
 493  461      1.291     -0.514      0.000
 495  462      1.300      0.176      0.000
 498  465      1.342     -1.015      0.000
 499  464      1.345      0.497      0.000
 501  466      1.348      0.236      0.000
 500  468      1.348     -0.194      0.000
 502  469      1.355     -0.290      0.000
 503  470      1.356      1.064      0.000
 504  471      1.364     -0.869      0.000
 505  473      1.376     -0.406      0.000
 508  472      1.377     -0.344      0.000
 506  475      1.379     -0.932      0.000
 507  474      1.382      0.556      0.000
 510  477      1.405     -0.872      0.000
 509   -2      1.405      0.619      0.000
  -1  480      1.406     -1.104      0.000
 511  481      1.412     -1.167      0.000
 512  479      1.414      0.266      0.000
 514  482      1.422      0.780      0.000
 513   -2      1.424     -1.125      0.000
  -1  485      1.437      1.007      0.000
 515  483      1.447     -0.389      0.000
 516  484      1.449     -1.014      0.000
 518  486      1.452     -0.021      0.000
 519  488      1.456     -1.090      0.000
 520  487      1.456      0.406      0.000
 521  489      1.462     -0.156      0.000
 522  490      1.466     -0.671      0.000
 523  491      1.470     -0.207      0.000
 524  492      1.474      0.087      0.000
 531   -2      1.492      0.661      0.000
  -1  495      1.492     -1.048      0.000
 525  496      1.495      0.544      0.000
  -1   -2      1.499     -0.664      0.000
  -1  497      1.504     -0.991      0.000
 526  499      1.508      1.033      0.000
  -1  498      1.509      1.153      0.000
 527  500      1.512      0.358      0.000
 529  503      1.527     -0.532      0.000
  -1  501      1.530     -1.145      0.000
 532  509      1.544     -0.836      0.000
 533  510      1.545     -0.953      0.000
 536  507      1.546      0.423      0.000
 534  511      1.546      1.074      0.000
 537  512      1.553     -0.730      0.000
