525
   5   -2     -1.575     -1.133      0.000
   0    1     -1.571     -0.043      0.000
   2    3     -1.568      0.264      0.000
  -1    8     -1.566     -1.013      0.000
  14   -2     -1.541      0.958      0.000
  -1   -2     -1.520     -1.017      0.000
   6    9     -1.519      0.223      0.000
  -1    6     -1.516     -1.048      0.000
   7   10     -1.512      0.328      0.000
   8   11     -1.503      0.281      0.000
   9   12     -1.498      0.533      0.000
  10   13     -1.493      0.664      0.000
  11   14     -1.492      0.416      0.000
  12   15     -1.489     -0.292      0.000
   1   27     -1.486     -0.743      0.000
   3   16     -1.485      0.871      0.000
  15   22     -1.483     -1.172      0.000
  -1   -2     -1.476     -0.391      0.000
  16   17     -1.473      0.158      0.000
  17   18     -1.467      1.020      0.000
  19   19     -1.457     -0.982      0.000
  20   20     -1.449     -0.612      0.000
  -1   -2     -1.444     -1.103      0.000
  21   23     -1.438      0.346      0.000
  -1   -2     -1.438     -0.301      0.000
  -1   -2     -1.435      1.130      0.000
  22   24     -1.435     -0.348      0.000
  24   26     -1.423      0.715      0.000
  23   -2     -1.415     -0.712      0.000
  26   30     -1.398      0.288      0.000
  27   29     -1.398     -0.386      0.000
  29   31     -1.388      0.644      0.000
  28   32     -1.387      0.067      0.000
  30   25     -1.381     -0.214      0.000
  32   36     -1.371     -0.532      0.000
  33   35     -1.368      0.611      0.000
  -1   -2     -1.365     -0.767      0.000
  34   34     -1.362      1.120      0.000
  35   37     -1.358     -0.900      0.000
  36   38     -1.345     -1.043      0.000
  37   39     -1.333     -0.005      0.000
  -1   -2     -1.332      0.038      0.000
  -1   40     -1.332      0.699      0.000
  38   41     -1.325      0.930      0.000
  39   43     -1.321      0.170      0.000
  40   42     -1.321      1.087      0.000
  43   44     -1.302     -0.979      0.000
  -1   -2     -1.302     -0.608      0.000
  42   46     -1.300     -0.338      0.000
  -1   45     -1.296     -0.831      0.000
  44   33     -1.293     -1.156      0.000
  46   47     -1.293      0.556      0.000
  -1   -2     -1.277     -1.017      0.000
  -1   -2     -1.275     -0.302      0.000
  -1   50     -1.272      0.395      0.000
  -1   -2     -1.269     -0.019      0.000
  47   49     -1.268     -0.986      0.000
  49   53     -1.263     -0.630      0.000
  48   52     -1.260      0.040      0.000
  51   54     -1.250     -0.529      0.000
  53   55     -1.243      0.999      0.000
  -1   57     -1.235     -0.586      0.000
  45   -2     -1.233     -0.836      0.000
  56   59     -1.212     -0.124      0.000
  57   60     -1.208      0.832      0.000
  61   64     -1.195     -1.126      0.000
  60   65     -1.179      0.726      0.000
  -1   -2     -1.178     -1.089      0.000
  62   67     -1.167     -0.871      0.000
  65   69     -1.164      1.042      0.000
  64   68     -1.164     -0.835      0.000
  63   70     -1.163      0.637      0.000
  66   -2     -1.143      0.611      0.000
  67   73     -1.143     -0.350      0.000
  69   72     -1.140     -1.008      0.000
  70   74     -1.138     -1.104      0.000
  68   75     -1.138      0.403      0.000
  72   76     -1.115      1.044      0.000
  -1   78     -1.105     -1.026      0.000
  76   79     -1.103     -1.065      0.000
  74   80     -1.099     -0.105      0.000
  77   81     -1.095     -0.374      0.000
  78   83     -1.086     -0.482      0.000
  79   84     -1.073     -0.284      0.000
  80   77     -1.073      0.668      0.000
  81   85     -1.069      0.398      0.000
  82   86     -1.063      0.802      0.000
  -1   61     -1.062     -0.688      0.000
  -1   87     -1.062      0.261      0.000
  83   89     -1.049      0.478      0.000
 100   -2     -1.042     -1.171      0.000
  85   -2     -1.040     -0.729      0.000
  86   91     -1.033     -0.161      0.000
  87   90     -1.030     -1.063      0.000
  88   92     -1.023      0.581      0.000
  89   94     -1.021      0.389      0.000
  91   93     -1.019     -0.865      0.000
  90   95     -1.016      0.191      0.000
  92   96     -1.007     -0.221      0.000
  93   -2     -1.007     -0.784      0.000
  94   98     -1.001     -0.181      0.000
  95   97     -0.999     -0.433      0.000
  96   99     -0.997      1.028      0.000
  97  100     -0.995      0.913      0.000
  -1  101     -0.984     -0.941      0.000
  98  102     -0.981      0.339      0.000
  99   -2     -0.973      0.439      0.000
 101  104     -0.968      1.059      0.000
 104  106     -0.950     -1.009      0.000
 105   -2     -0.941     -0.938      0.000
 106  107     -0.918      0.570      0.000
 107  108     -0.915      0.306      0.000
 108  117     -0.914     -0.613      0.000
 109  109     -0.910      1.085      0.000
 110  111     -0.904     -0.090      0.000
 111   -2     -0.902      0.747      0.000
 112  110     -0.898      0.901      0.000
 115  115     -0.874      0.690      0.000
 116  116     -0.866     -0.741      0.000
 117   -2     -0.858     -0.613      0.000
 118  119     -0.849     -0.135      0.000
 119  118     -0.849     -0.694      0.000
  -1  120     -0.847     -0.443      0.000
  -1  127     -0.841      0.472      0.000
 120  140     -0.838     -0.216      0.000
 121  121     -0.830      0.330      0.000
 122  125     -0.825     -0.049      0.000
 124  123     -0.823      0.735      0.000
 123  126     -0.822     -0.010      0.000
  -1  124     -0.822      1.045      0.000
 125   -2     -0.822      1.090      0.000
 114  148     -0.807     -1.096      0.000
 127  129     -0.803      0.256      0.000
 128  130     -0.794      0.816      0.000
 129  134     -0.792      0.394      0.000
 130  133     -0.790      0.315      0.000
 131  131     -0.788      0.992      0.000
 133   -2     -0.783     -0.376      0.000
  -1  136     -0.783     -1.028      0.000
 132  137     -0.781     -0.754      0.000
 135  138     -0.778      0.885      0.000
 137  141     -0.775     -1.168      0.000
  -1   -2     -0.772      0.294      0.000
 138  142     -0.764     -0.057      0.000
 139  145     -0.755     -0.446      0.000
  -1  143     -0.751     -0.925      0.000
 140  146     -0.749      0.036      0.000
 141   -2     -0.739     -0.963      0.000
 143   -2     -0.735     -1.010      0.000
 144  149     -0.725      0.979      0.000
 145  151     -0.717      0.139      0.000
 146  152     -0.715     -0.151      0.000
  -1  160     -0.706      0.769      0.000
 136  169     -0.697      1.118      0.000
  -1  155     -0.696     -0.993      0.000
 148  157     -0.687     -0.555      0.000
 149  161     -0.684     -0.104      0.000
 150  158     -0.684      1.061      0.000
 154   -2     -0.677      1.020      0.000
  -1   -2     -0.671      0.725      0.000
 155  164     -0.666     -1.042      0.000
  -1  170     -0.662      0.359      0.000
  -1   -2     -0.655      0.217      0.000
 161  163     -0.643      1.144      0.000
 162   -2     -0.643     -1.075      0.000
 159  165     -0.635     -1.115      0.000
 163  166     -0.626     -0.307      0.000
 164  167     -0.624     -1.002      0.000
 165  168     -0.621     -0.764      0.000
 166   -2     -0.617      1.068      0.000
 168  172     -0.605      0.887      0.000
 169  173     -0.598     -0.431      0.000
 170  174     -0.594     -0.510      0.000
 171  175     -0.592     -0.281      0.000
  -1  176     -0.587     -1.114      0.000
 174   -2     -0.581     -0.774      0.000
 175  178     -0.573      0.043      0.000
 176  180     -0.558      0.346      0.000
 177  179     -0.555      1.052      0.000
 179  181     -0.545     -1.170      0.000
 178  183     -0.541     -0.512      0.000
 180  182     -0.540     -1.088      0.000
 182  187     -0.534      0.478      0.000
 183  186     -0.531      0.541      0.000
 184  188     -0.526      0.674      0.000
  -1  189     -0.498     -0.703      0.000
 186  191     -0.491      0.080      0.000
 187  192     -0.489      0.185      0.000
 189  193     -0.484      0.971      0.000
 188  194     -0.482     -1.171      0.000
 190  195     -0.474     -0.678      0.000
 191  196     -0.469     -0.048      0.000
 192  197     -0.452     -0.131      0.000
 193  199     -0.443     -0.288      0.000
 194  200     -0.439     -0.948      0.000
  -1  198     -0.436     -1.167      0.000
  -1   -2     -0.433     -0.020      0.000
 196  201     -0.429      0.453      0.000
 195   -2     -0.423     -1.127      0.000
 197  202     -0.423     -0.839      0.000
 199  203     -0.403      0.750      0.000
 200  204     -0.398     -0.513      0.000
 201  206     -0.395      1.068      0.000
 202  207     -0.391     -0.606      0.000
  -1  219     -0.390      0.515      0.000
 203  208     -0.389      0.321      0.000
 205  209     -0.386     -0.187      0.000
 207  210     -0.378     -0.959      0.000
 208  211     -0.373     -0.669      0.000
 206  215     -0.369     -0.291      0.000
 210  214     -0.369     -1.171      0.000
 209  213     -0.369      0.727      0.000
 212  212     -0.368      1.062      0.000
 214   -2     -0.358     -0.255      0.000
 218  216     -0.354     -1.075      0.000
  -1  217     -0.353      0.988      0.000
  -1   -2     -0.350     -0.572      0.000
 219  218     -0.342      0.873      0.000
 220  220     -0.315     -0.575      0.000
 221  221     -0.304     -0.930      0.000
 222  223     -0.297      0.796      0.000
 223  226     -0.292      0.307      0.000
 224  224     -0.290     -0.982      0.000
  -1  229     -0.281     -1.171      0.000
 215   -2     -0.268      0.969      0.000
 226  231     -0.268     -0.190      0.000
 228  230     -0.265     -1.069      0.000
 230  232     -0.250      0.414      0.000
 231  233     -0.241     -0.401      0.000
 232  234     -0.239     -0.679      0.000
  -1   -2     -0.237      0.871      0.000
 234   -2     -0.233     -0.864      0.000
 236  237     -0.225      0.121      0.000
  -1   -2     -0.212      1.064      0.000
  -1  222     -0.203      0.537      0.000
 239  239     -0.201      0.708      0.000
 235   -2     -0.189     -1.070      0.000
  -1   -2     -0.184     -0.227      0.000
  -1  245     -0.169     -0.507      0.000
  -1   -2     -0.166     -0.131      0.000
 242  241     -0.161      0.070      0.000
 240  244     -0.159     -0.265      0.000
 246  243     -0.149     -0.773      0.000
 254   -2     -0.134     -0.655      0.000
 249  247     -0.130     -1.019      0.000
 248  248     -0.129     -0.189      0.000
 250  249     -0.122      0.479      0.000
 252  251     -0.116     -1.158      0.000
 251  250     -0.115      0.380      0.000
 253  252     -0.109      0.618      0.000
 255  253     -0.100     -0.088      0.000
  -1   -2     -0.092      0.865      0.000
 258  255     -0.086      1.136      0.000
 267   -2     -0.079     -1.089      0.000
 260  257     -0.071      0.224      0.000
  -1  258     -0.070     -0.164      0.000
  -1   -2     -0.069      0.692      0.000
 262  260     -0.065     -0.625      0.000
 268   -2     -0.055     -0.330      0.000
 264  262     -0.053      0.346      0.000
  -1  263     -0.052     -1.165      0.000
 265  264     -0.046      0.584      0.000
 266  265     -0.030     -0.012      0.000
  -1  267     -0.019     -0.423      0.000
 270  268     -0.006     -1.169      0.000
  -1  275      0.002      0.115      0.000
 269  271      0.010      0.310      0.000
 271  272      0.012      0.972      0.000
 272  273      0.018      0.853      0.000
  -1   -2      0.027     -0.227      0.000
 275   -2      0.027      0.041      0.000
 273  276      0.029     -1.116      0.000
 282  270      0.039      0.570      0.000
  -1   -2      0.044      0.695      0.000
 277  278      0.050      0.328      0.000
  -1   -2      0.056     -0.052      0.000
 279  280      0.061      0.897      0.000
 300  266      0.064     -1.073      0.000
 281  281      0.067      0.646      0.000
 284  283      0.076     -0.913      0.000
 283  282      0.077      0.790      0.000
  -1   -2      0.083      1.140      0.000
 285  285      0.089     -0.972      0.000
 286  286      0.092     -0.653      0.000
 287  287      0.096      0.146      0.000
 291  289      0.105      0.447      0.000
 288   -2      0.107     -1.164      0.000
 289  290      0.108      0.101      0.000
 278  314      0.110     -0.159      0.000
  -1  291      0.110     -0.061      0.000
 294  293      0.135      0.840      0.000
 295  294      0.137     -0.947      0.000
 298  298      0.149     -0.478      0.000
 299  299      0.152      1.037      0.000
  -1  297      0.152     -0.593      0.000
 290  295      0.158      0.032      0.000
  -1   -2      0.165     -1.135      0.000
 302  301      0.175      0.358      0.000
 303  300      0.186     -0.688      0.000
 312  288      0.199     -1.170      0.000
  -1   -2      0.201      1.067      0.000
 305  304      0.211      0.550      0.000
  -1  305      0.214      0.022      0.000
 307  306      0.214     -1.005      0.000
  -1   -2      0.217      1.042      0.000
 309   -2      0.227     -0.875      0.000
 310  307      0.237     -0.155      0.000
 311  308      0.252      0.957      0.000
 306  313      0.257      0.127      0.000
  -1  310      0.259     -0.892      0.000
 314  309      0.259     -0.371      0.000
 313   -2      0.260     -0.649      0.000
 315   -2      0.269      1.176      0.000
 316  312      0.272      1.104      0.000
 317   -2      0.273      0.239      0.000
 318   -2      0.298      0.578      0.000
 319  316      0.302     -1.005      0.000
  -1  317      0.304     -0.079      0.000
  -1   -2      0.312     -0.326      0.000
 320  318      0.316      0.049      0.000
 321  319      0.316     -0.199      0.000
  -1  322      0.327      1.011      0.000
  -1  323      0.329     -0.592      0.000
  -1  324      0.332     -1.174      0.000
 329   -2      0.352      1.059      0.000
  -1  327      0.367     -0.347      0.000
 327  328      0.373      0.051      0.000
 328  329      0.374     -0.802      0.000
 326  331      0.383      0.288      0.000
 341   -2      0.387     -0.976      0.000
 333  333      0.390     -0.410      0.000
 334  334      0.394      0.162      0.000
 335  335      0.400     -0.459      0.000
  -1   -2      0.412      0.874      0.000
 336  336      0.419     -0.882      0.000
 331  347      0.422     -1.111      0.000
  -1  341      0.423     -0.664      0.000
 338  338      0.427     -0.005      0.000
  -1  346      0.428      0.696      0.000
 339   -2      0.442     -0.603      0.000
 343  344      0.458     -0.429      0.000
 346   -2      0.459      0.733      0.000
  -1  343      0.460      0.615      0.000
 353  350      0.462      0.554      0.000
 344  348      0.471      0.313      0.000
 347  351      0.481     -1.106      0.000
 349   -2      0.482      0.674      0.000
 348  349      0.484     -0.033      0.000
 342   -2      0.489     -1.153      0.000
 350  352      0.490     -0.789      0.000
  -1  353      0.494      0.431      0.000
  -1  354      0.496      0.896      0.000
 371   -2      0.497     -0.358      0.000
 356  358      0.498     -0.619      0.000
 357  356      0.502      0.756      0.000
 358  357      0.512     -0.978      0.000
 360  359      0.531      0.324      0.000
 359  360      0.538     -0.906      0.000
 361  361      0.544     -0.573      0.000
 363   -2      0.548      0.839      0.000
 365  362      0.561     -0.043      0.000
 366  364      0.563     -0.435      0.000
 367  365      0.565      0.901      0.000
  -1  366      0.568     -1.174      0.000
 368  367      0.575      1.032      0.000
 370  368      0.579      0.538      0.000
 376  369      0.585      0.314      0.000
  -1  355      0.586     -0.257      0.000
 372  370      0.594      0.806      0.000
 373  371      0.601     -0.740      0.000
 374  372      0.603     -0.987      0.000
  -1  374      0.625      0.551      0.000
 377   -2      0.627     -1.138      0.000
 378  375      0.627     -0.678      0.000
 379  377      0.627     -0.834      0.000
 380  378      0.628     -1.068      0.000
 381  376      0.630      0.485      0.000
  -1  379      0.636     -1.168      0.000
 382  380      0.646      0.932      0.000
 383  381      0.649      0.849      0.000
 386  383      0.652     -0.474      0.000
 387  385      0.681     -1.028      0.000
  -1  387      0.695     -0.496      0.000
  -1  386      0.697     -1.173      0.000
 388  396      0.702     -0.858      0.000
 390  389      0.703     -0.448      0.000
 397  382      0.705      1.174      0.000
 393  390      0.710     -0.374      0.000
 394  392      0.714     -0.694      0.000
 395  393      0.719      0.291      0.000
 396  394      0.722      1.073      0.000
  -1   -2      0.724     -0.988      0.000
 399   -2      0.734     -0.882      0.000
 400  397      0.737     -1.074      0.000
 391  413      0.751      1.167      0.000
 402  400      0.756     -0.638      0.000
 404  399      0.757      0.387      0.000
 403  401      0.758      0.338      0.000
 407  402      0.766      0.636      0.000
  -1  403      0.784      1.055      0.000
 401  409      0.786     -0.816      0.000
 411  405      0.792      0.911      0.000
 413  395      0.801     -0.982      0.000
 415  406      0.813     -0.038      0.000
 422  407      0.822     -1.135      0.000
 416  408      0.827      0.093      0.000
  -1   -2      0.828     -0.873      0.000
 417  410      0.830      0.893      0.000
 418   -2      0.839      1.073      0.000
 419  411      0.844     -0.793      0.000
  -1   -2      0.849      1.114      0.000
 420  414      0.849     -1.065      0.000
 421  412      0.850     -0.202      0.000
 423  415      0.859      0.164      0.000
 424  416      0.863     -0.266      0.000
  -1   -2      0.875      0.301      0.000
 425  418      0.875      0.514      0.000
 426  420      0.877      0.649      0.000
 427  419      0.878      0.422      0.000
  -1  428      0.881     -0.971      0.000
 429  422      0.881      0.759      0.000
 428  421      0.881      0.703      0.000
 430  424      0.889     -0.454      0.000
 431  423      0.890      1.074      0.000
  -1  425      0.891     -0.291      0.000
 434  427      0.899     -0.875      0.000
 433   -2      0.900     -1.006      0.000
 436  430      0.914     -0.543      0.000
 435  431      0.914     -0.801      0.000
 437  429      0.915      0.232      0.000
 438  432      0.917      1.168      0.000
  -1  441      0.933     -1.078      0.000
 439  435      0.935      0.024      0.000
 441  438      0.943     -0.866      0.000
 443  436      0.945      0.524      0.000
 442  437      0.946     -0.250      0.000
 444  439      0.949     -0.155      0.000
 445  440      0.956      0.452      0.000
 440  454      0.978     -1.121      0.000
 447  443      0.990     -0.037      0.000
  -1  451      1.000      0.762      0.000
 449  444      1.005     -0.824      0.000
 450  445      1.010     -0.592      0.000
 451  446      1.016      0.671      0.000
 452  447      1.020     -0.331      0.000
 455  450      1.037     -0.008      0.000
 471   -2      1.050      0.716      0.000
 458   -2      1.052     -0.697      0.000
 459  452      1.052      0.833      0.000
  -1   -2      1.054     -0.883      0.000
 461  453      1.062      0.257      0.000
 460  455      1.064      0.968      0.000
 463  456      1.074      0.099      0.000
 462   -2      1.076     -1.172      0.000
 464  457      1.080      1.038      0.000
 465  458      1.087     -0.648      0.000
 467  459      1.101     -0.559      0.000
  -1  460      1.111      0.202      0.000
 468  461      1.111     -0.973      0.000
 470  462      1.116      1.029      0.000
 480   -2      1.133      0.024      0.000
 472   -2      1.140     -0.776      0.000
 474  466      1.146     -0.549      0.000
 475  465      1.149     -0.860      0.000
 473  472      1.156     -1.171      0.000
 476  467      1.158     -1.077      0.000
  -1   -2      1.162      0.265      0.000
 477  469      1.165      0.879      0.000
 479  470      1.179     -0.244      0.000
 481   -2      1.190     -1.170      0.000
  -1   -2      1.198      0.439      0.000
  -1  473      1.201      0.281      0.000
 483  474      1.208     -0.492      0.000
 484   -2      1.222     -0.908      0.000
  -1  475      1.225      0.560      0.000
 485  476      1.231     -0.563      0.000
 486  477      1.236      0.995      0.000
 487  478      1.241      0.391      0.000
 488  480      1.259     -0.499      0.000
  -1   -2      1.270     -0.763      0.000
 490  485      1.290     -0.473      0.000
 492  486      1.304     -0.954      0.000
 493  487      1.311     -0.555      0.000
  -1  488      1.343     -1.063      0.000
 496  489      1.349      0.169      0.000
 502  491      1.368     -0.920      0.000
 491   -2      1.369      0.256      0.000
 499  502      1.371     -1.168      0.000
 500  492      1.375      1.091      0.000
 501  493      1.381     -0.224      0.000
 495   -2      1.383     -0.980      0.000
 503  494      1.384     -0.329      0.000
 504  496      1.394      0.236      0.000
 505  497      1.395      0.514      0.000
 506   -2      1.398     -0.450      0.000
 507  499      1.401     -0.386      0.000
  -1  500      1.408     -0.928      0.000
 509  503      1.431      0.579      0.000
 512  507      1.456      0.270      0.000
  -1   -2      1.459      1.045      0.000
 513  508      1.460      0.813      0.000
  -1  498      1.462     -0.427      0.000
 515  509      1.476     -0.729      0.000
 516   -2      1.483     -0.043      0.000
 517  511      1.489     -0.190      0.000
 518  512      1.492     -0.246      0.000
 519  513      1.498      0.423      0.000
 521  515      1.504     -0.311      0.000
 511  524      1.505     -1.050      0.000
 524  516      1.507      0.075      0.000
  -1  514      1.508      0.362      0.000
 520   -2      1.510     -1.009      0.000
 532  510      1.512     -0.017      0.000
 526  518      1.527     -1.172      0.000
 527  517      1.531      0.698      0.000
 528  519      1.531      1.079      0.000
 529  520      1.536      0.576      0.000
 525  521      1.538     -1.120      0.000
 530  522      1.539     -0.594      0.000
 533   -2      1.548     -1.014      0.000
 534  523      1.549      0.376      0.000
 531  526      1.551     -0.896      0.000
 535  529      1.560     -0.796      0.000
 537  531      1.566      1.121      0.000
  -1  532      1.568      0.442      0.000
