528
   2   -2     -1.571     -0.692      0.000
   0    0     -1.570      0.521      0.000
   3    1     -1.556     -1.000      0.000
   4    2     -1.554      0.374      0.000
   5    3     -1.551      0.790      0.000
  -1   12     -1.543     -1.104      0.000
   6    5     -1.538     -0.009      0.000
  -1    6     -1.531      0.881      0.000
   7   -2     -1.525     -0.044      0.000
   8    7     -1.525      0.241      0.000
   1   -2     -1.500     -1.169      0.000
  -1    4     -1.493     -0.101      0.000
  16   -2     -1.473     -0.960      0.000
  -1   -2     -1.473     -1.107      0.000
  13   -2     -1.471      0.205      0.000
  17   15     -1.461      0.947      0.000
  18   16     -1.455      0.605      0.000
  20   18     -1.454      0.266      0.000
  19   17     -1.453      0.482      0.000
  21   19     -1.450     -0.251      0.000
  22   22     -1.441      0.376      0.000
  24   23     -1.430     -0.551      0.000
  26   24     -1.418      0.149      0.000
  -1   25     -1.417      0.524      0.000
  -1   -2     -1.405     -0.654      0.000
  37   11     -1.401     -1.175      0.000
  -1   27     -1.394      0.450      0.000
  28   26     -1.394     -0.308      0.000
  -1   28     -1.386      0.657      0.000
  14   -2     -1.381     -1.117      0.000
  31   30     -1.374      0.705      0.000
  32   29     -1.372      0.315      0.000
  34   -2     -1.368     -0.982      0.000
  33   32     -1.367      1.054      0.000
  35   33     -1.366     -0.839      0.000
  36   34     -1.357     -0.345      0.000
  -1   -2     -1.357      0.132      0.000
  -1   31     -1.356     -1.020      0.000
  38   36     -1.350     -1.083      0.000
  39   37     -1.342      0.594      0.000
  29   -2     -1.336      0.267      0.000
  -1   -2     -1.330      0.977      0.000
  42   42     -1.325      0.067      0.000
  43   41     -1.323      1.024      0.000
  44   43     -1.318      0.565      0.000
  45   44     -1.308      0.874      0.000
  -1   46     -1.305      0.028      0.000
  47   45     -1.301      1.173      0.000
  48   47     -1.298     -0.776      0.000
  -1   -2     -1.288      0.650      0.000
  49   49     -1.284     -0.934      0.000
  51   48     -1.284     -1.170      0.000
  50   50     -1.280      1.153      0.000
  53   -2     -1.266      0.002      0.000
  41   -2     -1.264     -0.373      0.000
  54   -2     -1.263      0.037      0.000
  56   51     -1.261     -0.654      0.000
  57   -2     -1.254      0.716      0.000
  58   53     -1.250      0.160      0.000
  59   54     -1.249     -0.309      0.000
  68   38     -1.243      0.303      0.000
  60   55     -1.241     -0.584      0.000
  62   -2     -1.240      0.994      0.000
  70   -2     -1.238      0.617      0.000
  61   59     -1.234      0.519      0.000
  63   57     -1.233      0.948      0.000
  64   58     -1.233     -0.787      0.000
  65   61     -1.216     -0.491      0.000
  69   71     -1.207     -1.150      0.000
  67   68     -1.206     -1.040      0.000
  -1   64     -1.182      0.600      0.000
  71   65     -1.178     -0.604      0.000
  72   67     -1.175      0.790      0.000
  73   69     -1.170     -0.828      0.000
  74   70     -1.163     -0.793      0.000
  -1   52     -1.159     -0.005      0.000
  -1   -2     -1.158     -0.963      0.000
  77   73     -1.140     -0.111      0.000
  78   74     -1.134      0.694      0.000
  -1   78     -1.129      0.595      0.000
  79   75     -1.126     -1.021      0.000
  -1   -2     -1.121     -0.983      0.000
  81   77     -1.112      1.006      0.000
  80   -2     -1.106      0.609      0.000
  84   82     -1.086     -1.171      0.000
  83   79     -1.084     -0.331      0.000
  85   80     -1.059      0.385      0.000
  86   81     -1.057      0.629      0.000
  95   -2     -1.052     -1.025      0.000
  -1   -2     -1.051     -0.663      0.000
  88   -2     -1.041      0.419      0.000
  89   83     -1.036     -0.359      0.000
  90   86     -1.024      0.780      0.000
  92   85     -1.024     -0.706      0.000
  91   87     -1.021     -0.101      0.000
  93   88     -1.017     -0.838      0.000
  -1   -2     -1.014     -0.303      0.000
  -1   -2     -1.009     -0.664      0.000
  94   90     -1.007     -0.273      0.000
  96   92     -0.989      0.385      0.000
  97   91     -0.988      1.007      0.000
  98   94     -0.972      0.464      0.000
  99   93     -0.971      0.894      0.000
 100   95     -0.965     -0.983      0.000
 101   96     -0.955      0.566      0.000
 102   97     -0.954     -0.157      0.000
 105   98     -0.948     -0.918      0.000
 103  100     -0.947     -0.423      0.000
 106  102     -0.939      0.379      0.000
 108  104     -0.928     -0.214      0.000
 104  105     -0.917      0.765      0.000
 111  107     -0.909      1.073      0.000
 113  109     -0.904     -0.762      0.000
 121   89     -0.904     -1.072      0.000
 114  110     -0.896      0.333      0.000
  -1  111     -0.883      0.429      0.000
 116  112     -0.871      0.895      0.000
  -1  122     -0.854      0.739      0.000
 118  113     -0.852      0.565      0.000
 119  114     -0.844     -0.735      0.000
 120  116     -0.829      0.303      0.000
 123  118     -0.823     -0.691      0.000
 122  119     -0.823     -0.611      0.000
 125  117     -0.822      1.088      0.000
 126   -2     -0.819      0.693      0.000
 127  124     -0.816      1.044      0.000
 117  132     -0.805     -0.942      0.000
 115   -2     -0.800     -1.163      0.000
 130  125     -0.789     -0.445      0.000
 131  126     -0.779     -0.493      0.000
  -1   -2     -0.777     -0.334      0.000
 133  127     -0.776      0.996      0.000
 136  129     -0.768      0.477      0.000
 134   -2     -0.768     -0.036      0.000
 135  128     -0.766     -0.141      0.000
 137  130     -0.764     -0.222      0.000
 138  131     -0.760     -0.755      0.000
 140   -2     -0.757     -0.932      0.000
 142  134     -0.748      0.893      0.000
 147   -2     -0.745      0.332      0.000
 143  135     -0.744     -1.011      0.000
 144  136     -0.741     -0.965      0.000
 145  138     -0.736     -0.013      0.000
 146   -2     -0.730     -0.068      0.000
  -1   -2     -0.727     -0.388      0.000
 148  141     -0.717      0.254      0.000
 150  142     -0.714      0.991      0.000
 149  143     -0.712      0.398      0.000
  -1  139     -0.703      0.315      0.000
 152  144     -0.701     -0.459      0.000
 162  145     -0.682     -1.126      0.000
 153  149     -0.678     -0.065      0.000
  -1   -2     -0.678      0.389      0.000
  -1  147     -0.677      1.079      0.000
 157  150     -0.667      1.022      0.000
 158  153     -0.661      0.031      0.000
 159  151     -0.660     -1.086      0.000
  -1   -2     -0.656     -0.366      0.000
 160  154     -0.651      1.167      0.000
 161  156     -0.643     -0.571      0.000
 165  157     -0.637     -1.018      0.000
 163  158     -0.635     -0.162      0.000
 164  159     -0.632      0.140      0.000
 166  160     -0.621      0.749      0.000
  -1  161     -0.611     -0.588      0.000
 167  163     -0.601     -0.115      0.000
  -1  162     -0.600     -0.787      0.000
 170  165     -0.578      0.918      0.000
  -1   -2     -0.570     -0.563      0.000
 172  167     -0.563     -1.008      0.000
 171  168     -0.562     -0.328      0.000
 173  166     -0.560     -0.801      0.000
 175  169     -0.549      1.089      0.000
 174  172     -0.547     -0.456      0.000
 176  170     -0.546     -0.538      0.000
 177  171     -0.541     -1.170      0.000
 178  173     -0.534     -1.086      0.000
 180  175     -0.495     -0.544      0.000
 181  174     -0.494      0.851      0.000
 179  176     -0.494      0.039      0.000
 182   -2     -0.484      0.362      0.000
 184  177     -0.477      0.708      0.000
  -1   -2     -0.471      0.569      0.000
 186  181     -0.470     -0.258      0.000
 185  178     -0.470      0.502      0.000
 189  180     -0.465     -1.171      0.000
 188  182     -0.463      0.276      0.000
 190  184     -0.445     -0.720      0.000
  -1   -2     -0.441      0.035      0.000
  -1   -2     -0.441     -0.323      0.000
  -1  186     -0.440      0.290      0.000
 191  185     -0.438     -0.994      0.000
 192  187     -0.417      0.075      0.000
 201   -2     -0.415      0.191      0.000
 194  188     -0.411     -0.888      0.000
 195  190     -0.398     -0.064      0.000
  -1  195     -0.396      1.129      0.000
 196  192     -0.385     -0.149      0.000
  -1  193     -0.384     -0.320      0.000
 198  194     -0.378     -1.013      0.000
  -1  191     -0.371     -0.618      0.000
 200  196     -0.368      0.801      0.000
 199  197     -0.368      0.474      0.000
 202   -2     -0.366      1.125      0.000
 204   -2     -0.364     -1.130      0.000
  -1  216     -0.362     -1.168      0.000
 206  198     -0.359     -0.654      0.000
 205  199     -0.358     -0.559      0.000
 207  200     -0.348     -0.721      0.000
 208  201     -0.343      1.052      0.000
  -1   -2     -0.338      0.552      0.000
 212  204     -0.335      0.779      0.000
 213  205     -0.329      0.342      0.000
 214  206     -0.323     -0.212      0.000
 215  207     -0.323      0.934      0.000
 197  208     -0.313     -0.329      0.000
 217  209     -0.305     -0.289      0.000
 218  210     -0.302     -0.994      0.000
 220  212     -0.294     -1.048      0.000
 221   -2     -0.288      0.559      0.000
 222  215     -0.282     -0.633      0.000
 219   -2     -0.276     -0.815      0.000
 223   -2     -0.275     -1.143      0.000
 224  219     -0.272      0.861      0.000
 230  214     -0.255      0.581      0.000
 226  220     -0.236      0.321      0.000
 227  222     -0.231      0.846      0.000
 229   -2     -0.227     -1.092      0.000
  -1  225     -0.219     -0.148      0.000
 231  224     -0.218     -0.748      0.000
 232  227     -0.215     -0.221      0.000
 239  226     -0.211      1.147      0.000
 233  230     -0.208     -1.069      0.000
 234  228     -0.206      0.448      0.000
 235  229     -0.203     -0.455      0.000
  -1   -2     -0.198     -0.632      0.000
 237  232     -0.177      0.776      0.000
 238  233     -0.175      0.120      0.000
  -1  236     -0.145     -0.647      0.000
 240  240     -0.144     -0.005      0.000
  -1   -2     -0.143     -0.575      0.000
  -1  234     -0.143      0.415      0.000
  -1  235     -0.142     -0.270      0.000
 245  221     -0.139     -0.855      0.000
 241  237     -0.135     -1.105      0.000
  -1   -2     -0.127     -0.678      0.000
  -1  249     -0.125     -0.160      0.000
  -1  239     -0.121     -0.730      0.000
 244   -2     -0.120     -0.314      0.000
 243   -2     -0.119      0.011      0.000
 262   -2     -0.097     -0.905      0.000
 257   -2     -0.095     -0.760      0.000
 247  244     -0.091      0.528      0.000
 248  245     -0.089     -0.226      0.000
 250  246     -0.085      0.682      0.000
 251  248     -0.084     -0.022      0.000
 252  251     -0.067     -0.108      0.000
 255  255     -0.055      0.765      0.000
 256  256     -0.052     -0.711      0.000
 258  257     -0.044      0.237      0.000
 259  258     -0.040     -0.199      0.000
  -1  259     -0.033     -0.352      0.000
  -1   -2     -0.031     -0.387      0.000
 261  261     -0.029      0.646      0.000
 253  271     -0.027      0.378      0.000
 264  263     -0.004     -0.029      0.000
 265  264     -0.000      0.121      0.000
 272   -2      0.003     -1.169      0.000
 268  266      0.010      1.068      0.000
 281  267      0.012     -0.547      0.000
 270  268      0.017      0.622      0.000
  -1  269      0.020      0.942      0.000
 274   -2      0.043      0.401      0.000
 283  272      0.048      0.028      0.000
 277  273      0.051      0.632      0.000
 278  274      0.058      0.300      0.000
 279  276      0.059      0.990      0.000
 273  277      0.062      0.362      0.000
 282  279      0.069      0.720      0.000
  -1   -2      0.073     -0.117      0.000
 284  280      0.076     -0.081      0.000
 286   -2      0.076     -0.231      0.000
 287  283      0.077     -1.009      0.000
  -1   -2      0.088     -1.062      0.000
 289  285      0.105      0.149      0.000
  -1  281      0.106     -0.163      0.000
  -1  284      0.107     -0.984      0.000
 290  286      0.112      0.493      0.000
 291  287      0.115      0.100      0.000
 292   -2      0.125      1.055      0.000
 293  289      0.126      0.957      0.000
 294  290      0.132      0.921      0.000
  -1  291      0.139     -0.952      0.000
 296  293      0.144      1.136      0.000
 297  294      0.146      0.201      0.000
 299  295      0.152     -0.552      0.000
 298  296      0.154     -0.674      0.000
 301   -2      0.159     -0.756      0.000
  -1  298      0.171     -0.126      0.000
 302  297      0.171      0.394      0.000
 303  300      0.187     -0.775      0.000
 305  301      0.192     -1.173      0.000
 304   -2      0.194      1.050      0.000
  -1  303      0.202      0.610      0.000
 300  304      0.210      0.009      0.000
 308  305      0.213     -1.094      0.000
 309  316      0.220     -0.358      0.000
 311  306      0.228     -0.968      0.000
 312  307      0.233     -0.189      0.000
 313  308      0.237      1.052      0.000
 314  309      0.246      0.130      0.000
 315  310      0.248     -1.014      0.000
 317  311      0.253     -0.430      0.000
  -1  312      0.254      0.802      0.000
 318  314      0.258     -0.982      0.000
  -1   -2      0.258      1.022      0.000
 319  315      0.260      0.258      0.000
  -1  317      0.270      0.167      0.000
 320   -2      0.272     -0.921      0.000
 321   -2      0.276      0.497      0.000
 310   -2      0.287     -0.485      0.000
 322  321      0.299      0.043      0.000
  -1  313      0.301      0.975      0.000
 324  322      0.303     -0.237      0.000
 325  323      0.305     -1.091      0.000
 326  324      0.311      1.102      0.000
 327  325      0.320     -1.174      0.000
 328  328      0.351      0.046      0.000
 329  329      0.357      0.316      0.000
 331  330      0.367     -0.464      0.000
 332  331      0.368      0.171      0.000
 333  332      0.371     -0.878      0.000
  -1  334      0.383     -0.518      0.000
  -1   -2      0.391      0.959      0.000
 336  336      0.396     -0.014      0.000
 339   -2      0.401      0.765      0.000
 338  339      0.416     -0.956      0.000
  -1   -2      0.424      0.675      0.000
 341   -2      0.428     -1.176      0.000
 340  342      0.429     -0.615      0.000
  -1  341      0.431      0.804      0.000
 342  343      0.431     -0.662      0.000
 343  345      0.433      0.341      0.000
 344  346      0.437     -0.481      0.000
 345  347      0.447     -0.046      0.000
 347  350      0.471      0.972      0.000
 348  351      0.473      0.826      0.000
 352  352      0.482     -0.851      0.000
 351  353      0.484     -0.680      0.000
  -1  355      0.492     -1.165      0.000
  -1  354      0.504     -1.005      0.000
 354   -2      0.515     -0.397      0.000
 356  356      0.522     -0.053      0.000
 357  358      0.527     -0.620      0.000
 358  359      0.528      0.548      0.000
 360  360      0.534      0.587      0.000
 359  363      0.535     -0.963      0.000
 361  362      0.540      0.975      0.000
  -1  371      0.541     -0.476      0.000
 364  365      0.557      0.357      0.000
 363  366      0.558      1.105      0.000
 362   -2      0.560     -1.007      0.000
 365  367      0.565      0.875      0.000
 366  368      0.573      0.605      0.000
 367  369      0.579      0.529      0.000
 368  370      0.589     -0.787      0.000
 370   -2      0.611     -0.719      0.000
 369  372      0.612     -1.035      0.000
 373  374      0.614      0.915      0.000
 375  377      0.619     -0.876      0.000
  -1  373      0.620     -0.971      0.000
 377  376      0.620      1.000      0.000
 378   -2      0.623     -0.505      0.000
 379  378      0.628     -0.007      0.000
 380  380      0.646     -1.169      0.000
 381  375      0.651      0.276      0.000
  -1   -2      0.659      0.322      0.000
 390   -2      0.665     -0.070      0.000
 382  382      0.673     -0.395      0.000
 383  383      0.678     -0.676      0.000
  -1  392      0.682     -0.931      0.000
 384  385      0.693     -0.889      0.000
  -1  387      0.693     -0.723      0.000
 385  386      0.696      0.365      0.000
 386  388      0.697      0.418      0.000
 387  389      0.706      1.136      0.000
 388  390      0.713      0.683      0.000
  -1  391      0.715     -0.078      0.000
 372  424      0.725     -0.213      0.000
 389   -2      0.725     -0.913      0.000
 391  394      0.734     -0.662      0.000
  -1   -2      0.743      0.891      0.000
 392  397      0.756     -0.032      0.000
  -1   -2      0.762      0.964      0.000
 393  398      0.766      0.104      0.000
 395   -2      0.771     -1.125      0.000
 394  399      0.777     -0.838      0.000
  -1  401      0.786     -1.039      0.000
 397  402      0.792      0.177      0.000
  -1  403      0.792     -1.078      0.000
 398  404      0.796      0.944      0.000
 400  409      0.802     -0.979      0.000
  -1   -2      0.807      0.127      0.000
  -1   -2      0.808      0.321      0.000
  -1  406      0.808      0.547      0.000
 401  407      0.809      0.449      0.000
 402  408      0.810     -0.153      0.000
 403  410      0.814     -0.268      0.000
 404  413      0.819     -0.888      0.000
 405  412      0.821      0.688      0.000
 406  414      0.827      0.742      0.000
 399   -2      0.831     -0.620      0.000
 407  416      0.832     -0.804      0.000
 408  415      0.832      0.803      0.000
 411  417      0.843      0.249      0.000
  -1  418      0.844     -0.293      0.000
 396  437      0.846     -1.149      0.000
 412  420      0.850     -0.460      0.000
  -1  419      0.852      0.405      0.000
 413  421      0.855     -1.074      0.000
 415  422      0.864      1.106      0.000
 416  425      0.875      0.839      0.000
 440   -2      0.878     -0.329      0.000
 417  426      0.878      0.551      0.000
 418  428      0.883     -0.544      0.000
 419  429      0.887      0.475      0.000
 423  431      0.891     -0.149      0.000
 414  451      0.892      0.600      0.000
 422   -2      0.893     -0.248      0.000
  -1   -2      0.894      0.781      0.000
 424  433      0.897     -0.875      0.000
 425  434      0.901     -0.802      0.000
 426  436      0.902     -1.006      0.000
 427  435      0.903     -0.942      0.000
 428   -2      0.905     -1.135      0.000
 429  438      0.912      0.030      0.000
 430  439      0.924     -0.026      0.000
 434  442      0.939     -1.077      0.000
 435  432      0.941     -0.233      0.000
 432  447      0.943     -1.173      0.000
 436  444      0.949      0.787      0.000
 437  445      0.954      0.685      0.000
 439  446      0.969      0.006      0.000
  -1  448      0.973     -0.322      0.000
 447   -2      0.980     -0.121      0.000
 441  450      0.982     -0.581      0.000
 442  452      0.986     -1.110      0.000
 438  454      0.990      0.275      0.000
 445  441      0.996     -0.811      0.000
 446   -2      0.999      0.180      0.000
 448  455      1.002      0.111      0.000
 449  456      1.008      0.852      0.000
 450  458      1.034      0.986      0.000
 451  459      1.064     -0.625      0.000
 452  460      1.074     -1.175      0.000
 459  461      1.095      1.037      0.000
  -1  462      1.107     -0.944      0.000
 455  463      1.117     -0.519      0.000
 457  464      1.121     -0.047      0.000
 456  465      1.125     -0.978      0.000
 458  466      1.130     -0.742      0.000
  -1   -2      1.137      1.025      0.000
 461  468      1.140     -0.825      0.000
 454  475      1.157     -1.042      0.000
 460  467      1.158     -1.172      0.000
 464  470      1.159      0.557      0.000
  -1  469      1.167      1.107      0.000
 466  473      1.167      0.392      0.000
 467  474      1.176     -0.457      0.000
 469  479      1.177      0.021      0.000
 470   -2      1.196     -1.129      0.000
 480  476      1.200     -0.146      0.000
 473  478      1.206      0.985      0.000
 472  477      1.206     -0.522      0.000
 476  481      1.230     -0.457      0.000
 477  480      1.232      0.912      0.000
 474  484      1.236     -1.063      0.000
 478  485      1.259     -0.428      0.000
  -1   -2      1.271     -0.996      0.000
 482  486      1.285     -0.504      0.000
 483  487      1.287      0.177      0.000
  -1  489      1.301     -0.900      0.000
 484  492      1.332      0.493      0.000
 486  493      1.333      0.237      0.000
  -1   -2      1.336     -0.645      0.000
 487  494      1.337     -0.188      0.000
 488  495      1.341     -1.003      0.000
 490  496      1.347     -0.281      0.000
 481  510      1.352     -1.166      0.000
 491  497      1.352      1.057      0.000
 485   -2      1.362     -0.856      0.000
 517   -2      1.369     -0.395      0.000
 494  500      1.370     -0.335      0.000
 496  501      1.372      0.550      0.000
 497  503      1.377     -0.917      0.000
 498  504      1.387     -0.133      0.000
  -1  511      1.395     -0.971      0.000
  -1   -2      1.395      0.985      0.000
 501  506      1.402      0.266      0.000
 500  507      1.405     -0.858      0.000
 504  508      1.411      0.770      0.000
  -1  512      1.434      0.998      0.000
 506  515      1.440     -0.958      0.000
  -1   -2      1.443      0.960      0.000
 507  513      1.443      0.400      0.000
  -1  514      1.444     -0.018      0.000
 509  517      1.452     -0.144      0.000
 511  522      1.461     -0.198      0.000
 510  520      1.462     -0.621      0.000
 512  523      1.463     -0.654      0.000
 513  521      1.465      0.089      0.000
 514  519      1.466     -1.083      0.000
 515  524      1.472      0.008      0.000
 518  525      1.482      0.652      0.000
 519  526      1.484      0.537      0.000
 520  527      1.501      0.353      0.000
  -1   -2      1.504     -1.145      0.000
 521  528      1.506      1.022      0.000
 533   -2      1.511      0.724      0.000
 534  530      1.526      0.948      0.000
 524  531      1.527     -1.112      0.000
 525   -2      1.527     -0.521      0.000
 522  533      1.539      0.418      0.000
 526  536      1.541     -1.175      0.000
 528  534      1.541      1.063      0.000
 529  535      1.542     -0.817      0.000
 530  537      1.543     -0.936      0.000
 532  539      1.551     -0.712      0.000
