552
   0    0     -1.575     -0.477      0.000
  -1    1     -1.574      0.472      0.000
   1   13     -1.574     -1.171      0.000
   2    2     -1.569      0.896      0.000
  -1    3     -1.567      0.681      0.000
   3    4     -1.559      0.391      0.000
  -1   -2     -1.550     -0.697      0.000
   4    5     -1.547     -1.016      0.000
   5    6     -1.538      0.052      0.000
  -1   -2     -1.536      0.726      0.000
   7    7     -1.522     -0.536      0.000
  -1   -2     -1.515      0.461      0.000
   8    8     -1.513     -0.355      0.000
  18   -2     -1.506     -1.009      0.000
  13   10     -1.504      1.111      0.000
  10   12     -1.503      0.209      0.000
   9   -2     -1.502      0.008      0.000
  11   11     -1.502     -0.048      0.000
  -1   -2     -1.497     -0.732      0.000
  14   14     -1.495      0.934      0.000
  -1   -2     -1.493     -1.172      0.000
  15   15     -1.487      0.849      0.000
  16   16     -1.484     -0.575      0.000
   6   26     -1.481      0.807      0.000
  19   20     -1.466      0.982      0.000
  20   21     -1.463     -0.837      0.000
  -1    9     -1.462     -0.976      0.000
  -1   22     -1.457      0.516      0.000
  21   23     -1.454     -0.063      0.000
  23   24     -1.435     -1.122      0.000
  22   25     -1.435      0.721      0.000
  24   27     -1.421     -0.488      0.000
  27   -2     -1.421     -0.732      0.000
  29   29     -1.412      0.657      0.000
  28   32     -1.401     -1.173      0.000
  25   40     -1.399      0.840      0.000
  -1   -2     -1.391      0.275      0.000
  -1   -2     -1.382     -1.119      0.000
  33   34     -1.353      0.499      0.000
  -1   -2     -1.350      0.044      0.000
  -1   37     -1.333     -0.611      0.000
  34   35     -1.331      1.122      0.000
  36   36     -1.327     -1.070      0.000
  35   38     -1.324     -0.158      0.000
  37   -2     -1.321     -0.691      0.000
  -1   -2     -1.318     -0.095      0.000
  -1   45     -1.315     -1.164      0.000
  38   -2     -1.305      0.769      0.000
  39   42     -1.299      0.478      0.000
  -1   41     -1.299     -0.804      0.000
  41   43     -1.296     -0.462      0.000
  42   44     -1.292     -1.105      0.000
  43   46     -1.284      0.872      0.000
  -1   47     -1.280      0.221      0.000
  -1   48     -1.267     -1.014      0.000
  52   49     -1.266      0.986      0.000
  46   52     -1.265     -0.366      0.000
  44   51     -1.264      0.565      0.000
  48   53     -1.261      0.457      0.000
  49   55     -1.258      0.772      0.000
  -1   56     -1.249     -0.474      0.000
  -1   57     -1.244     -1.037      0.000
  54   58     -1.239     -0.802      0.000
  53   60     -1.238      0.392      0.000
  47   -2     -1.235     -1.127      0.000
  56   62     -1.230     -0.701      0.000
  57   61     -1.229      1.161      0.000
  58   64     -1.224     -0.276      0.000
  -1   65     -1.211      0.788      0.000
  59   67     -1.207      0.665      0.000
  40   -2     -1.201     -0.940      0.000
  62   68     -1.198     -1.009      0.000
  63   71     -1.195     -1.168      0.000
  64   70     -1.188      0.343      0.000
  66   73     -1.153      0.910      0.000
  68   -2     -1.150      1.134      0.000
  67   74     -1.149     -0.512      0.000
  69   75     -1.140      1.176      0.000
  70   76     -1.137     -0.989      0.000
  -1   77     -1.127     -1.026      0.000
  71   78     -1.121      0.623      0.000
  72   79     -1.110     -0.154      0.000
  -1   82     -1.109      0.362      0.000
  -1   93     -1.104     -1.175      0.000
  -1   80     -1.101     -0.013      0.000
  75   81     -1.096      1.163      0.000
  -1   -2     -1.091      0.345      0.000
  76   84     -1.083     -0.237      0.000
  74   -2     -1.073     -0.032      0.000
  77   -2     -1.069      0.333      0.000
  -1   89     -1.058      0.408      0.000
  81   90     -1.050      0.990      0.000
  -1   91     -1.042     -1.080      0.000
  82   92     -1.042     -0.060      0.000
  84   94     -1.036      0.730      0.000
  83   95     -1.036      0.036      0.000
  -1   -2     -1.025     -0.240      0.000
  -1   98     -1.021     -0.881      0.000
  -1   97     -1.021      0.389      0.000
  85   -2     -1.020     -1.164      0.000
  86   99     -1.017     -0.477      0.000
  87  100     -1.011      0.141      0.000
  88  101     -1.001     -0.975      0.000
  89  102     -0.999      1.103      0.000
  91  103     -0.981     -0.150      0.000
  92  104     -0.975      0.756      0.000
  93   -2     -0.972      0.944      0.000
  94  106     -0.965     -0.655      0.000
  95   -2     -0.963      1.122      0.000
  96   -2     -0.957     -0.099      0.000
  97   -2     -0.952      0.063      0.000
  98  110     -0.951     -0.976      0.000
  99  118     -0.949     -1.111      0.000
  -1   -2     -0.942      0.217      0.000
 100  112     -0.937     -0.456      0.000
  -1  113     -0.932     -1.173      0.000
 102  114     -0.926     -0.738      0.000
 103  115     -0.921     -0.794      0.000
 104  116     -0.917      0.822      0.000
  -1  109     -0.907     -0.035      0.000
 107  117     -0.906     -1.026      0.000
 108  119     -0.899      1.127      0.000
 106   -2     -0.888     -1.097      0.000
 109  121     -0.874      0.882      0.000
 110  122     -0.859     -0.287      0.000
 111  123     -0.855      0.049      0.000
  -1   -2     -0.851     -0.087      0.000
 113  125     -0.844     -0.772      0.000
 115  126     -0.843      1.054      0.000
 112  128     -0.842     -1.168      0.000
 117  127     -0.840      0.987      0.000
 114  129     -0.840      0.376      0.000
 116  124     -0.838      0.693      0.000
 118  130     -0.838     -0.543      0.000
 119  137     -0.835      0.833      0.000
 120  131     -0.832     -0.253      0.000
 122  133     -0.822      1.095      0.000
  -1  132     -0.813      0.244      0.000
  -1  135     -0.811     -0.924      0.000
  -1   -2     -0.800      0.838      0.000
 125  138     -0.797     -0.399      0.000
 126  139     -0.792     -0.626      0.000
 124   -2     -0.789      0.949      0.000
 128  141     -0.786     -0.672      0.000
 129  142     -0.779     -0.203      0.000
 131   -2     -0.773     -0.507      0.000
  -1   -2     -0.771      0.565      0.000
 132  144     -0.767      0.079      0.000
 133  145     -0.766     -0.470      0.000
 134  146     -0.761      0.173      0.000
 135  143     -0.761      0.485      0.000
 137  147     -0.755     -0.944      0.000
 136  152     -0.751     -1.156      0.000
 138  149     -0.735     -0.030      0.000
  -1  151     -0.729     -0.248      0.000
  -1  150     -0.729     -0.968      0.000
 140  153     -0.718      1.010      0.000
 139  154     -0.717      0.817      0.000
 141  155     -0.716     -0.456      0.000
 142  156     -0.714      0.599      0.000
 144   -2     -0.710      1.063      0.000
 143  159     -0.706     -0.099      0.000
 146  157     -0.706     -1.014      0.000
 145  158     -0.704     -0.724      0.000
 147   -2     -0.686      0.003      0.000
  -1  161     -0.671     -1.173      0.000
 148  162     -0.670     -0.230      0.000
 149  163     -0.665     -0.717      0.000
 150  164     -0.661      0.379      0.000
 151  168     -0.646      1.068      0.000
 152  167     -0.645      1.174      0.000
 153  170     -0.639      0.276      0.000
  -1  172     -0.623     -0.046      0.000
 155  171     -0.621     -0.959      0.000
 154   -2     -0.616     -0.136      0.000
  -1   -2     -0.607      0.260      0.000
 156  173     -0.607      0.429      0.000
 157  174     -0.607      0.949      0.000
 158  175     -0.605     -1.034      0.000
 173  160     -0.601     -1.083      0.000
 161  176     -0.597     -0.586      0.000
  -1  177     -0.581     -0.221      0.000
 162  178     -0.577     -0.188      0.000
 163  179     -0.570     -0.904      0.000
 164  180     -0.570      0.842      0.000
 165  181     -0.567     -0.421      0.000
 167  182     -0.560      0.624      0.000
 168   -2     -0.547      0.423      0.000
 170  183     -0.544      0.764      0.000
 172  186     -0.535      1.052      0.000
 174  187     -0.529      0.595      0.000
  -1  189     -0.523      0.326      0.000
 175   -2     -0.510      0.246      0.000
 176  190     -0.501     -0.541      0.000
 177  192     -0.500     -0.711      0.000
 195  169     -0.493     -1.172      0.000
  -1  194     -0.489      0.423      0.000
 179  195     -0.475     -0.819      0.000
 197  184     -0.469     -0.603      0.000
 180   -2     -0.468     -0.128      0.000
 181  197     -0.463     -0.442      0.000
 182  199     -0.459      0.709      0.000
 183   -2     -0.451      0.889      0.000
 184  200     -0.447      0.324      0.000
 186  201     -0.435      0.806      0.000
 190  202     -0.429      1.035      0.000
 188  204     -0.428      0.108      0.000
 189  203     -0.428      0.628      0.000
 191  205     -0.425      0.871      0.000
 192  206     -0.416     -0.802      0.000
  -1  207     -0.411     -1.153      0.000
 185   -2     -0.410     -1.123      0.000
 193  208     -0.410     -0.284      0.000
 187  219     -0.399     -0.985      0.000
 198  211     -0.378      0.605      0.000
  -1  213     -0.371      0.575      0.000
  -1   -2     -0.366      1.043      0.000
  -1   -2     -0.361     -0.403      0.000
 199  216     -0.353     -0.743      0.000
 200  217     -0.352     -0.503      0.000
  -1   -2     -0.343     -0.071      0.000
 201  218     -0.343      0.073      0.000
  -1   -2     -0.339     -1.043      0.000
 202  220     -0.335      1.037      0.000
 203  221     -0.333      0.535      0.000
 204  222     -0.326     -0.787      0.000
  -1   -2     -0.314     -0.184      0.000
  -1  223     -0.305     -0.664      0.000
 205   -2     -0.293      0.783      0.000
 206  224     -0.286     -0.108      0.000
  -1   -2     -0.280     -1.119      0.000
 208  225     -0.276     -0.856      0.000
  -1  227     -0.272     -0.590      0.000
 209  228     -0.265      0.285      0.000
 211  229     -0.257      0.356      0.000
 210  240     -0.253     -1.165      0.000
  -1  230     -0.253      1.003      0.000
 212  231     -0.253     -0.035      0.000
 213  232     -0.249     -0.969      0.000
 214  233     -0.241     -0.455      0.000
 215  243     -0.238      1.126      0.000
 217  235     -0.232      0.247      0.000
 219  234     -0.231     -1.091      0.000
 216  236     -0.225     -0.558      0.000
 218  237     -0.223      0.450      0.000
 220  238     -0.219     -0.209      0.000
 221  239     -0.210      0.176      0.000
 223  241     -0.203     -0.086      0.000
 226   -2     -0.200     -0.471      0.000
 222   -2     -0.200     -1.071      0.000
 227  244     -0.183      0.996      0.000
  -1   -2     -0.183      0.809      0.000
 229  245     -0.178     -0.949      0.000
 231  247     -0.173     -0.199      0.000
 232  248     -0.173      0.258      0.000
  -1   -2     -0.160      0.496      0.000
 234  250     -0.157     -0.762      0.000
 235  251     -0.154     -0.420      0.000
  -1  252     -0.149      0.018      0.000
 224  263     -0.143     -1.122      0.000
 238  255     -0.140      0.418      0.000
  -1   -2     -0.138     -0.276      0.000
  -1  254     -0.129     -1.100      0.000
 244  242     -0.124     -1.046      0.000
 240  257     -0.123      0.997      0.000
 241  259     -0.119     -0.261      0.000
 242  260     -0.101      0.842      0.000
 243  261     -0.092     -0.814      0.000
 245  262     -0.090     -0.312      0.000
 246  264     -0.082      0.231      0.000
 239   -2     -0.078     -1.070      0.000
 250  258     -0.077     -1.169      0.000
 248  265     -0.072      0.944      0.000
 251  266     -0.061      0.055      0.000
 252   -2     -0.056     -0.211      0.000
  -1  268     -0.050      0.514      0.000
 254   -2     -0.047     -0.242      0.000
  -1  269     -0.035     -0.991      0.000
 255  270     -0.032      0.889      0.000
 257  272     -0.019      0.404      0.000
 258  273     -0.018      0.244      0.000
  -1  279     -0.015     -1.122      0.000
  -1  274     -0.014     -0.016      0.000
 260  275     -0.011      0.692      0.000
  -1  276      0.003      0.113      0.000
  -1  277      0.004     -0.937      0.000
 262  280      0.029      0.453      0.000
  -1   -2      0.032     -1.121      0.000
  -1  298      0.040      1.073      0.000
 264  282      0.046      0.633      0.000
 261  286      0.053      0.109      0.000
 268  285      0.054     -0.777      0.000
 269   -2      0.056     -0.964      0.000
 263   -2      0.056     -1.071      0.000
 265  284      0.057     -0.635      0.000
  -1  297      0.058     -0.300      0.000
 270  288      0.061     -0.007      0.000
 272  290      0.073     -1.126      0.000
 275  292      0.093      0.821      0.000
 276   -2      0.099     -1.169      0.000
 277  293      0.100     -0.164      0.000
 278  294      0.104     -1.008      0.000
 279  295      0.115      0.052      0.000
  -1  296      0.120     -0.373      0.000
 280   -2      0.125     -0.294      0.000
 281   -2      0.130      1.086      0.000
 282  299      0.134     -1.086      0.000
  -1  300      0.137     -0.951      0.000
 283  301      0.137      0.678      0.000
 271   -2      0.140     -0.436      0.000
 284  303      0.141      0.591      0.000
 286  304      0.149      0.470      0.000
 285  305      0.151     -0.926      0.000
  -1   -2      0.153     -0.035      0.000
 288  307      0.172      0.260      0.000
 287  306      0.173      0.740      0.000
 289  308      0.180     -0.455      0.000
 290  309      0.186     -0.896      0.000
 291  310      0.195     -0.282      0.000
 293   -2      0.195     -1.172      0.000
 292  311      0.202     -1.108      0.000
 294  312      0.213     -0.723      0.000
  -1  320      0.218     -1.003      0.000
 295  313      0.222      0.932      0.000
  -1  314      0.224     -0.173      0.000
 298  315      0.225      0.043      0.000
 297   -2      0.228     -0.361      0.000
 300  316      0.230     -0.608      0.000
  -1  318      0.233     -1.131      0.000
 302  319      0.235      0.677      0.000
 303   -2      0.239      0.390      0.000
 301   -2      0.251      0.745      0.000
 304  321      0.254     -0.076      0.000
 305   -2      0.264     -0.631      0.000
  -1  322      0.271     -0.430      0.000
 306  323      0.272     -1.087      0.000
 307  325      0.280     -0.225      0.000
  -1  324      0.283     -1.166      0.000
 309   -2      0.294     -0.587      0.000
 310   -2      0.297      0.685      0.000
 313  328      0.307      0.871      0.000
 314  335      0.310     -1.128      0.000
 315  331      0.317      0.805      0.000
 316  332      0.322      0.182      0.000
 329  327      0.327      0.663      0.000
 317  334      0.328      0.507      0.000
 318   -2      0.342     -1.172      0.000
 319  336      0.345     -1.070      0.000
 320  337      0.347      1.174      0.000
 322  339      0.358     -0.203      0.000
 321  340      0.358     -0.923      0.000
 325  341      0.366      0.410      0.000
 326   -2      0.369     -0.598      0.000
 327  342      0.374     -0.989      0.000
 328  343      0.381      0.052      0.000
 331  345      0.402     -0.585      0.000
 332   -2      0.405      0.246      0.000
 330   -2      0.412      0.779      0.000
  -1  354      0.412      0.142      0.000
 334  347      0.413     -0.266      0.000
 335  348      0.420     -0.879      0.000
 337  349      0.435      0.830      0.000
 339  351      0.448     -0.668      0.000
 340  352      0.457     -0.278      0.000
  -1   -2      0.463      0.468      0.000
 342  355      0.476     -0.488      0.000
  -1  356      0.477      1.103      0.000
 344  357      0.484      0.929      0.000
 345  358      0.487      0.214      0.000
  -1  359      0.488     -0.605      0.000
 346  360      0.490     -0.899      0.000
 349   -2      0.501      0.125      0.000
 347  361      0.503      0.013      0.000
 350  364      0.504     -1.167      0.000
 351   -2      0.507     -0.442      0.000
 352   -2      0.514      0.825      0.000
  -1  363      0.516     -0.410      0.000
 353   -2      0.521      1.170      0.000
 355  365      0.536     -0.616      0.000
 348   -2      0.540      0.733      0.000
 356  367      0.541      0.006      0.000
 357  368      0.543     -0.309      0.000
 358  369      0.554      1.034      0.000
 360  370      0.566     -0.475      0.000
 361  371      0.569     -0.741      0.000
  -1  373      0.583     -0.791      0.000
 363  374      0.585      0.534      0.000
 364  376      0.587      1.167      0.000
 365  375      0.590      0.445      0.000
 366  377      0.593      0.400      0.000
 367  378      0.595      0.227      0.000
 368   -2      0.597     -0.257      0.000
  -1  379      0.606      0.664      0.000
  -1   -2      0.608      0.790      0.000
 370  381      0.612     -0.019      0.000
 371  383      0.620     -0.995      0.000
 374  382      0.626     -1.168      0.000
 386   -2      0.628     -0.451      0.000
 373  386      0.632      1.093      0.000
 375  388      0.637      1.036      0.000
 377  390      0.662     -0.618      0.000
 381  391      0.668      0.796      0.000
 382  392      0.674     -0.713      0.000
 383   -2      0.677      0.629      0.000
 384  394      0.686     -0.920      0.000
 385  393      0.687      0.682      0.000
 388  396      0.710      0.943      0.000
 389  397      0.717     -0.036      0.000
 387  395      0.722     -1.081      0.000
 390  398      0.725     -0.993      0.000
  -1   -2      0.726     -0.211      0.000
 391  399      0.741     -0.770      0.000
 392  400      0.743      0.613      0.000
 393  402      0.750      0.369      0.000
  -1  401      0.751     -0.337      0.000
 395  403      0.754      0.398      0.000
  -1  404      0.755     -1.042      0.000
 410  405      0.764     -0.406      0.000
 399  406      0.767      0.960      0.000
 397  407      0.770      0.727      0.000
 400   -2      0.786     -0.623      0.000
 402   -2      0.788      0.539      0.000
 401  409      0.790     -0.970      0.000
 403  408      0.791      0.659      0.000
 405   -2      0.794     -0.141      0.000
  -1   -2      0.797     -0.722      0.000
 407  410      0.805     -0.232      0.000
 409  411      0.806      0.875      0.000
  -1  412      0.811      0.973      0.000
  -1  413      0.821     -0.167      0.000
 411  415      0.823     -1.094      0.000
 412  414      0.823      0.363      0.000
 394  429      0.837     -1.039      0.000
 414  416      0.838     -0.592      0.000
 417   -2      0.840      0.669      0.000
 415  418      0.845     -0.338      0.000
 416  420      0.857     -0.845      0.000
  -1  421      0.865     -1.125      0.000
 419  422      0.872     -0.024      0.000
 418  424      0.881     -1.164      0.000
 420  425      0.884      1.060      0.000
 421  426      0.891     -0.776      0.000
 422  427      0.906      1.160      0.000
  -1  423      0.918     -0.450      0.000
  -1  430      0.929     -0.051      0.000
  -1  438      0.930     -0.879      0.000
 423  428      0.931      0.197      0.000
 424  432      0.934      0.681      0.000
 426   -2      0.940      0.760      0.000
 438   -2      0.942     -0.608      0.000
 427  433      0.954     -0.817      0.000
 428  434      0.959      1.037      0.000
  -1  435      0.961      0.983      0.000
 430  437      0.966      0.925      0.000
  -1  436      0.968     -0.099      0.000
 431  440      0.969     -0.043      0.000
 433  439      0.971      0.513      0.000
 434   -2      0.972      0.754      0.000
 432  441      0.975      0.966      0.000
  -1  450      0.982     -1.060      0.000
 435  442      0.984      0.303      0.000
 436  443      0.986      0.259      0.000
  -1  444      1.006     -0.737      0.000
 437  445      1.011     -0.475      0.000
  -1  446      1.013     -0.568      0.000
 439  447      1.019     -0.073      0.000
 441  449      1.031     -0.289      0.000
 429   -2      1.033     -0.883      0.000
 443   -2      1.052      0.045      0.000
  -1  453      1.057     -0.958      0.000
  -1  452      1.059     -0.186      0.000
 444   -2      1.066      0.657      0.000
 446  454      1.081      0.607      0.000
 448  455      1.089      0.559      0.000
 447  459      1.089     -0.661      0.000
  -1  451      1.090      0.057      0.000
 445  457      1.091     -1.174      0.000
 449  458      1.092      0.109      0.000
 450  461      1.101     -1.076      0.000
 451  462      1.108      0.437      0.000
 452  463      1.113     -0.305      0.000
 453  464      1.118      0.354      0.000
 454   -2      1.121      0.238      0.000
  -1   -2      1.129     -0.961      0.000
 456  465      1.137     -0.207      0.000
 457  466      1.147     -0.750      0.000
 458  467      1.155      0.176      0.000
 459  470      1.160     -0.988      0.000
  -1  469      1.161     -0.941      0.000
 460   -2      1.162     -0.406      0.000
 462  472      1.170      0.925      0.000
 461  473      1.170     -0.901      0.000
 463  474      1.179      0.468      0.000
  -1   -2      1.182      0.711      0.000
  -1  486      1.191     -1.173      0.000
 465  475      1.194      1.006      0.000
 466  476      1.201      0.407      0.000
 467   -2      1.201     -0.096      0.000
 468  478      1.210      0.802      0.000
 469  479      1.221     -0.678      0.000
 470   -2      1.222      0.632      0.000
  -1  471      1.233     -0.438      0.000
 472  482      1.238      0.690      0.000
 478  477      1.247     -0.072      0.000
 474   -2      1.256     -1.170      0.000
 471  498      1.267     -1.017      0.000
 476  485      1.276      0.977      0.000
 479  488      1.291     -0.646      0.000
 481  489      1.297      0.040      0.000
 480  492      1.297     -0.728      0.000
  -1   -2      1.298     -1.083      0.000
 483  484      1.300      0.222      0.000
 484   -2      1.302     -1.145      0.000
 494   -2      1.306      1.081      0.000
 485  494      1.313     -0.508      0.000
  -1  496      1.318      0.729      0.000
 487  497      1.319      1.039      0.000
  -1  493      1.331     -1.175      0.000
 488  500      1.333     -0.674      0.000
 490  503      1.364     -0.659      0.000
 492  502      1.365     -0.162      0.000
 491  504      1.366     -0.752      0.000
 493  505      1.370     -1.135      0.000
  -1  506      1.385      0.246      0.000
 486   -2      1.394     -0.266      0.000
  -1  510      1.406      1.175      0.000
 496  509      1.415     -1.166      0.000
 497  511      1.416      0.275      0.000
 498  508      1.431      0.613      0.000
  -1   -2      1.440      0.192      0.000
 500  512      1.450      0.414      0.000
 501  514      1.463     -0.673      0.000
 502  515      1.470     -0.525      0.000
 503  517      1.474     -0.599      0.000
 504   -2      1.482     -0.408      0.000
  -1   -2      1.485     -1.080      0.000
 505  518      1.491     -0.378      0.000
 508  513      1.495      0.484      0.000
 506   -2      1.496     -1.152      0.000
 507  519      1.499     -0.988      0.000
  -1  523      1.516      0.046      0.000
  -1  525      1.518     -1.019      0.000
 511  524      1.520      0.152      0.000
 513  522      1.530     -0.336      0.000
 512   -2      1.533     -0.993      0.000
 520  520      1.535     -1.105      0.000
 514  526      1.554     -1.169      0.000
 515  527      1.557      0.245      0.000
 516  521      1.563     -0.857      0.000
 517  529      1.570      0.624      0.000
 518  530      1.570     -0.365      0.000
 519  531      1.575      0.981      0.000
