510
  -1    0     -1.573     -0.724      0.000
   0    1     -1.570      0.391      0.000
   1    9     -1.559      0.823      0.000
   2   -2     -1.550     -0.017      0.000
   8    2     -1.545     -0.052      0.000
   3    4     -1.543      0.251      0.000
   6    5     -1.537      0.910      0.000
  -1   -2     -1.521     -0.634      0.000
  -1    6     -1.521     -1.140      0.000
  -1    8     -1.514     -1.173      0.000
   9    7     -1.492      0.213      0.000
  10   10     -1.475      0.278      0.000
  11   11     -1.474      0.503      0.000
  13   12     -1.472      0.628      0.000
  14   13     -1.470     -0.271      0.000
   7   -2     -1.464     -0.990      0.000
  17   -2     -1.464     -0.941      0.000
  16   14     -1.463      0.978      0.000
  15   16     -1.462      0.392      0.000
  20   18     -1.440      0.151      0.000
  21   17     -1.440     -0.576      0.000
  35   -2     -1.425     -0.683      0.000
  38   19     -1.418     -0.278      0.000
  27   -2     -1.414      0.463      0.000
  24   -2     -1.412     -0.321      0.000
  18   38     -1.407     -1.174      0.000
  -1   20     -1.402      0.680      0.000
  26   21     -1.396      0.324      0.000
  28   23     -1.387      0.731      0.000
  -1   -2     -1.384     -0.822      0.000
  -1   -2     -1.382      0.509      0.000
  29   24     -1.375     -0.362      0.000
  31   25     -1.369     -1.132      0.000
  30   28     -1.369      0.275      0.000
  32   26     -1.366      1.081      0.000
  34   27     -1.362     -0.864      0.000
  33   30     -1.361      0.614      0.000
  36   29     -1.359     -1.008      0.000
  37   32     -1.352      0.067      0.000
  44   33     -1.341      0.583      0.000
  40   34     -1.335     -1.107      0.000
  -1   35     -1.333     -0.970      0.000
  -1   -2     -1.332      0.031      0.000
  42   36     -1.325      1.052      0.000
  43   37     -1.321      0.895      0.000
  -1   -2     -1.318     -1.161      0.000
  -1   46     -1.306      0.670      0.000
  45   39     -1.302     -0.788      0.000
  46   40     -1.297     -0.002      0.000
  47   41     -1.287     -0.817      0.000
  -1   45     -1.280     -0.211      0.000
  48   43     -1.279      0.166      0.000
  49   42     -1.278     -0.954      0.000
  50   -2     -1.270     -0.319      0.000
  -1   -2     -1.264     -1.104      0.000
  -1   -2     -1.262      0.638      0.000
  53   49     -1.258     -1.174      0.000
  54   48     -1.253     -0.603      0.000
  55   -2     -1.247     -0.412      0.000
  56   50     -1.238      0.969      0.000
  58   51     -1.234     -0.807      0.000
  59   52     -1.229     -0.505      0.000
  60   53     -1.214     -1.098      0.000
  57   56     -1.207      0.493      0.000
  61   -2     -1.196     -1.062      0.000
  62   54     -1.191      0.808      0.000
  63   55     -1.187     -0.622      0.000
  64   57     -1.182     -1.170      0.000
  65   59     -1.169     -0.118      0.000
  66   58     -1.168     -0.846      0.000
  67   60     -1.164     -0.810      0.000
  68   61     -1.159      1.015      0.000
  70   62     -1.154     -0.983      0.000
  69   63     -1.154      0.706      0.000
  -1   64     -1.133      0.616      0.000
  72   65     -1.116     -1.039      0.000
  -1   66     -1.114     -0.999      0.000
  73   67     -1.113      1.021      0.000
  74   68     -1.108     -0.338      0.000
  75   69     -1.091      0.391      0.000
  76   70     -1.080      0.637      0.000
  78   71     -1.059     -0.365      0.000
  80   73     -1.053     -0.103      0.000
  81   72     -1.048     -1.171      0.000
  83   74     -1.040     -1.045      0.000
  82   76     -1.039      0.790      0.000
  84   77     -1.036     -0.277      0.000
  -1   -2     -1.034     -0.304      0.000
  85   78     -1.031     -0.716      0.000
  86   80     -1.022      0.391      0.000
  87   79     -1.018     -0.848      0.000
  88   81     -1.005      0.470      0.000
  90   82     -0.992      1.014      0.000
  92   83     -0.987     -1.101      0.000
  91   84     -0.986     -0.158      0.000
  -1   -2     -0.984     -1.150      0.000
  94   85     -0.983      0.901      0.000
  96   -2     -0.972      0.383      0.000
  97   90     -0.967      1.053      0.000
  99   88     -0.966     -0.428      0.000
  98   89     -0.965      0.186      0.000
 100   91     -0.962     -0.216      0.000
 113   -2     -0.958     -0.990      0.000
 101   93     -0.955     -0.177      0.000
 102   94     -0.943     -0.929      0.000
 104   86     -0.938      0.615      0.000
  -1   96     -0.935     -1.165      0.000
 105   97     -0.931      0.334      0.000
  -1   87     -0.915      0.437      0.000
 108   99     -0.910     -0.763      0.000
 109  100     -0.896     -1.085      0.000
 110  101     -0.881      0.898      0.000
 111  102     -0.879      0.567      0.000
  -1   -2     -0.874      0.746      0.000
 112  103     -0.866      0.304      0.000
 114   -2     -0.853     -0.091      0.000
 115  104     -0.852     -0.740      0.000
 116  105     -0.841      0.692      0.000
 117  106     -0.838     -0.610      0.000
 119  107     -0.834     -0.690      0.000
 121  109     -0.822      1.089      0.000
 122  110     -0.818      1.044      0.000
 124  112     -0.813     -0.444      0.000
 120  111     -0.809     -1.163      0.000
 123  108     -0.806     -1.100      0.000
 125  113     -0.800     -0.138      0.000
  -1   -2     -0.796      0.736      0.000
 126  116     -0.794     -0.218      0.000
 127  115     -0.791     -0.494      0.000
 128  117     -0.782      0.994      0.000
 130   -2     -0.779     -0.051      0.000
 129  118     -0.778     -0.799      0.000
 131   -2     -0.775      1.170      0.000
 134  120     -0.769     -0.754      0.000
 133  121     -0.769     -0.011      0.000
 149   -2     -0.761      0.889      0.000
  -1  125     -0.758      0.324      0.000
 146  124     -0.750     -0.926      0.000
 137  127     -0.749      0.257      0.000
 138  129     -0.745      0.397      0.000
 141  128     -0.740     -1.011      0.000
 142  130     -0.740     -0.965      0.000
 143  132     -0.724     -0.452      0.000
 145  133     -0.716      0.986      0.000
 144  134     -0.714     -0.060      0.000
  -1  136     -0.705      0.384      0.000
 147   -2     -0.704      1.119      0.000
 148  137     -0.697      0.033      0.000
 150   -2     -0.681     -0.360      0.000
 151  140     -0.678      1.070      0.000
 152  141     -0.676     -1.122      0.000
 156  139     -0.673     -1.172      0.000
 153  142     -0.672      1.015      0.000
 154  143     -0.668     -0.157      0.000
 155  144     -0.666      0.138      0.000
 157   -2     -0.663     -0.694      0.000
  -1  138     -0.663     -0.308      0.000
 158  145     -0.661     -0.565      0.000
  -1  146     -0.653     -1.081      0.000
  -1  135     -0.646      1.158      0.000
 161  149     -0.638     -0.110      0.000
 162  148     -0.636     -1.120      0.000
 163   -2     -0.626     -0.579      0.000
 159  158     -0.621     -1.010      0.000
  -1  151     -0.608     -0.776      0.000
 168   -2     -0.589      0.904      0.000
 166  155     -0.587     -0.318      0.000
  -1  157     -0.568     -0.788      0.000
 170   -2     -0.567     -0.944      0.000
 169  160     -0.567     -0.446      0.000
 171  159     -0.567     -0.529      0.000
  -1   -2     -0.560     -0.852      0.000
 172  161     -0.557     -0.291      0.000
 174  163     -0.550     -0.991      0.000
 175  164     -0.539     -1.088      0.000
 176  165     -0.526      0.041      0.000
 179  166     -0.514     -0.530      0.000
  -1  167     -0.512      0.354      0.000
  -1  154     -0.508      0.835      0.000
  -1   -2     -0.506      0.316      0.000
 180  169     -0.497      0.694      0.000
 182  170     -0.495      0.493      0.000
 181  172     -0.494     -0.248      0.000
  -1   -2     -0.489      0.275      0.000
 177  174     -0.483     -1.168      0.000
 184  173     -0.473      0.995      0.000
 183  175     -0.456     -0.701      0.000
 186  176     -0.447      0.076      0.000
 187  177     -0.443      0.189      0.000
 189  178     -0.438     -0.974      0.000
 190   -2     -0.434     -1.072      0.000
 191  179     -0.427     -0.058      0.000
 193  180     -0.415     -0.866      0.000
 192  181     -0.412     -0.139      0.000
 194  182     -0.408     -0.306      0.000
 197  184     -0.390      0.461      0.000
 198  185     -0.381      0.779      0.000
 199  186     -0.376     -0.990      0.000
 204   -2     -0.376     -1.169      0.000
 200  187     -0.373     -0.541      0.000
 201  188     -0.371     -0.630      0.000
 202  189     -0.366      1.098      0.000
 203  191     -0.360      0.535      0.000
 205  192     -0.357     -0.699      0.000
 208  193     -0.352      0.333      0.000
 210  195     -0.347      0.757      0.000
 207  196     -0.347     -0.199      0.000
 209  194     -0.346      1.025      0.000
 211  197     -0.337     -0.311      0.000
 212  198     -0.329      0.908      0.000
 214  199     -0.324     -0.275      0.000
 215  201     -0.299     -0.967      0.000
 216  202     -0.296     -0.606      0.000
 217  203     -0.290     -1.020      0.000
 218  204     -0.283     -0.788      0.000
 219  205     -0.280      0.833      0.000
 221   -2     -0.271      0.561      0.000
 222  206     -0.270     -1.108      0.000
 220  207     -0.263     -1.172      0.000
 223  208     -0.263      0.319      0.000
 225   -2     -0.244      0.291      0.000
 234   -2     -0.239      0.509      0.000
 226  209     -0.237      0.816      0.000
 228   -2     -0.230     -0.908      0.000
 231  214     -0.225     -1.093      0.000
 230  213     -0.225     -0.718      0.000
  -1  215     -0.224      0.434      0.000
 232  216     -0.218     -0.431      0.000
 233  219     -0.186      0.746      0.000
 235  220     -0.183     -1.068      0.000
  -1  210     -0.183     -0.847      0.000
 229   -2     -0.155      0.397      0.000
  -1   -2     -0.148     -0.612      0.000
 237  224     -0.141     -0.821      0.000
 239  225     -0.141     -0.144      0.000
 241  227     -0.132     -1.071      0.000
  -1  228     -0.131     -0.288      0.000
  -1  229     -0.128     -0.697      0.000
 243   -2     -0.108     -0.208      0.000
 244  231     -0.101      0.508      0.000
 249  232     -0.100     -1.155      0.000
 254   -2     -0.095     -0.721      0.000
 247  233     -0.093      0.655      0.000
  -1   -2     -0.085      0.913      0.000
 248  234     -0.082     -0.101      0.000
 250  235     -0.074      0.342      0.000
 236  246     -0.073     -0.022      0.000
  -1  236     -0.060      0.732      0.000
 251  237     -0.055     -0.673      0.000
  -1  238     -0.054      0.231      0.000
 265  230     -0.051     -0.184      0.000
 255  241     -0.038     -0.360      0.000
 257  242     -0.037      0.365      0.000
 258  243     -0.035      0.619      0.000
  -1  252     -0.022     -1.006      0.000
  -1  244     -0.021     -1.072      0.000
  -1  245     -0.018      0.900      0.000
 259   -2     -0.011     -0.023      0.000
  -1   -2      0.001      0.115      0.000
 262  248      0.011      1.027      0.000
 268  249      0.016      0.600      0.000
 263  250      0.019      0.903      0.000
 264  251      0.021      0.323      0.000
 266  257      0.022     -1.105      0.000
 267   -2      0.036      0.385      0.000
 269  253      0.042      0.031      0.000
 271   -2      0.045     -1.153      0.000
  -1  255      0.049      0.606      0.000
 272  258      0.058      0.348      0.000
 273  259      0.060      0.948      0.000
 275  260      0.069      0.689      0.000
 270   -2      0.077     -0.969      0.000
 276   -2      0.080     -0.229      0.000
 280  264      0.102      0.147      0.000
  -1  261      0.104     -0.975      0.000
 281  265      0.110      0.471      0.000
 282  266      0.113      0.100      0.000
 284  269      0.133      0.895      0.000
  -1  270      0.138     -0.957      0.000
 285  274      0.145     -0.633      0.000
 286  271      0.147      0.200      0.000
 287  272      0.149      1.094      0.000
 290  273      0.152     -0.520      0.000
 289  282      0.167     -1.167      0.000
  -1  276      0.172     -0.289      0.000
 291  278      0.175      0.379      0.000
 292  279      0.187     -0.739      0.000
  -1   -2      0.195      1.123      0.000
 294  280      0.197      1.013      0.000
 295  281      0.200     -0.494      0.000
 297  283      0.207      0.585      0.000
  -1   -2      0.211      1.093      0.000
 298  284      0.212      0.016      0.000
 299  285      0.214     -1.058      0.000
 301  286      0.221     -0.330      0.000
 300   -2      0.225     -1.004      0.000
  -1   -2      0.226     -0.600      0.000
 302  287      0.227     -0.928      0.000
 303  288      0.235     -0.174      0.000
 305  290      0.249      0.125      0.000
 304  289      0.249      1.007      0.000
 306  292      0.257     -0.405      0.000
  -1   -2      0.259     -0.943      0.000
 308   -2      0.262     -0.371      0.000
 309  293      0.267      0.249      0.000
 310  294      0.267      1.159      0.000
  -1  297      0.304     -1.055      0.000
  -1  299      0.306     -0.357      0.000
  -1  298      0.307      0.045      0.000
 316   -2      0.310     -0.222      0.000
 318  301      0.318      1.064      0.000
 314  300      0.327     -1.175      0.000
  -1  302      0.328     -0.632      0.000
 313  313      0.340      0.666      0.000
 320  308      0.348     -0.437      0.000
 321  305      0.365      0.243      0.000
 322  304      0.366      0.304      0.000
 324  307      0.372     -0.847      0.000
 325  309      0.379      0.168      0.000
 326   -2      0.381     -0.442      0.000
 331  296      0.387      0.571      0.000
 328  310      0.392     -0.493      0.000
  -1   -2      0.392     -1.102      0.000
 330  312      0.412     -0.010      0.000
 333   -2      0.414      0.734      0.000
 332  314      0.417     -0.704      0.000
 334  315      0.418     -0.924      0.000
 335  316      0.429     -1.155      0.000
 336  317      0.435     -0.637      0.000
  -1   -2      0.439      0.650      0.000
 337  318      0.440      0.587      0.000
 338  319      0.442      0.215      0.000
  -1  322      0.446     -0.830      0.000
 339  323      0.446     -0.458      0.000
 340  320      0.446      0.773      0.000
 341  321      0.447      0.328      0.000
 342  324      0.463     -0.041      0.000
  -1  327      0.478      0.445      0.000
 329  338      0.480      0.939      0.000
 345  330      0.485     -0.826      0.000
 344  331      0.485     -1.140      0.000
 347  329      0.491     -0.650      0.000
 348  332      0.501     -0.983      0.000
 349   -2      0.519      1.021      0.000
  -1  335      0.535     -0.595      0.000
 353  336      0.535     -0.937      0.000
 352  337      0.538     -0.047      0.000
 354   -2      0.548      0.528      0.000
 355   -2      0.549     -0.458      0.000
  -1  346      0.550     -0.202      0.000
 356   -2      0.552      0.943      0.000
 357  339      0.555      0.567      0.000
  -1  340      0.557     -0.983      0.000
 358  341      0.566      1.074      0.000
 360  342      0.575      0.348      0.000
 346  351      0.576      0.846      0.000
 361  344      0.593     -0.766      0.000
 362  345      0.600      0.511      0.000
  -1  347      0.605     -0.654      0.000
  -1   -2      0.607     -0.169      0.000
  -1  348      0.609     -1.021      0.000
 366  349      0.624     -0.858      0.000
 367   -2      0.628      0.886      0.000
 364  352      0.628     -0.469      0.000
 368  350      0.630      0.971      0.000
 351  365      0.639     -0.508      0.000
 370  353      0.642     -1.163      0.000
 371   -2      0.685      0.309      0.000
 373  355      0.685     -1.047      0.000
 374  356      0.688     -0.385      0.000
  -1  357      0.697     -0.876      0.000
 372   -2      0.706     -0.451      0.000
 376   -2      0.711      1.108      0.000
 378  359      0.721      0.353      0.000
 377  360      0.722      0.405      0.000
 380  361      0.735      0.664      0.000
 381  362      0.741     -0.076      0.000
 382  363      0.743     -0.651      0.000
 385  364      0.775      0.941      0.000
 387  366      0.781     -0.040      0.000
 388  368      0.784     -1.033      0.000
 383  374      0.788     -0.235      0.000
  -1   -2      0.807     -0.984      0.000
 391  369      0.809      0.921      0.000
  -1  370      0.809     -1.134      0.000
 395  372      0.821      0.173      0.000
 399   -2      0.834     -0.266      0.000
 396  377      0.834      1.105      0.000
 398  375      0.835     -0.154      0.000
 397  378      0.836     -0.799      0.000
 400  376      0.838      0.438      0.000
 401  380      0.844      0.671      0.000
 403  381      0.850      0.725      0.000
 402  383      0.852     -1.071      0.000
 404  382      0.853      0.784      0.000
 394  400      0.855     -0.847      0.000
 406  385      0.864     -0.287      0.000
 407  387      0.868     -0.456      0.000
 408  389      0.873      1.086      0.000
 409  388      0.874      0.244      0.000
  -1  391      0.885     -1.078      0.000
 412  393      0.896     -0.544      0.000
 413  392      0.898      1.117      0.000
 414  395      0.899     -0.875      0.000
 415  396      0.901     -1.006      0.000
 393  414      0.902     -1.135      0.000
 417   -2      0.906     -0.801      0.000
 418  398      0.907      0.539      0.000
 419  402      0.915     -0.151      0.000
 420  401      0.916     -0.248      0.000
 421  403      0.918      0.466      0.000
 422  386      0.921      0.030      0.000
 423  404      0.930     -1.001      0.000
 424  405      0.933     -0.862      0.000
 425   -2      0.936     -1.080      0.000
 426  406      0.936     -0.700      0.000
  -1  407      0.945      1.051      0.000
  -1  409      0.953     -0.030      0.000
 430  411      0.964     -0.234      0.000
 432   -2      0.971      0.774      0.000
 433   -2      0.983     -1.116      0.000
  -1  416      0.994     -0.326      0.000
 429  423      0.995     -0.001      0.000
 434  418      0.995     -0.586      0.000
 436  413      1.013      0.726      0.000
 448   -2      1.022      0.266      0.000
  -1  419      1.027      0.595      0.000
 438  421      1.027      0.843      0.000
 442  422      1.031      0.105      0.000
 440  424      1.043     -0.690      0.000
 441  425      1.048      0.978      0.000
  -1  431      1.053     -1.034      0.000
 444   -2      1.067     -1.172      0.000
 443  426      1.075     -0.634      0.000
  -1  429      1.096     -0.553      0.000
 445  430      1.103      1.032      0.000
 446   -2      1.108     -0.955      0.000
 449  434      1.129     -0.529      0.000
 450  427      1.134     -1.171      0.000
 451  435      1.134     -0.756      0.000
  -1  436      1.143      0.878      0.000
 452  437      1.147     -0.840      0.000
 454  438      1.153      1.030      0.000
 453  439      1.160     -1.056      0.000
 455  441      1.173      0.556      0.000
 458  440      1.177     -0.345      0.000
  -1  445      1.181     -1.175      0.000
 464  442      1.186     -0.280      0.000
 460  443      1.190     -0.470      0.000
 459   -2      1.196     -1.147      0.000
 461  444      1.199      0.391      0.000
  -1  446      1.204      0.020      0.000
  -1   -2      1.205      0.441      0.000
 462  448      1.218     -0.538      0.000
 463  449      1.220      0.988      0.000
  -1   -2      1.235     -1.081      0.000
 465  451      1.245     -0.474      0.000
  -1  450      1.255     -1.126      0.000
  -1  452      1.255      0.424      0.000
 467  453      1.272     -0.447      0.000
  -1  455      1.286      0.721      0.000
 468  460      1.292     -1.169      0.000
 469  456      1.296     -0.524      0.000
 470   -2      1.305     -0.921      0.000
  -1   -2      1.309     -0.417      0.000
 471  457      1.313      0.174      0.000
 472  459      1.343     -1.026      0.000
 473  462      1.356     -0.202      0.000
 475  461      1.357      0.500      0.000
 477  463      1.360      0.237      0.000
 476  464      1.361      1.071      0.000
 479  465      1.365     -0.300      0.000
 478  466      1.365     -0.884      0.000
 480  469      1.382     -0.940      0.000
 483  468      1.383     -0.356      0.000
 481  467      1.383     -0.417      0.000
 484  470      1.396      0.561      0.000
  -1   -2      1.404      0.024      0.000
  -1  471      1.406     -0.148      0.000
 482  476      1.407     -1.170      0.000
 485  472      1.408     -0.887      0.000
 486  475      1.425      0.267      0.000
 487  477      1.432      0.789      0.000
  -1  478      1.447      1.018      0.000
 490   -2      1.451     -1.000      0.000
 491  481      1.458      0.978      0.000
 492  483      1.461     -1.118      0.000
 493  482      1.461     -0.027      0.000
 495  484      1.468      0.409      0.000
 494  485      1.469     -0.686      0.000
 496  487      1.470     -0.649      0.000
 497  486      1.472     -0.164      0.000
 498  488      1.476     -0.215      0.000
 509  490      1.483      0.083      0.000
 501   -2      1.504     -0.683      0.000
 503  479      1.504     -1.009      0.000
 502  493      1.505      0.671      0.000
 504  494      1.507      0.551      0.000
  -1  498      1.514      0.773      0.000
 506  495      1.518      1.046      0.000
 507  496      1.522      0.361      0.000
 474   -2      1.528      0.035      0.000
 511   -2      1.532      0.749      0.000
 489   -2      1.533     -1.154      0.000
 510  492      1.535     -0.552      0.000
 513  501      1.545     -0.971      0.000
 512  500      1.545     -0.852      0.000
 514  502      1.553      1.087      0.000
 515  503      1.555     -0.748      0.000
 516  505      1.559      0.431      0.000
