539
  -1   -2     -1.572     -0.711      0.000
   0    1     -1.564      0.384      0.000
   1    2     -1.557      0.810      0.000
   2    4     -1.551     -0.145      0.000
   3    5     -1.549     -0.010      0.000
   4   -2     -1.539     -0.047      0.000
   5    6     -1.536      0.247      0.000
   6    7     -1.534      0.900      0.000
  -1    8     -1.527     -0.998      0.000
  -1   -2     -1.520      0.763      0.000
  -1   -2     -1.505     -0.109      0.000
  11    9     -1.485      0.211      0.000
  12   11     -1.476      0.304      0.000
  -1   19     -1.474     -1.174      0.000
  13   10     -1.472      0.819      0.000
  20   -2     -1.471     -0.981      0.000
  14   14     -1.468      0.495      0.000
   8   29     -1.467     -1.123      0.000
  15   15     -1.466      0.620      0.000
  16   18     -1.464      0.263      0.000
  17   12     -1.463     -1.054      0.000
  18   17     -1.462      0.967      0.000
  19   -2     -1.460     -0.260      0.000
  21   -2     -1.454      0.386      0.000
  22   21     -1.437     -0.566      0.000
  23   -2     -1.436     -0.473      0.000
  24   22     -1.431      0.150      0.000
  -1   -2     -1.407      0.459      0.000
  25   23     -1.405     -0.316      0.000
  -1   24     -1.395      0.671      0.000
  28   26     -1.388      0.271      0.000
  27   25     -1.387      0.322      0.000
  29   27     -1.384     -0.813      0.000
  30   28     -1.382      0.721      0.000
  26   -2     -1.378     -1.122      0.000
  -1   42     -1.373      0.501      0.000
  33   30     -1.369      1.075      0.000
  32   31     -1.367     -0.355      0.000
  34   32     -1.364     -0.855      0.000
  35   33     -1.362     -0.998      0.000
  38   -2     -1.358     -0.495      0.000
  -1   35     -1.353     -0.695      0.000
  39   34     -1.352      0.607      0.000
  37   36     -1.352      0.270      0.000
  41   38     -1.342     -0.193      0.000
  42   37     -1.341     -1.098      0.000
  40   40     -1.341      0.067      0.000
  43   -2     -1.332      0.578      0.000
  44   41     -1.331      0.988      0.000
  -1   -2     -1.325      1.042      0.000
  45   50     -1.320      0.028      0.000
  46   43     -1.311      0.887      0.000
  47   -2     -1.301     -0.781      0.000
  49   45     -1.287     -0.810      0.000
  48   49     -1.285     -0.000      0.000
  50   48     -1.282     -0.949      0.000
  -1   44     -1.282     -1.171      0.000
  -1   -2     -1.273     -0.378      0.000
  51   -2     -1.272      1.168      0.000
  52   52     -1.267      0.164      0.000
  -1   46     -1.264      0.732      0.000
  53   53     -1.261     -0.315      0.000
  55   56     -1.250      0.529      0.000
  56   55     -1.248     -0.596      0.000
  57   58     -1.236      0.962      0.000
  58   59     -1.232     -0.800      0.000
  59   61     -1.225     -0.501      0.000
  61   60     -1.221     -1.092      0.000
  -1   63     -1.200     -1.160      0.000
  63   62     -1.199     -1.052      0.000
  60   67     -1.198      0.490      0.000
  64   65     -1.185      0.802      0.000
  65   66     -1.183     -0.615      0.000
  -1   -2     -1.180      0.600      0.000
  -1   69     -1.175     -1.174      0.000
  67   70     -1.168     -0.839      0.000
  68   71     -1.163     -0.804      0.000
  -1   -2     -1.161     -1.066      0.000
  70   72     -1.159      1.009      0.000
  69   73     -1.158     -0.113      0.000
  71   -2     -1.150     -0.247      0.000
  72   75     -1.146      0.702      0.000
  73   76     -1.125      0.612      0.000
  74   77     -1.121     -1.031      0.000
  76   78     -1.112      1.015      0.000
  77   79     -1.098     -0.335      0.000
  78   80     -1.078      0.390      0.000
  79   -2     -1.071      0.632      0.000
  80   81     -1.064     -1.171      0.000
  -1   -2     -1.060      0.423      0.000
  -1   97     -1.058     -0.672      0.000
  81   83     -1.051     -0.361      0.000
  83   90     -1.042     -1.036      0.000
  82   85     -1.040     -0.102      0.000
  84   86     -1.034      0.787      0.000
  -1   82     -1.033      0.667      0.000
  85   -2     -1.027     -0.712      0.000
  86   87     -1.024     -0.276      0.000
  87   -2     -1.016     -0.844      0.000
  -1   89     -1.009      0.389      0.000
  -1   88     -1.000     -0.764      0.000
  90   -2     -0.992     -1.091      0.000
  88   94     -0.992      0.469      0.000
  89   93     -0.989      1.010      0.000
  92   95     -0.977      0.898      0.000
  93   -2     -0.974     -0.157      0.000
  94   96     -0.973      0.571      0.000
  97   98     -0.963     -0.987      0.000
  91  100     -0.959      0.381      0.000
  98   99     -0.957     -0.426      0.000
  99  101     -0.951      0.184      0.000
 100  103     -0.948     -0.215      0.000
 102  102     -0.944     -0.925      0.000
 101  104     -0.944     -0.176      0.000
 110   -2     -0.934     -1.165      0.000
  -1  105     -0.934     -0.570      0.000
 105  106     -0.917      0.335      0.000
 109  110     -0.909     -1.083      0.000
 108  109     -0.907     -0.764      0.000
 106  108     -0.902      0.431      0.000
 111  111     -0.876      0.897      0.000
 112  112     -0.867      0.567      0.000
 113   -2     -0.859     -0.990      0.000
 114  115     -0.850      0.303      0.000
 115  114     -0.848     -0.737      0.000
 116  116     -0.843     -0.091      0.000
 117  113     -0.837     -0.933      0.000
 118  118     -0.831      0.693      0.000
 119  117     -0.831     -0.611      0.000
 120  119     -0.829     -0.691      0.000
 107  144     -0.822      1.088      0.000
 122  121     -0.816      1.044      0.000
 125  124     -0.814     -1.162      0.000
 123  123     -0.803     -0.444      0.000
  -1   -2     -0.789      0.740      0.000
 124  125     -0.788     -0.139      0.000
  -1  126     -0.784     -0.493      0.000
 126  129     -0.779     -0.217      0.000
 127  127     -0.778      0.995      0.000
 128  130     -0.774     -0.800      0.000
  -1  131     -0.772     -0.043      0.000
 130  132     -0.765     -0.754      0.000
 134   -2     -0.764      0.330      0.000
 133  134     -0.756     -0.931      0.000
 131  136     -0.755     -0.011      0.000
 132  135     -0.754      0.889      0.000
 135  137     -0.742     -1.010      0.000
 137  139     -0.740     -0.964      0.000
 136   -2     -0.734      0.258      0.000
 138  140     -0.729      0.399      0.000
  -1  138     -0.726      0.319      0.000
 139  142     -0.714     -0.455      0.000
 141  141     -0.714      0.987      0.000
 142   -2     -0.709      1.115      0.000
 143  145     -0.700     -0.062      0.000
 144   -2     -0.697     -0.999      0.000
 145   -2     -0.694      0.385      0.000
 146  146     -0.683      0.032      0.000
 151  143     -0.679     -1.172      0.000
 147  147     -0.677      1.074      0.000
 148  148     -0.676     -1.122      0.000
 150  150     -0.669      1.019      0.000
 149  151     -0.667      0.889      0.000
  -1   -2     -0.659     -0.502      0.000
 155  153     -0.655     -1.083      0.000
 152  155     -0.655     -0.158      0.000
 154  154     -0.653     -0.567      0.000
 153  157     -0.653      0.138      0.000
  -1   -2     -0.638     -1.123      0.000
  -1  152     -0.634      0.740      0.000
 157  159     -0.626     -0.112      0.000
 156  158     -0.624     -1.013      0.000
  -1   -2     -0.622      0.410      0.000
 159  161     -0.606     -0.781      0.000
 161   -2     -0.585     -1.138      0.000
 160  162     -0.583      0.909      0.000
 162  164     -0.577     -0.322      0.000
 163  167     -0.569     -0.945      0.000
 164  166     -0.565     -0.794      0.000
 165  168     -0.557     -0.529      0.000
 167  169     -0.549      1.079      0.000
 168  170     -0.544     -0.294      0.000
  -1  171     -0.537     -1.086      0.000
 174  163     -0.518      0.818      0.000
 171  172     -0.513      0.041      0.000
 172  173     -0.506     -0.535      0.000
 173  174     -0.503      0.357      0.000
 180  179     -0.490     -1.170      0.000
 175  175     -0.488      0.699      0.000
 176  176     -0.485      0.496      0.000
 177  177     -0.483     -0.253      0.000
 179  178     -0.481     -0.677      0.000
 178   -2     -0.477      0.275      0.000
 181  180     -0.472      1.002      0.000
 182  182     -0.451     -0.708      0.000
 183   -2     -0.439     -1.085      0.000
 185  183     -0.437     -0.981      0.000
 184  184     -0.435      0.076      0.000
 186  186     -0.432      0.190      0.000
 187  185     -0.429     -0.803      0.000
 188  187     -0.416     -0.059      0.000
 189  188     -0.413     -0.874      0.000
 190  189     -0.402     -0.145      0.000
 191  190     -0.398     -0.311      0.000
 193  192     -0.380      0.465      0.000
 197  194     -0.376     -0.998      0.000
 196  195     -0.375      0.786      0.000
 198  198     -0.373      1.108      0.000
 199  196     -0.368     -0.548      0.000
 200  197     -0.367     -0.639      0.000
 194   -2     -0.366     -1.165      0.000
 204  200     -0.353     -0.707      0.000
 203  201     -0.345      1.035      0.000
 205  203     -0.343      0.336      0.000
 206  204     -0.341      0.765      0.000
  -1  205     -0.340      0.952      0.000
 207  206     -0.339     -0.206      0.000
 209  207     -0.327      0.918      0.000
 211  208     -0.319     -0.292      0.000
 214  209     -0.300     -0.978      0.000
 216  211     -0.290     -1.030      0.000
 215  212     -0.289     -0.615      0.000
 217  214     -0.278     -0.800      0.000
 218  215     -0.276      0.844      0.000
 221  213     -0.272     -1.171      0.000
 219  216     -0.272     -1.119      0.000
 222  218     -0.255      0.322      0.000
 220   -2     -0.234      0.514      0.000
  -1  222     -0.233      0.835      0.000
 223  219     -0.231     -0.919      0.000
  -1  226     -0.227     -0.202      0.000
  -1  220     -0.224     -1.093      0.000
 224  221     -0.222     -0.729      0.000
 225   -2     -0.220      0.797      0.000
 226  223     -0.217      0.438      0.000
 227  224     -0.212     -0.440      0.000
 228   -2     -0.185      0.122      0.000
 230  225     -0.182      0.757      0.000
  -1  228     -0.153      0.404      0.000
 232  227     -0.152     -0.004      0.000
  -1  229     -0.141     -1.123      0.000
 234  230     -0.138     -0.834      0.000
  -1   -2     -0.135     -0.330      0.000
 235  231     -0.133     -0.150      0.000
 239  232     -0.132     -1.081      0.000
  -1  233     -0.128     -0.071      0.000
 238   -2     -0.126     -0.300      0.000
 240  234     -0.118     -0.713      0.000
 242  235     -0.098     -0.216      0.000
 241  236     -0.096      0.515      0.000
  -1  238     -0.096     -0.888      0.000
  -1   -2     -0.092      0.827      0.000
 243  239     -0.091      0.665      0.000
  -1  240     -0.087     -0.017      0.000
  -1  241     -0.077     -0.152      0.000
 244  242     -0.077     -0.106      0.000
  -1   -2     -0.074     -0.367      0.000
 245  243     -0.070      0.346      0.000
 246  252     -0.058     -0.998      0.000
  -1  244     -0.058      0.744      0.000
  -1  245     -0.054     -0.687      0.000
 247  246     -0.050      0.233      0.000
  -1   -2     -0.050     -0.761      0.000
 237  263     -0.046     -0.189      0.000
 249  249     -0.035     -0.364      0.000
 251  250     -0.033      0.370      0.000
 252  251     -0.032      0.628      0.000
  -1   -2     -0.014      0.902      0.000
  -1  254     -0.005     -0.471      0.000
 258   -2     -0.002     -1.157      0.000
 255  255      0.000      0.119      0.000
  -1  258      0.008     -0.527      0.000
 268   -2      0.010      0.790      0.000
 257  260      0.011      1.042      0.000
  -1  261      0.015      0.611      0.000
  -1  268      0.021      0.916      0.000
 259   -2      0.026     -0.164      0.000
 260  269      0.026      0.332      0.000
 261  264      0.039      0.391      0.000
  -1  265      0.045      0.030      0.000
  -1   -2      0.049     -0.265      0.000
 264  267      0.050      0.615      0.000
 253  280      0.057     -0.045      0.000
 265   -2      0.060      0.353      0.000
 266   -2      0.061      0.964      0.000
 267  271      0.066      0.699      0.000
  -1   -2      0.071     -0.554      0.000
 263  277      0.076     -0.982      0.000
  -1  274      0.085     -1.035      0.000
 271  275      0.100     -0.775      0.000
 272  276      0.103      0.148      0.000
 273  278      0.112      0.478      0.000
 262  285      0.114      0.100      0.000
 277  281      0.132      0.905      0.000
 269   -2      0.138     -0.952      0.000
  -1   -2      0.145     -0.647      0.000
 279  284      0.146      1.109      0.000
 280   -2      0.148      0.200      0.000
 254  315      0.151     -1.170      0.000
 282  292      0.153     -0.531      0.000
  -1  288      0.158     -0.730      0.000
 284  298      0.170     -0.296      0.000
 285  289      0.174     -0.116      0.000
 286  290      0.175      0.384      0.000
 287  291      0.186     -0.753      0.000
 283  293      0.202     -1.166      0.000
 289  294      0.204      0.596      0.000
 291  296      0.211      0.013      0.000
 292   -2      0.216     -1.076      0.000
  -1  287      0.224     -0.618      0.000
 293  300      0.228     -0.941      0.000
 299  303      0.232     -1.008      0.000
 294  299      0.234     -0.179      0.000
 295  301      0.244      1.027      0.000
 296   -2      0.248      0.130      0.000
 297   -2      0.254     -0.706      0.000
 298  304      0.256     -0.415      0.000
 302  306      0.265      0.252      0.000
 303  307      0.267      1.173      0.000
 305  302      0.279      0.129      0.000
 306  309      0.280      0.485      0.000
  -1  311      0.297     -0.167      0.000
 314  297      0.303     -1.069      0.000
 309  312      0.305      0.045      0.000
  -1  313      0.305     -0.365      0.000
 310  314      0.309     -0.226      0.000
  -1   -2      0.310     -0.407      0.000
  -1  316      0.317      1.078      0.000
 311   -2      0.319     -1.172      0.000
  -1   -2      0.321      0.190      0.000
  -1   -2      0.325     -0.643      0.000
 307  318      0.334      0.676      0.000
 313   -2      0.349     -0.321      0.000
 301   -2      0.355      0.701      0.000
 315  319      0.356      0.047      0.000
 316  320      0.363      0.243      0.000
 317  321      0.363      0.309      0.000
 320  322      0.371     -0.448      0.000
 319  323      0.371     -0.858      0.000
 321  324      0.375      0.170      0.000
 322  325      0.388     -0.502      0.000
 323  326      0.392     -1.025      0.000
 324  327      0.407     -0.012      0.000
  -1  337      0.409      0.750      0.000
 325  328      0.416     -0.712      0.000
 326  329      0.418     -0.937      0.000
 327  330      0.430     -1.165      0.000
 329  332      0.432     -0.647      0.000
 328   -2      0.433     -0.977      0.000
  -1  331      0.434     -0.607      0.000
  -1  333      0.435      0.595      0.000
 331  335      0.437      1.158      0.000
 332  336      0.441      0.334      0.000
 333   -2      0.441      0.781      0.000
 334  338      0.443     -0.467      0.000
  -1   -2      0.445     -0.840      0.000
 335  340      0.456     -0.042      0.000
 339  341      0.476      0.452      0.000
 336  342      0.478      0.952      0.000
  -1  343      0.480      0.810      0.000
 340  345      0.485     -0.836      0.000
 342  344      0.485     -0.666      0.000
 337  346      0.489     -1.151      0.000
 343  347      0.502     -0.992      0.000
 344  349      0.527      0.891      0.000
 346   -2      0.531     -0.050      0.000
 345  352      0.534     -0.605      0.000
 351  350      0.536      0.046      0.000
 347  354      0.540     -0.956      0.000
  -1  353      0.541      0.535      0.000
 348   -2      0.544     -0.466      0.000
 349  356      0.546      0.954      0.000
 350  355      0.547      0.576      0.000
 353  358      0.564      1.086      0.000
 354  357      0.571      0.350      0.000
 355  359      0.573      0.857      0.000
 358  361      0.591      0.517      0.000
 356  362      0.592     -0.774      0.000
 367  363      0.612     -1.024      0.000
 360  364      0.616     -0.707      0.000
  -1  366      0.618     -0.970      0.000
 361  367      0.622     -0.864      0.000
 362  368      0.623      0.897      0.000
 363  369      0.626      0.982      0.000
 369  370      0.634     -0.503      0.000
 366  372      0.647     -1.165      0.000
 368  373      0.670      0.272      0.000
  -1  374      0.676     -0.069      0.000
 352   -2      0.683     -0.388      0.000
 365  384      0.689     -0.024      0.000
 372  378      0.694     -0.880      0.000
 373  379      0.701     -0.716      0.000
  -1  382      0.711      1.119      0.000
 374  380      0.711      0.411      0.000
 375  381      0.713      0.358      0.000
 377  383      0.728      0.670      0.000
 376   -2      0.729     -0.902      0.000
  -1   -2      0.731     -0.806      0.000
 378   -2      0.733     -0.076      0.000
 379  385      0.738     -0.211      0.000
 380   -2      0.741     -1.150      0.000
 381  386      0.741     -0.655      0.000
  -1   -2      0.752      0.881      0.000
 382   -2      0.768      1.054      0.000
 383  389      0.769      0.949      0.000
 370   -2      0.772     -0.035      0.000
 385  402      0.780     -0.827      0.000
 387  391      0.786     -1.038      0.000
 390  404      0.800     -1.132      0.000
 388  392      0.804      0.929      0.000
  -1   -2      0.805     -0.989      0.000
 412   -2      0.810     -0.550      0.000
 389  393      0.810     -0.206      0.000
 386   -2      0.810      0.174      0.000
 392  396      0.821     -0.883      0.000
 394  399      0.826     -0.153      0.000
  -1   -2      0.827      0.314      0.000
 393  400      0.827     -0.267      0.000
 395  398      0.827      0.443      0.000
 396   -2      0.835     -0.800      0.000
 397  401      0.835      0.677      0.000
 398  395      0.836      0.497      0.000
 399  405      0.842      0.731      0.000
 401  407      0.845      0.791      0.000
 400  406      0.846     -0.198      0.000
 402  410      0.853     -1.071      0.000
 404  409      0.859     -0.287      0.000
 407  411      0.861      0.245      0.000
 405  412      0.861     -0.458      0.000
 406  413      0.862      1.098      0.000
 408  416      0.887     -1.078      0.000
 409   -2      0.890     -0.221      0.000
 410  414      0.890      0.829      0.000
  -1  418      0.892     -0.543      0.000
 414  417      0.894      0.544      0.000
 413  419      0.896      1.124      0.000
 415  421      0.902     -1.006      0.000
 416   -2      0.903     -1.135      0.000
 417  422      0.904     -0.940      0.000
 418  424      0.904     -0.801      0.000
 419  426      0.906     -0.151      0.000
 421  423      0.907      0.465      0.000
 420  425      0.908     -0.249      0.000
 423  427      0.932     -1.002      0.000
  -1  432      0.933     -0.700      0.000
 424  428      0.935     -0.863      0.000
 425  430      0.936     -1.078      0.000
  -1   -2      0.938      1.053      0.000
 426  429      0.942     -0.026      0.000
 436  403      0.945     -0.534      0.000
  -1   -2      0.950      0.726      0.000
 428  431      0.953     -0.234      0.000
  -1  433      0.961      0.781      0.000
  -1  434      0.974      0.687      0.000
 431   -2      0.978     -0.076      0.000
 432  437      0.985     -1.115      0.000
 434  435      0.986     -0.325      0.000
 433  436      0.986      0.002      0.000
 435  438      0.989     -0.586      0.000
  -1   -2      0.996     -0.032      0.000
 438  440      0.996      0.265      0.000
  -1  439      1.005      0.728      0.000
 439  441      1.020      0.847      0.000
 440  442      1.021      0.110      0.000
 444  444      1.070     -0.630      0.000
 445  446      1.072     -1.173      0.000
 446  447      1.094     -0.555      0.000
 447  448      1.101      1.034      0.000
 448  449      1.110     -0.952      0.000
 449  450      1.125     -0.527      0.000
 451   -2      1.135      0.878      0.000
 450  452      1.136     -0.750      0.000
 452  456      1.144     -0.835      0.000
  -1   -2      1.146      0.548      0.000
  -1  461      1.152      0.285      0.000
 453  457      1.156      1.026      0.000
 454  458      1.160     -1.053      0.000
  -1  464      1.164     -1.143      0.000
  -1  459      1.167     -0.342      0.000
 455  460      1.173      0.558      0.000
 457  463      1.182     -1.174      0.000
 461   -2      1.186     -0.465      0.000
 459   -2      1.186      0.391      0.000
 460   -2      1.197     -1.141      0.000
 462  465      1.214      0.986      0.000
  -1  466      1.228     -0.072      0.000
 463  467      1.232     -1.075      0.000
 467  470      1.248      0.423      0.000
 469   -2      1.267     -0.439      0.000
  -1   -2      1.274     -0.997      0.000
  -1  472      1.278     -0.783      0.000
 464   -2      1.288     -0.094      0.000
 456   -2      1.293     -0.318      0.000
 471  474      1.293     -0.517      0.000
 470  473      1.295     -1.169      0.000
 473  475      1.304      0.176      0.000
  -1  471      1.307     -0.410      0.000
 474   -2      1.312      0.109      0.000
 476  476      1.342     -1.018      0.000
 477  477      1.347      0.498      0.000
 478  479      1.350     -0.197      0.000
 479  478      1.351      0.236      0.000
 481  480      1.358     -0.293      0.000
 480  481      1.358      1.064      0.000
 482  482      1.364     -0.873      0.000
 484  483      1.378     -0.408      0.000
 485  485      1.381     -0.931      0.000
 487  486      1.387      0.556      0.000
 490  484      1.389     -0.338      0.000
  -1  488      1.406      0.618      0.000
 489  487      1.407     -0.876      0.000
 483  490      1.409     -1.167      0.000
 492  491      1.417      0.266      0.000
  -1  493      1.417     -1.128      0.000
 493  492      1.425      0.782      0.000
 495  495      1.447     -0.391      0.000
 496  496      1.450     -0.991      0.000
  -1   -2      1.451     -1.029      0.000
 497  497      1.453     -0.022      0.000
  -1  498      1.459     -1.096      0.000
 498  499      1.459      0.407      0.000
 499  500      1.466     -0.158      0.000
 500  501      1.467     -0.675      0.000
 501  502      1.471     -0.208      0.000
 503  503      1.478      0.086      0.000
 505  506      1.499      0.546      0.000
 507  509      1.512      1.037      0.000
 508  511      1.515      0.358      0.000
 510   -2      1.519      0.408      0.000
 511  512      1.522     -0.536      0.000
 491   -2      1.531     -1.148      0.000
 512  504      1.535      0.741      0.000
 515  514      1.545     -0.840      0.000
 514  515      1.545     -0.957      0.000
 516  517      1.548      1.077      0.000
  -1   -2      1.552      0.021      0.000
 518  516      1.552      0.427      0.000
 517  518      1.554     -0.734      0.000
  -1   -2      1.574      1.001      0.000
