527
  -1    0     -1.573     -0.048      0.000
   0    2     -1.571      0.270      0.000
   1    3     -1.571      0.881      0.000
   2    5     -1.542      0.969      0.000
   6   14     -1.526     -1.174      0.000
   5   11     -1.525      0.652      0.000
   7    6     -1.524      0.227      0.000
  10    7     -1.520      0.333      0.000
  11    9     -1.510      0.286      0.000
  12   10     -1.505      0.542      0.000
  13   12     -1.499      0.422      0.000
  14   -2     -1.499      0.674      0.000
  15   13     -1.495     -0.300      0.000
  -1   -2     -1.488     -0.754      0.000
  -1   15     -1.483     -0.399      0.000
  18   16     -1.480      0.159      0.000
  19   17     -1.467      1.031      0.000
  21   19     -1.452     -0.992      0.000
  22   21     -1.451     -0.622      0.000
  24   22     -1.447      0.351      0.000
  -1   24     -1.442     -0.356      0.000
  -1   -2     -1.437     -1.112      0.000
  -1   -2     -1.436      1.142      0.000
  -1   25     -1.428      0.213      0.000
  -1   -2     -1.424     -1.175      0.000
  17   37     -1.417     -0.723      0.000
  28   28     -1.411      0.774      0.000
  27   29     -1.407      0.290      0.000
  25   30     -1.403     -0.395      0.000
  31   31     -1.398      0.067      0.000
  32   32     -1.394      0.653      0.000
  33   -2     -1.380     -0.869      0.000
  44   26     -1.376      0.621      0.000
  36   -2     -1.359      1.128      0.000
  37   40     -1.356     -0.909      0.000
  38   -2     -1.343     -0.005      0.000
  39   43     -1.342      0.035      0.000
  40   44     -1.340     -1.053      0.000
  34   -2     -1.336      0.707      0.000
  41   46     -1.331      0.172      0.000
  42   45     -1.326      0.939      0.000
  47   38     -1.319      1.097      0.000
  43   49     -1.307     -0.344      0.000
  45   50     -1.301     -0.830      0.000
  29   65     -1.290     -1.162      0.000
  49   54     -1.288     -0.858      0.000
  51   42     -1.283     -0.024      0.000
  48   41     -1.281      0.395      0.000
  -1   -2     -1.266      0.042      0.000
  52   56     -1.266     -0.637      0.000
  63   -2     -1.264     -0.995      0.000
  35   -2     -1.255     -0.533      0.000
  56   58     -1.243      1.007      0.000
  58   60     -1.233     -0.845      0.000
  59   62     -1.222     -0.127      0.000
  -1   -2     -1.213     -0.784      0.000
  61   63     -1.212      0.838      0.000
  -1   64     -1.202     -0.652      0.000
  -1   66     -1.193     -0.109      0.000
  64   -2     -1.192     -1.139      0.000
  -1   67     -1.186      0.733      0.000
  66   68     -1.174     -1.100      0.000
  65   69     -1.174      0.638      0.000
  67   70     -1.166     -0.879      0.000
  69   71     -1.164     -0.841      0.000
  68   72     -1.164      1.048      0.000
  62   82     -1.160     -0.568      0.000
  71   -2     -1.158      1.008      0.000
  73   -2     -1.151     -0.353      0.000
  72   74     -1.150      0.406      0.000
  -1   76     -1.134     -0.428      0.000
  76   -2     -1.134     -1.110      0.000
  77   78     -1.120      0.657      0.000
  78   77     -1.117      1.050      0.000
  79   79     -1.111     -0.107      0.000
  60   94     -1.103     -1.116      0.000
  80   81     -1.102     -0.377      0.000
  81   80     -1.097     -1.072      0.000
  82   -2     -1.096     -1.030      0.000
  83   -2     -1.093     -0.484      0.000
  84   84     -1.083     -0.286      0.000
  85   85     -1.081      0.402      0.000
  86   93     -1.081      0.260      0.000
  87   86     -1.068      0.809      0.000
  88   87     -1.062      0.482      0.000
  89   90     -1.044     -0.162      0.000
  90   89     -1.043     -0.735      0.000
  91   92     -1.033      0.390      0.000
  -1   88     -1.033     -1.171      0.000
  92   91     -1.032      0.583      0.000
  -1   -2     -1.024     -1.067      0.000
  95   95     -1.018     -0.870      0.000
  94   97     -1.016     -0.220      0.000
  98   99     -1.007     -0.782      0.000
  97  100     -1.006     -0.435      0.000
 100  101     -0.997      0.917      0.000
 101  102     -0.996      1.031      0.000
  99  103     -0.994      0.341      0.000
 102  104     -0.980     -1.001      0.000
  -1  107     -0.965     -1.122      0.000
 106  108     -0.962      0.782      0.000
 108  109     -0.950     -1.014      0.000
 107  110     -0.940     -0.943      0.000
 112  111     -0.931      0.572      0.000
 111  112     -0.930      0.308      0.000
 110  116     -0.919      1.123      0.000
  -1  115     -0.917     -0.089      0.000
 113   -2     -0.910      1.087      0.000
 105   -2     -0.905     -1.071      0.000
 114  117     -0.902      0.902      0.000
 116   -2     -0.898     -1.169      0.000
 115   -2     -0.882      0.692      0.000
 117  119     -0.868     -0.744      0.000
 118  120     -0.864     -0.615      0.000
 119  121     -0.861     -0.135      0.000
 122  123     -0.853     -0.694      0.000
 121  124     -0.850     -0.216      0.000
  -1  118     -0.841     -1.166      0.000
  -1  128     -0.839     -0.050      0.000
  -1  126     -0.833     -1.081      0.000
 126  130     -0.832      0.734      0.000
 124  129     -0.832     -0.011      0.000
 129  132     -0.823      1.045      0.000
 131   -2     -0.821      1.091      0.000
 123  138     -0.819      0.320      0.000
 132  134     -0.815      0.258      0.000
  -1   -2     -0.805     -1.097      0.000
 127   -2     -0.804      0.394      0.000
 133  139     -0.801      0.814      0.000
 136  140     -0.791      0.991      0.000
 137  141     -0.789     -0.799      0.000
 138  142     -0.784     -0.753      0.000
 139  143     -0.782      0.885      0.000
 140  144     -0.776     -0.056      0.000
 135   -2     -0.766     -1.164      0.000
  -1   -2     -0.766      1.167      0.000
  -1  146     -0.765      0.381      0.000
 142  147     -0.765     -0.446      0.000
 144  148     -0.761     -1.073      0.000
 141  149     -0.761      0.036      0.000
 145   -2     -0.758     -0.603      0.000
 125  150     -0.750     -0.925      0.000
 148  151     -0.738     -0.963      0.000
 150  152     -0.733     -1.010      0.000
 149  154     -0.731      0.139      0.000
 151  153     -0.729      0.977      0.000
 152  155     -0.726     -0.149      0.000
  -1  145     -0.720     -1.162      0.000
 154  164     -0.708      0.766      0.000
 155  157     -0.705      1.108      0.000
 156  158     -0.698     -0.103      0.000
 157  160     -0.693     -0.552      0.000
 158  159     -0.693      0.871      0.000
 166   -2     -0.689     -1.130      0.000
 147   -2     -0.686      0.727      0.000
 159  163     -0.686     -0.685      0.000
 160  162     -0.685      1.059      0.000
 143  187     -0.663     -1.173      0.000
  -1  173     -0.654     -0.818      0.000
  -1  169     -0.653     -1.111      0.000
  -1  174     -0.644     -0.902      0.000
 168  171     -0.641      1.140      0.000
 169  170     -0.639     -1.073      0.000
 167  172     -0.637     -0.305      0.000
 172   -2     -0.624     -1.000      0.000
 171   -2     -0.624     -0.762      0.000
 170   -2     -0.618      1.068      0.000
 174  177     -0.610      0.884      0.000
 175  178     -0.606     -0.429      0.000
 177  179     -0.601     -0.506      0.000
 176  180     -0.600     -0.276      0.000
 178  181     -0.584      0.045      0.000
 179  182     -0.583     -0.767      0.000
 182   -2     -0.553     -0.973      0.000
 183  185     -0.549     -0.508      0.000
 184  186     -0.546     -0.232      0.000
 185  188     -0.544      0.474      0.000
  -1   -2     -0.540     -1.168      0.000
 180   -2     -0.537     -1.085      0.000
 189  190     -0.535      1.173      0.000
 187  191     -0.533      0.669      0.000
 191  193     -0.503      0.080      0.000
 192  194     -0.500      0.185      0.000
 193  192     -0.487      0.963      0.000
 197  195     -0.481     -1.169      0.000
 194  197     -0.480     -0.048      0.000
 195  196     -0.478     -0.672      0.000
  -1  198     -0.464     -0.127      0.000
 198  199     -0.452     -0.283      0.000
 201  201     -0.439     -0.941      0.000
 200  202     -0.436      0.442      0.000
 202  203     -0.430     -1.046      0.000
 203  204     -0.425     -0.831      0.000
 204  205     -0.420     -1.125      0.000
 205  207     -0.408      0.742      0.000
 206   -2     -0.406     -0.509      0.000
 207  208     -0.400      0.319      0.000
 208  209     -0.397     -0.598      0.000
 209  210     -0.391     -0.180      0.000
 210  214     -0.378     -0.661      0.000
 213  212     -0.377     -0.950      0.000
 211  217     -0.374     -0.288      0.000
 212  215     -0.374      0.719      0.000
 215  213     -0.368      1.053      0.000
 216  216     -0.368     -1.171      0.000
 214  219     -0.366     -0.249      0.000
  -1   -2     -0.361      0.663      0.000
 219  221     -0.356      0.979      0.000
  -1  222     -0.353     -1.070      0.000
 222  223     -0.346      0.864      0.000
 223  225     -0.323     -0.565      0.000
 224  228     -0.306      0.528      0.000
 225  230     -0.305      0.303      0.000
 226  227     -0.304     -0.920      0.000
 227  229     -0.301      0.787      0.000
  -1  232     -0.290     -0.971      0.000
 231  233     -0.281      0.276      0.000
 221   -2     -0.278     -0.471      0.000
 233  234     -0.271     -0.191      0.000
 234  235     -0.264     -1.058      0.000
 235  236     -0.259      0.408      0.000
  -1  240     -0.255      0.775      0.000
 236  238     -0.247     -0.394      0.000
  -1  237     -0.245     -1.135      0.000
 238  239     -0.242     -0.668      0.000
 232  241     -0.238     -0.857      0.000
  -1  242     -0.231      0.122      0.000
 229  249     -0.228     -1.092      0.000
  -1   -2     -0.222      0.332      0.000
 241  245     -0.213     -0.200      0.000
 243  246     -0.206      0.698      0.000
 242  247     -0.206     -1.171      0.000
  -1   -2     -0.198      0.008      0.000
 244   -2     -0.181     -1.067      0.000
 245  250     -0.174     -0.123      0.000
 246  251     -0.168      0.073      0.000
 247  253     -0.159     -0.259      0.000
 228   -2     -0.148     -0.763      0.000
 249   -2     -0.143     -1.117      0.000
 250  256     -0.135     -0.647      0.000
 252  257     -0.131     -1.005      0.000
 251  258     -0.131     -0.185      0.000
 253  259     -0.126      0.475      0.000
 254  260     -0.123      0.374      0.000
 255  261     -0.111      0.608      0.000
 256  262     -0.109     -0.080      0.000
 257  255     -0.104     -1.124      0.000
  -1  254     -0.102     -0.806      0.000
 258  264     -0.098      0.322      0.000
 260  266     -0.085      1.122      0.000
 261  268     -0.077      0.220      0.000
 262  267     -0.074     -1.078      0.000
 263  271     -0.074     -0.159      0.000
 264  270     -0.068     -0.616      0.000
 265  273     -0.060     -0.322      0.000
 267  275     -0.057      0.341      0.000
 268  278     -0.051     -1.171      0.000
 269  276     -0.050      0.576      0.000
  -1  274     -0.046     -1.127      0.000
  -1   -2     -0.026     -0.410      0.000
  -1   -2     -0.024     -0.861      0.000
  -1   -2     -0.021      1.173      0.000
 270  280     -0.012     -0.500      0.000
  -1   -2     -0.006     -0.463      0.000
 276  279     -0.006     -1.105      0.000
 273   -2     -0.003     -1.167      0.000
  -1  286      0.003      0.115      0.000
 274  283      0.012      0.958      0.000
 275  284      0.017      0.840      0.000
 278   -2      0.024      0.044      0.000
 279  285      0.025      0.361      0.000
 280  289      0.037      0.562      0.000
 281  290      0.049      0.324      0.000
 290   -2      0.056     -0.050      0.000
 283  292      0.061      0.883      0.000
 284  293      0.064     -1.061      0.000
  -1  294      0.066      0.636      0.000
 286  295      0.076     -0.899      0.000
  -1  296      0.078      0.775      0.000
 288  299      0.095      0.145      0.000
  -1   -2      0.105      0.438      0.000
 291  302      0.107      0.101      0.000
 277  313      0.107     -0.163      0.000
 292  303      0.108     -1.168      0.000
 293   -2      0.122      0.390      0.000
 294  306      0.137      0.828      0.000
 295  305      0.137     -0.946      0.000
  -1  308      0.144      0.659      0.000
  -1   -2      0.144      0.193      0.000
 296  309      0.149     -0.467      0.000
 301  300      0.150     -0.578      0.000
 297  311      0.153      1.021      0.000
 289  315      0.158     -0.656      0.000
  -1   -2      0.158     -1.130      0.000
  -1  301      0.165     -0.256      0.000
  -1   -2      0.169     -0.093      0.000
 298  314      0.173      0.352      0.000
 309   -2      0.185     -0.676      0.000
 300  316      0.192     -1.173      0.000
  -1  317      0.199     -0.445      0.000
 303  318      0.212      0.542      0.000
 305  321      0.214     -0.992      0.000
  -1  320      0.214      1.022      0.000
 304  319      0.215      0.025      0.000
 306  323      0.228     -0.860      0.000
 307  324      0.238     -0.149      0.000
 308  325      0.253      0.944      0.000
 310  326      0.260     -0.879      0.000
 311  327      0.260     -0.363      0.000
  -1  334      0.261     -1.111      0.000
 313  329      0.270      1.164      0.000
 315  331      0.275      1.089      0.000
 316  332      0.275      0.236      0.000
 318  333      0.303      0.569      0.000
 317   -2      0.303     -0.992      0.000
  -1   -2      0.307     -1.128      0.000
 320   -2      0.316     -0.321      0.000
  -1  347      0.317      0.873      0.000
 321  335      0.317      0.050      0.000
  -1  338      0.320     -0.358      0.000
 323  336      0.328      0.997      0.000
 326  337      0.338     -1.167      0.000
 325   -2      0.353      1.046      0.000
  -1   -2      0.355      0.620      0.000
 328   -2      0.358     -0.397      0.000
 324  342      0.372      0.234      0.000
 331  340      0.375      0.053      0.000
 330  341      0.375     -0.789      0.000
  -1   -2      0.379      1.104      0.000
 333   -2      0.387      0.287      0.000
 334  343      0.393     -0.957      0.000
 335  344      0.393     -0.403      0.000
 336  345      0.399      0.160      0.000
  -1  346      0.402     -0.452      0.000
 340  348      0.420     -0.870      0.000
  -1  349      0.421     -1.099      0.000
  -1   -2      0.424      1.000      0.000
 354  350      0.425     -0.655      0.000
 342  351      0.434     -0.003      0.000
  -1  359      0.443      0.689      0.000
 343  352      0.449     -0.592      0.000
  -1   -2      0.451      1.083      0.000
 329   -2      0.459      0.308      0.000
 345  357      0.462     -0.422      0.000
 347   -2      0.464      0.721      0.000
 346  358      0.466      0.548      0.000
 350  360      0.479      0.054      0.000
 349  361      0.480     -1.102      0.000
 351  363      0.486     -0.031      0.000
 353  365      0.492     -0.780      0.000
  -1  367      0.494     -0.617      0.000
  -1  366      0.496      0.311      0.000
 339   -2      0.499      0.882      0.000
 338   -2      0.500      0.432      0.000
 355  368      0.502     -0.353      0.000
 356  371      0.509      0.747      0.000
  -1   -2      0.530      0.323      0.000
 360  376      0.538     -0.897      0.000
  -1  377      0.550     -0.564      0.000
  -1   -2      0.553      0.828      0.000
 364  378      0.559     -0.945      0.000
  -1  374      0.561      0.208      0.000
 365  379      0.567     -0.041      0.000
 367  380      0.571      0.890      0.000
 368  381      0.578      1.019      0.000
 369  382      0.583      0.493      0.000
 370  383      0.586      0.532      0.000
 373  384      0.602      0.797      0.000
 372  385      0.604     -0.733      0.000
 371  386      0.605     -0.979      0.000
 374  388      0.620     -0.623      0.000
 375  389      0.627     -1.130      0.000
 376  393      0.630     -0.827      0.000
 378  391      0.632      0.547      0.000
 380  394      0.637      0.479      0.000
 366   -2      0.639     -0.399      0.000
  -1   -2      0.640     -1.160      0.000
 382  397      0.650      0.922      0.000
  -1  399      0.652     -1.116      0.000
 383  398      0.653      0.838      0.000
 384  396      0.654     -0.447      0.000
  -1  401      0.660     -0.485      0.000
  -1   -2      0.677      0.284      0.000
  -1  403      0.680     -1.020      0.000
  -1  404      0.695     -1.172      0.000
 387  405      0.704     -0.851      0.000
 388  407      0.706      1.166      0.000
 390  406      0.707     -0.448      0.000
 392  408      0.715     -0.371      0.000
 394  410      0.720      0.255      0.000
 393  411      0.722      1.058      0.000
  -1   -2      0.729      0.293      0.000
  -1  412      0.729     -1.120      0.000
 396   -2      0.729     -0.985      0.000
 397  413      0.733     -0.881      0.000
 389  421      0.733     -1.070      0.000
  -1   -2      0.751      1.006      0.000
 400  415      0.759     -0.636      0.000
  -1  417      0.767     -0.137      0.000
 401  418      0.768      0.383      0.000
 402  419      0.768      0.333      0.000
 403  420      0.775      0.630      0.000
 385  435      0.778     -0.189      0.000
 404   -2      0.783      1.043      0.000
 407  423      0.798      0.904      0.000
 406  424      0.799     -0.982      0.000
 408  426      0.820     -0.037      0.000
 410  425      0.824     -1.125      0.000
 409  428      0.836      0.886      0.000
 411  429      0.845     -0.790      0.000
 413  434      0.871     -0.262      0.000
 414  433      0.871      0.162      0.000
  -1   -2      0.875     -0.152      0.000
 412  451      0.877     -1.078      0.000
 417   -2      0.883      0.511      0.000
  -1   -2      0.886      0.294      0.000
 418  438      0.887      0.646      0.000
 419  439      0.889      0.418      0.000
 420  441      0.889      0.753      0.000
 421  442      0.890      0.696      0.000
 416  440      0.893      1.067      0.000
 422  443      0.895     -0.454      0.000
 424  444      0.897      1.111      0.000
  -1   -2      0.900     -1.005      0.000
 423  446      0.903     -0.874      0.000
  -1  445      0.908     -0.942      0.000
 425  448      0.918      1.163      0.000
 426  447      0.919     -0.542      0.000
 427  449      0.926      0.229      0.000
  -1   -2      0.930     -1.002      0.000
 429  450      0.932      0.797      0.000
  -1   -2      0.933     -1.077      0.000
 430   -2      0.944     -0.866      0.000
 431  454      0.954     -0.253      0.000
 433  455      0.957      0.519      0.000
 432  456      0.957     -0.155      0.000
 434  457      0.968      0.447      0.000
 435  458      0.977     -1.123      0.000
  -1   -2      0.995     -0.295      0.000
 436  461      1.001     -0.037      0.000
 438  462      1.008     -0.827      0.000
 439   -2      1.009      0.757      0.000
 440  463      1.015     -0.595      0.000
  -1  471      1.022      0.358      0.000
 441  464      1.024      0.659      0.000
 442  465      1.027     -0.333      0.000
 444  467      1.046     -0.009      0.000
  -1  468      1.059      0.712      0.000
 445  470      1.061      0.830      0.000
  -1  469      1.064     -0.882      0.000
 446  473      1.070      0.966      0.000
  -1  472      1.070     -1.170      0.000
 448  474      1.079      0.257      0.000
  -1  480      1.080      1.164      0.000
 449  475      1.085      0.096      0.000
 451  477      1.089     -0.651      0.000
 452   -2      1.104     -0.339      0.000
 454   -2      1.112      1.029      0.000
 428  494      1.112     -0.976      0.000
 456  481      1.142     -0.780      0.000
  -1   -2      1.146     -1.175      0.000
 458  482      1.149     -0.866      0.000
 460  483      1.150     -0.553      0.000
 461  484      1.154     -1.082      0.000
 462   -2      1.157      1.028      0.000
 463  486      1.173      0.879      0.000
  -1  487      1.180      0.960      0.000
 457  488      1.189     -1.176      0.000
 466  489      1.195     -0.070      0.000
  -1  491      1.207     -0.371      0.000
 468  493      1.213     -0.498      0.000
 469  492      1.217      0.276      0.000
 471  496      1.236     -0.570      0.000
 472  497      1.241      0.995      0.000
 470  501      1.250     -0.151      0.000
 474  498      1.251      0.392      0.000
  -1   -2      1.264     -0.506      0.000
  -1  500      1.269     -1.005      0.000
  -1  502      1.270     -0.451      0.000
 482  499      1.294     -0.480      0.000
 478  503      1.302      0.427      0.000
  -1  504      1.309     -0.966      0.000
 480  505      1.313     -0.563      0.000
  -1  490      1.324      0.733      0.000
 481  508      1.339     -1.120      0.000
 484   -2      1.345     -1.074      0.000
 485  509      1.359      0.168      0.000
 486  511      1.369     -0.932      0.000
 487  512      1.379      1.093      0.000
  -1   -2      1.382     -1.171      0.000
 488  514      1.385     -0.991      0.000
 489  513      1.387     -0.231      0.000
 490  515      1.389     -0.336      0.000
 491  516      1.400      0.239      0.000
 492  517      1.403      0.517      0.000
 493  518      1.405     -0.456      0.000
 494  519      1.406     -0.395      0.000
 495  520      1.408     -0.938      0.000
  -1   -2      1.435     -0.369      0.000
  -1   -2      1.436     -0.176      0.000
 497  521      1.439      0.587      0.000
 498  522      1.452     -1.091      0.000
 496  532      1.453     -1.047      0.000
 502  524      1.465      0.271      0.000
 503  525      1.466      0.820      0.000
 504  526      1.470      0.056      0.000
 511  527      1.479     -0.735      0.000
 508  528      1.489     -0.047      0.000
  -1   -2      1.491      0.881      0.000
 509  529      1.492     -0.196      0.000
  -1   -2      1.495     -1.070      0.000
 510  530      1.499     -0.252      0.000
 513  533      1.507      0.428      0.000
 512  544      1.508     -0.315      0.000
 517  523      1.510     -1.156      0.000
 515  534      1.514      0.075      0.000
 518  535      1.528     -1.177      0.000
  -1   -2      1.531      0.668      0.000
 516  537      1.534      1.088      0.000
 526  536      1.539      0.707      0.000
 519  539      1.543     -0.606      0.000
 520  538      1.543      0.583      0.000
 521  540      1.546     -0.913      0.000
 522  541      1.549     -1.028      0.000
 524  542      1.557      0.378      0.000
 525  545      1.561     -0.807      0.000
 527  548      1.569      1.132      0.000
