496
  -1    6     -1.574      0.687      0.000
   2    2     -1.571      0.904      0.000
   3    3     -1.563      0.395      0.000
  -1   -2     -1.554      0.951      0.000
   4   -2     -1.547     -0.606      0.000
   6    4     -1.544     -1.025      0.000
   5    5     -1.542      0.050      0.000
   7   -2     -1.538      0.732      0.000
   8    7     -1.523     -0.544      0.000
  -1    8     -1.518     -0.359      0.000
   9    9     -1.509      0.007      0.000
  10   11     -1.508     -0.051      0.000
  11   10     -1.508      0.212      0.000
  13   13     -1.505      1.121      0.000
  14   15     -1.489      0.857      0.000
  15   16     -1.486     -0.582      0.000
  16   -2     -1.484      0.814      0.000
  -1   17     -1.467     -1.120      0.000
  -1   19     -1.466      0.989      0.000
  19   -2     -1.463     -0.990      0.000
  17   -2     -1.462      0.523      0.000
  18   20     -1.462     -0.844      0.000
  21   21     -1.454     -0.058      0.000
  22   22     -1.439      0.729      0.000
  -1   18     -1.438     -0.972      0.000
  -1   23     -1.434     -1.127      0.000
  23   25     -1.427      0.900      0.000
  24   24     -1.426     -0.494      0.000
  -1   26     -1.422      0.194      0.000
  25   29     -1.417      0.662      0.000
  27   30     -1.411     -0.202      0.000
  28   31     -1.401      0.842      0.000
  20   -2     -1.378     -1.170      0.000
  30   33     -1.360      0.504      0.000
  -1   -2     -1.337      0.537      0.000
  32   35     -1.331     -0.161      0.000
  31   34     -1.330      1.128      0.000
  -1   36     -1.327     -1.078      0.000
  29   40     -1.323     -0.698      0.000
  33   38     -1.312      0.775      0.000
  34   39     -1.307      0.482      0.000
  35   41     -1.300     -0.466      0.000
  36   -2     -1.300     -0.809      0.000
  39   42     -1.289     -1.111      0.000
  38   43     -1.288      0.876      0.000
  -1   47     -1.288     -0.940      0.000
  37   32     -1.287      0.221      0.000
  42   44     -1.271      0.568      0.000
  43   51     -1.270     -0.216      0.000
  44   48     -1.268      0.461      0.000
  45   46     -1.268     -0.370      0.000
  48   -2     -1.266     -1.018      0.000
  46   45     -1.263      0.998      0.000
  59   -2     -1.263      0.777      0.000
  49   -2     -1.255     -0.479      0.000
  51   53     -1.245      0.393      0.000
  53   -2     -1.244     -1.042      0.000
  52   -2     -1.239     -0.233      0.000
  54   54     -1.239     -0.807      0.000
  56   56     -1.232     -0.704      0.000
  55   58     -1.231     -0.279      0.000
  57   57     -1.226      1.167      0.000
  60   59     -1.213      0.670      0.000
  -1   50     -1.205     -0.486      0.000
  64   62     -1.198     -1.014      0.000
  62   64     -1.196      0.345      0.000
  58   73     -1.174     -1.173      0.000
  67   66     -1.155      0.913      0.000
  61   67     -1.154     -0.515      0.000
  69   -2     -1.136     -0.996      0.000
  70   71     -1.127      0.626      0.000
  71   70     -1.127     -1.030      0.000
  72   72     -1.118     -0.155      0.000
  73   78     -1.113      0.358      0.000
  74   74     -1.110     -0.014      0.000
  76   75     -1.095      1.163      0.000
  75   -2     -1.093     -0.040      0.000
  77   76     -1.092     -0.238      0.000
  78   80     -1.090      0.503      0.000
  -1   -2     -1.075      0.442      0.000
  79   -2     -1.074     -0.845      0.000
  80   -2     -1.065      0.409      0.000
  81   82     -1.051     -0.061      0.000
  82   81     -1.051      0.994      0.000
  83   83     -1.046      0.035      0.000
  84   84     -1.042      0.732      0.000
  87   85     -1.035     -1.167      0.000
  85   86     -1.024     -0.480      0.000
  88   79     -1.022     -0.881      0.000
  86   87     -1.020      0.141      0.000
  89   88     -1.001     -0.977      0.000
  90   89     -1.000      1.105      0.000
  92   90     -0.992     -0.520      0.000
  91   91     -0.990     -0.151      0.000
  -1   92     -0.982      0.757      0.000
  96   -2     -0.974     -0.843      0.000
  94   98     -0.971     -1.030      0.000
  93   94     -0.969     -0.659      0.000
  -1   97     -0.967      0.064      0.000
  95   96     -0.966     -0.100      0.000
  97   95     -0.963      1.125      0.000
  98   -2     -0.949     -0.975      0.000
  99  100     -0.944     -0.458      0.000
 100  102     -0.930     -0.740      0.000
 103  103     -0.924     -0.796      0.000
 102  104     -0.923      0.822      0.000
 105  101     -0.918     -1.100      0.000
  -1  107     -0.905     -1.032      0.000
 106  108     -0.900      1.128      0.000
 101  112     -0.892     -1.172      0.000
  -1   -2     -0.892      1.168      0.000
 109  105     -0.888     -1.100      0.000
 110  109     -0.878      0.882      0.000
 111  110     -0.868     -0.287      0.000
 112  111     -0.865      0.049      0.000
 107  124     -0.853      0.744      0.000
 114  113     -0.848     -0.773      0.000
 115  115     -0.845      1.054      0.000
 116  118     -0.843     -0.543      0.000
 119  117     -0.842      0.988      0.000
 117  120     -0.840     -0.253      0.000
 118  121     -0.837      0.320      0.000
  -1  122     -0.822      1.096      0.000
 123  119     -0.816      0.837      0.000
 124  125     -0.806     -0.398      0.000
 125  126     -0.798     -0.627      0.000
 127  127     -0.795      0.950      0.000
  -1  136     -0.792     -1.170      0.000
 126  129     -0.786     -0.203      0.000
 128   -2     -0.786      0.430      0.000
  -1  131     -0.779     -0.506      0.000
 129  132     -0.779      0.080      0.000
 131  133     -0.772     -0.470      0.000
 130  134     -0.772      0.172      0.000
 132  130     -0.769      0.485      0.000
 135   -2     -0.748     -0.246      0.000
 136  138     -0.744     -0.029      0.000
 145  137     -0.743     -0.955      0.000
  -1   -2     -0.723     -1.169      0.000
 140  139     -0.722      0.816      0.000
 138  141     -0.722     -0.454      0.000
 139  142     -0.721      0.598      0.000
 142  140     -0.719      1.009      0.000
 141  143     -0.716     -0.097      0.000
  -1  144     -0.711      1.062      0.000
 144  145     -0.708     -0.724      0.000
  -1  146     -0.706     -1.013      0.000
 146  147     -0.698      0.003      0.000
 147   -2     -0.695     -1.100      0.000
  -1   -2     -0.687     -0.499      0.000
 148  148     -0.679     -0.229      0.000
 149  150     -0.672      0.387      0.000
  -1  149     -0.670     -0.716      0.000
 152  151     -0.647      1.066      0.000
 151  153     -0.646      0.275      0.000
 153  152     -0.645      1.172      0.000
 150  160     -0.641     -1.156      0.000
 156  154     -0.624     -0.134      0.000
 157  155     -0.623     -0.959      0.000
 158  156     -0.615      0.426      0.000
 159  157     -0.610      0.945      0.000
 161  158     -0.605     -1.033      0.000
 160  161     -0.602     -0.584      0.000
  -1  159     -0.602      1.157      0.000
  -1   -2     -0.598     -1.082      0.000
 162   -2     -0.595     -0.221      0.000
 163  162     -0.585     -0.187      0.000
 164  163     -0.581     -0.921      0.000
  -1  164     -0.576      0.839      0.000
 165  165     -0.576     -0.414      0.000
  -1  166     -0.568     -0.744      0.000
 168  167     -0.566      0.620      0.000
 169  168     -0.558      0.419      0.000
 171  171     -0.543     -0.490      0.000
 173  174     -0.537      0.593      0.000
 182   -2     -0.537      1.051      0.000
  -1  173     -0.534     -1.088      0.000
 175  175     -0.518      0.244      0.000
 176  176     -0.505     -0.537      0.000
 172   -2     -0.504     -0.707      0.000
 181  178     -0.494     -1.170      0.000
 179  179     -0.477     -0.816      0.000
 178  180     -0.476     -0.125      0.000
 180   -2     -0.474     -0.599      0.000
 183  181     -0.467     -0.439      0.000
 184  182     -0.464      0.701      0.000
  -1  183     -0.455      0.886      0.000
 185  184     -0.455      0.323      0.000
  -1  185     -0.442     -1.050      0.000
 186  186     -0.439      0.800      0.000
 187  188     -0.434      0.107      0.000
 188  189     -0.434      0.624      0.000
 190  190     -0.431      1.029      0.000
 189  191     -0.429      0.869      0.000
 192  192     -0.418     -0.797      0.000
 191  193     -0.418     -0.281      0.000
 193   -2     -0.412      0.255      0.000
 194  197     -0.392     -0.578      0.000
 195  198     -0.384      0.600      0.000
 197  200     -0.358     -0.500      0.000
 198  199     -0.358     -0.738      0.000
  -1  195     -0.353     -1.172      0.000
 199  201     -0.350      0.073      0.000
 203  202     -0.341      1.030      0.000
 204  203     -0.337      0.529      0.000
 205  204     -0.328     -0.780      0.000
 207  205     -0.301      0.781      0.000
 200   -2     -0.294     -0.105      0.000
  -1  210     -0.290     -1.168      0.000
 209  208     -0.278     -0.850      0.000
 210  209     -0.272      0.280      0.000
 213  211     -0.264      0.353      0.000
 214  212     -0.258     -0.035      0.000
 217  217     -0.238      0.245      0.000
 216  214     -0.237     -0.454      0.000
  -1  224     -0.232     -1.172      0.000
  -1  216     -0.232     -0.550      0.000
 222  218     -0.229      0.446      0.000
 211   -2     -0.228     -1.092      0.000
 224  221     -0.217      0.174      0.000
 225  223     -0.209     -0.085      0.000
 219  239     -0.206     -1.151      0.000
 228  225     -0.204     -1.064      0.000
 212   -2     -0.190      1.142      0.000
 229  228     -0.185      0.987      0.000
 218  229     -0.182     -0.940      0.000
 227  235     -0.181     -0.438      0.000
 231  232     -0.179      0.255      0.000
 232  231     -0.175     -0.199      0.000
 234  234     -0.160     -0.754      0.000
  -1   -2     -0.158      0.111      0.000
 262   -2     -0.154      0.020      0.000
 237  238     -0.146      0.416      0.000
 226   -2     -0.145      0.903      0.000
 239   -2     -0.142     -1.120      0.000
 241  240     -0.124      0.988      0.000
 242  241     -0.122     -0.258      0.000
 250   -2     -0.118     -1.174      0.000
 243   -2     -0.108     -1.141      0.000
 244  242     -0.104      0.834      0.000
 245  236     -0.097     -0.064      0.000
 247  245     -0.095     -0.321      0.000
 249  246     -0.083      0.229      0.000
 251  247     -0.077     -1.065      0.000
 252  248     -0.075      0.934      0.000
 253  249     -0.070      0.395      0.000
 236  266     -0.065      0.056      0.000
 257  254     -0.050     -0.242      0.000
 258  255     -0.045      0.881      0.000
 260   -2     -0.024      0.902      0.000
 263  256     -0.023      0.867      0.000
 261  257     -0.022      0.399      0.000
 264  258     -0.021      0.241      0.000
 265  261     -0.013     -0.017      0.000
 267  260     -0.012      0.685      0.000
 266   -2      0.025     -1.114      0.000
 268  262      0.027      0.448      0.000
 272   -2      0.039      1.063      0.000
 273  264      0.044      0.624      0.000
 284  263      0.051     -1.169      0.000
 274   -2      0.051      0.108      0.000
 276  265      0.051     -0.624      0.000
 278   -2      0.053      0.542      0.000
 277  268      0.053     -0.769      0.000
 281   -2      0.059     -0.304      0.000
 282  273      0.071      0.314      0.000
 283  272      0.073     -1.118      0.000
  -1  274      0.084     -0.628      0.000
 285  275      0.093      0.812      0.000
 286  277      0.098     -0.160      0.000
 287  278      0.104     -0.994      0.000
 289   -2      0.117     -0.369      0.000
 290  280      0.119     -0.289      0.000
 292  281      0.130      1.076      0.000
 302  267      0.134     -1.077      0.000
  -1  285      0.137     -0.948      0.000
  -1  283      0.140      0.671      0.000
 296  284      0.140      0.584      0.000
  -1  286      0.145      0.463      0.000
 297  287      0.172      0.732      0.000
 298  288      0.173      0.256      0.000
 299  289      0.178     -0.447      0.000
 301  291      0.193     -0.276      0.000
  -1  293      0.200     -1.173      0.000
 293  308      0.202     -1.101      0.000
 303  294      0.212     -0.714      0.000
 300  296      0.213     -0.917      0.000
 305  295      0.222      0.921      0.000
 306  298      0.225      0.043      0.000
 307  300      0.229     -0.600      0.000
  -1   -2      0.231     -1.122      0.000
 308  302      0.235      0.670      0.000
 309  303      0.239      0.385      0.000
 310  304      0.253     -0.074      0.000
  -1   -2      0.254      0.735      0.000
 316  305      0.265     -0.622      0.000
 312  306      0.271     -1.077      0.000
 313  307      0.280     -0.222      0.000
 324  299      0.287     -1.161      0.000
 317  310      0.298      0.676      0.000
 320  313      0.307      0.862      0.000
 322  315      0.318      0.797      0.000
 323  316      0.323      0.180      0.000
  -1  317      0.329      0.499      0.000
 325  319      0.344     -1.062      0.000
 326  320      0.347      1.167      0.000
 327  321      0.358     -0.915      0.000
 329   -2      0.359     -0.994      0.000
 330  323      0.360     -0.200      0.000
  -1  324      0.362      0.322      0.000
 328   -2      0.362     -0.237      0.000
  -1  341      0.367     -0.396      0.000
  -1  327      0.382     -0.974      0.000
 331  328      0.383      0.051      0.000
  -1  332      0.384      0.193      0.000
 332  330      0.387      0.727      0.000
 334  331      0.405     -0.579      0.000
  -1   -2      0.407      0.246      0.000
 335  334      0.415     -0.264      0.000
 336  335      0.420     -0.872      0.000
 337  336      0.436     -1.128      0.000
 338  337      0.437      0.823      0.000
 339  338      0.445     -0.959      0.000
 340  339      0.448     -0.663      0.000
 342  340      0.460     -0.274      0.000
 341  350      0.460     -1.176      0.000
 345   -2      0.464      0.051      0.000
 344   -2      0.464     -0.315      0.000
 346   -2      0.478      1.094      0.000
 347  342      0.478     -0.481      0.000
  -1  346      0.486     -0.894      0.000
 348  344      0.486      0.920      0.000
  -1   -2      0.491      0.951      0.000
  -1  345      0.491      0.210      0.000
 349   -2      0.492     -0.598      0.000
 353  349      0.504      0.124      0.000
 351   -2      0.509     -1.166      0.000
 355  351      0.511     -0.431      0.000
 358  352      0.519      0.820      0.000
 357  353      0.520      1.163      0.000
 360  355      0.537     -0.611      0.000
  -1  356      0.543      0.006      0.000
 362  357      0.544     -0.306      0.000
  -1   -2      0.560      0.368      0.000
  -1  347      0.562     -0.088      0.000
 365  369      0.566      1.109      0.000
 366  360      0.566     -0.474      0.000
 364  361      0.569     -0.735      0.000
 369  364      0.587      1.159      0.000
 371  365      0.594      0.439      0.000
 372  366      0.597      0.394      0.000
 375  367      0.602      0.226      0.000
 374  368      0.605     -0.259      0.000
 376   -2      0.607      0.660      0.000
 377   -2      0.608      0.154      0.000
 380  370      0.616     -0.019      0.000
 373   -2      0.617     -1.164      0.000
 381  371      0.617     -0.989      0.000
 382  362      0.621     -0.842      0.000
 370  379      0.624      0.486      0.000
  -1  373      0.630      1.085      0.000
 384  372      0.632     -0.448      0.000
 385  363      0.638      0.551      0.000
 363  375      0.639      1.028      0.000
  -1  377      0.645     -0.580      0.000
 393   -2      0.660      0.493      0.000
 389  380      0.664     -0.615      0.000
 390  381      0.672      0.788      0.000
 391  382      0.674     -0.710      0.000
 394  384      0.685     -0.917      0.000
 395  385      0.691      0.676      0.000
 396  374      0.698     -1.174      0.000
 397  386      0.703     -0.571      0.000
 388  394      0.705     -1.038      0.000
  -1  388      0.712      0.936      0.000
 361   -2      0.722     -0.036      0.000
 400  390      0.728     -0.987      0.000
 401  391      0.743     -0.767      0.000
 402  392      0.744      0.608      0.000
 392   -2      0.753     -0.335      0.000
 403   -2      0.754     -1.039      0.000
 405  393      0.759      0.365      0.000
 406  395      0.760      0.396      0.000
 408   -2      0.766      0.956      0.000
 407  396      0.769     -0.412      0.000
 410  397      0.772      0.722      0.000
 411  400      0.787     -0.625      0.000
 413  403      0.797      0.653      0.000
 414  401      0.799     -0.979      0.000
 415  405      0.800     -0.141      0.000
 416  409      0.809      0.871      0.000
  -1  408      0.810      0.237      0.000
 417  399      0.815      0.967      0.000
 418  411      0.822     -1.093      0.000
 420  412      0.830      0.361      0.000
 421   -2      0.833     -0.767      0.000
 422  413      0.837     -1.037      0.000
 423  414      0.840     -0.591      0.000
 424  415      0.850     -0.338      0.000
 425  416      0.858     -0.845      0.000
  -1  418      0.864     -1.124      0.000
 438   -2      0.878     -1.165      0.000
 428  419      0.879     -0.025      0.000
 432  420      0.885      1.054      0.000
 430  421      0.891     -0.775      0.000
 431  422      0.906      1.155      0.000
  -1  429      0.929     -0.879      0.000
 436  424      0.935      0.674      0.000
 434  423      0.937      0.198      0.000
 435  426      0.940      0.752      0.000
 437  425      0.945     -0.608      0.000
 455   -2      0.954     -0.216      0.000
 440  427      0.954     -0.818      0.000
 441  428      0.961      1.034      0.000
 443  430      0.968      0.922      0.000
  -1  432      0.972      0.966      0.000
 433   -2      0.973     -0.102      0.000
 448  433      0.976      0.510      0.000
 447  434      0.977      0.751      0.000
 449  435      0.993      0.298      0.000
 450  436      0.994      0.257      0.000
  -1   -2      1.007     -0.738      0.000
 451  437      1.010     -0.478      0.000
 452   -2      1.016     -0.569      0.000
 453  439      1.027     -0.071      0.000
 442  440      1.033     -0.886      0.000
  -1  441      1.035     -0.289      0.000
  -1  443      1.058      0.043      0.000
  -1   -2      1.061     -0.189      0.000
 457  444      1.069      0.655      0.000
 458  445      1.077     -1.175      0.000
 459  446      1.087      0.607      0.000
 460  447      1.091     -0.662      0.000
 462  448      1.095      0.559      0.000
 464  449      1.099      0.106      0.000
 463  450      1.101     -1.077      0.000
 465  452      1.108     -0.271      0.000
  -1  454      1.123      0.237      0.000
 467  453      1.125      0.352      0.000
 485  438      1.137     -0.526      0.000
 471  457      1.148     -0.753      0.000
 472  459      1.159     -0.993      0.000
 474  458      1.162      0.176      0.000
 476  461      1.169     -0.905      0.000
 475  460      1.170     -0.411      0.000
 477  462      1.172      0.923      0.000
 478   -2      1.182      0.324      0.000
 479  463      1.185      0.467      0.000
 480  465      1.196      1.006      0.000
 482  467      1.206     -0.099      0.000
 483  466      1.206      0.403      0.000
 484  468      1.212      0.802      0.000
 486  469      1.223     -0.682      0.000
 487  471      1.225     -1.071      0.000
 488  472      1.246      0.689      0.000
 489  473      1.253     -0.075      0.000
  -1   -2      1.258     -0.121      0.000
 491  476      1.278      0.978      0.000
 496  477      1.281     -0.955      0.000
 495  479      1.291     -0.652      0.000
 498  474      1.292     -1.163      0.000
  -1  480      1.296     -0.732      0.000
 497   -2      1.298      0.217      0.000
 499  481      1.301      0.038      0.000
 507   -2      1.313     -0.182      0.000
 501  485      1.314     -0.513      0.000
 502  487      1.321      1.041      0.000
 503  488      1.334     -0.680      0.000
  -1  483      1.341      0.156      0.000
 504  490      1.365     -0.666      0.000
 505  491      1.367     -0.759      0.000
 506  493      1.369     -1.142      0.000
  -1   -2      1.376      1.013      0.000
  -1   -2      1.388      0.245      0.000
  -1  495      1.403     -0.651      0.000
 508  496      1.414     -1.166      0.000
  -1  497      1.420      0.275      0.000
 511  500      1.458      0.422      0.000
 509   -2      1.460      0.491      0.000
 512  501      1.464     -0.680      0.000
 513  502      1.472     -0.534      0.000
 514  503      1.474     -0.606      0.000
 516  509      1.494     -0.385      0.000
  -1  494      1.496      1.170      0.000
 519  507      1.500     -0.990      0.000
 520  506      1.501     -1.165      0.000
 518  508      1.502      0.488      0.000
 521  511      1.523      0.151      0.000
  -1  513      1.533     -0.340      0.000
  -1   -2      1.555      0.734      0.000
 523  514      1.561     -1.173      0.000
 522  515      1.561      0.246      0.000
  -1  516      1.566     -0.872      0.000
 524   -2      1.567     -0.452      0.000
  -1  517      1.572      0.632      0.000
 525  518      1.573     -0.376      0.000
