528
   0    0     -1.573      0.253      0.000
   1    2     -1.568     -0.874      0.000
   2    3     -1.562      0.323      0.000
   3    4     -1.552      0.481      0.000
   4    5     -1.550      0.615      0.000
  -1    6     -1.544      1.067      0.000
  -1   -2     -1.538     -1.171      0.000
   5    7     -1.536      0.173      0.000
   6    8     -1.533      0.761      0.000
   7    9     -1.532     -0.364      0.000
  -1   11     -1.522      0.408      0.000
  -1   13     -1.519     -0.323      0.000
  -1   16     -1.513     -0.121      0.000
   9   18     -1.507      0.565      0.000
  11   19     -1.504      0.979      0.000
  10   20     -1.500      0.392      0.000
  16   -2     -1.481     -1.155      0.000
  12   22     -1.481     -0.420      0.000
  14   23     -1.476      0.329      0.000
  15   -2     -1.463      0.066      0.000
  17   26     -1.462      0.806      0.000
  18   25     -1.461     -0.704      0.000
  19   27     -1.460      1.122      0.000
  20   29     -1.441     -0.458      0.000
  21   30     -1.439      0.856      0.000
  22   31     -1.438      0.728      0.000
  24   35     -1.417     -0.019      0.000
  -1   -2     -1.414      0.026      0.000
  27   36     -1.408      0.187      0.000
  -1   24     -1.403     -1.175      0.000
  30   38     -1.398     -0.611      0.000
  31   39     -1.379      0.779      0.000
  35   -2     -1.364     -0.954      0.000
  34   41     -1.360     -0.395      0.000
  36   -2     -1.348      0.739      0.000
  38   42     -1.334      1.013      0.000
  39   43     -1.333     -0.986      0.000
  -1   -2     -1.329     -0.020      0.000
  43   37     -1.321     -0.494      0.000
  -1   46     -1.303     -0.148      0.000
  42   45     -1.301     -1.128      0.000
  44   47     -1.292     -0.902      0.000
  45   48     -1.286     -0.591      0.000
  46   50     -1.283     -0.698      0.000
  48   49     -1.282     -1.091      0.000
  49   53     -1.274     -0.118      0.000
  50   51     -1.271     -0.930      0.000
  51   54     -1.268     -1.168      0.000
  53   -2     -1.244      1.072      0.000
  55   56     -1.241      0.897      0.000
  54   57     -1.240      0.439      0.000
  56   59     -1.236      0.687      0.000
  68   -2     -1.234     -1.070      0.000
  57   60     -1.232      0.784      0.000
  60   61     -1.222     -0.909      0.000
  -1   62     -1.222     -0.705      0.000
  -1   -2     -1.217      0.415      0.000
  47   -2     -1.213     -0.388      0.000
  -1   -2     -1.211     -0.847      0.000
  61   66     -1.204     -0.121      0.000
  59   77     -1.190     -0.612      0.000
  64   67     -1.182      0.697      0.000
  66   69     -1.175      0.426      0.000
  67   70     -1.166     -0.407      0.000
  69   73     -1.160     -0.310      0.000
  71   71     -1.160      1.081      0.000
  72   74     -1.156     -0.898      0.000
  73   75     -1.155     -0.937      0.000
  74   76     -1.148      0.507      0.000
  75   78     -1.138      0.202      0.000
  76   79     -1.136     -0.175      0.000
  77   80     -1.131      0.411      0.000
  79   81     -1.112      1.094      0.000
  78   84     -1.108      0.611      0.000
  -1   83     -1.106      0.845      0.000
  81   85     -1.104     -0.233      0.000
  83   86     -1.098      0.355      0.000
  84   89     -1.068     -0.459      0.000
  86   90     -1.066     -1.085      0.000
  -1   88     -1.063      0.444      0.000
  82   -2     -1.060     -1.124      0.000
  88   92     -1.056     -0.772      0.000
  -1   -2     -1.053      0.645      0.000
  89   93     -1.039      0.318      0.000
  90   94     -1.024      0.944      0.000
  -1   -2     -1.021     -0.093      0.000
  -1   -2     -1.014      0.799      0.000
  93   95     -1.012     -0.907      0.000
  91   96     -1.012     -0.605      0.000
  92   97     -1.011      0.586      0.000
  94   99     -1.001      1.061      0.000
  -1  100     -0.988     -1.112      0.000
 115   87     -0.985     -1.167      0.000
  -1  101     -0.978     -0.030      0.000
  95  102     -0.964     -0.137      0.000
  96   -2     -0.962     -1.036      0.000
 101  103     -0.951     -0.911      0.000
  98   -2     -0.948      0.389      0.000
  99  105     -0.945     -0.216      0.000
 100  106     -0.945     -0.007      0.000
  -1  111     -0.938     -0.031      0.000
 104  107     -0.935     -0.977      0.000
 107  108     -0.934      1.153      0.000
  -1  109     -0.930      0.919      0.000
 108  113     -0.920     -0.450      0.000
 109  114     -0.916      0.442      0.000
 103   -2     -0.915     -0.025      0.000
 106  118     -0.910      0.315      0.000
  -1  110     -0.907     -1.074      0.000
 110   -2     -0.907      0.397      0.000
 112  115     -0.906      1.105      0.000
  -1  117     -0.906     -0.624      0.000
 113  119     -0.893      0.738      0.000
 114  120     -0.892     -0.759      0.000
 116  123     -0.883     -0.053      0.000
 111   -2     -0.882     -0.706      0.000
 118  124     -0.873      0.039      0.000
 121  127     -0.847      0.811      0.000
 120  128     -0.846      0.141      0.000
 122  129     -0.834     -0.441      0.000
 124  130     -0.831      1.047      0.000
 131  125     -0.827     -0.145      0.000
 126  132     -0.822      1.094      0.000
 127  133     -0.820      0.879      0.000
 128  134     -0.811      0.987      0.000
 129  135     -0.809     -0.755      0.000
 130  136     -0.806     -0.804      0.000
  -1  138     -0.800     -0.097      0.000
 132  139     -0.787      0.072      0.000
 133   -2     -0.768      0.779      0.000
 144   -2     -0.755      0.962      0.000
 136  143     -0.750     -0.541      0.000
 125  145     -0.749     -0.926      0.000
  -1  140     -0.739      0.706      0.000
 137  158     -0.733      0.855      0.000
 138   -2     -0.731     -0.963      0.000
 139  146     -0.724     -0.289      0.000
 140  147     -0.723     -0.675      0.000
 141   -2     -0.721     -0.626      0.000
 142  148     -0.717     -1.010      0.000
 143   -2     -0.712     -0.548      0.000
 146  150     -0.706      1.091      0.000
 152   -2     -0.705     -1.170      0.000
 147  152     -0.694     -0.261      0.000
 149  151     -0.694      1.038      0.000
  -1   -2     -0.694      0.911      0.000
 148  153     -0.690      0.049      0.000
 150   -2     -0.688     -0.212      0.000
 151  154     -0.682     -0.408      0.000
 153  155     -0.668      0.331      0.000
 154  156     -0.664     -0.483      0.000
  -1  142     -0.657     -0.887      0.000
 155  157     -0.653     -0.741      0.000
  -1  159     -0.650      0.254      0.000
 156   -2     -0.650      0.865      0.000
  -1  160     -0.647      0.829      0.000
  -1  161     -0.639      1.071      0.000
 158  162     -0.639      1.112      0.000
 157  163     -0.638     -0.213      0.000
 159  165     -0.633      0.453      0.000
 160  164     -0.630      1.039      0.000
 161  166     -0.629     -0.021      0.000
  -1   -2     -0.623      0.511      0.000
 162  167     -0.620     -1.056      0.000
  -1  171     -0.617     -0.981      0.000
 163  168     -0.613     -0.742      0.000
 164  169     -0.611     -0.479      0.000
 166  170     -0.605      0.081      0.000
 168  172     -0.602      0.636      0.000
 167  173     -0.600      0.179      0.000
 174   -2     -0.596     -1.095      0.000
 170  174     -0.576     -0.037      0.000
 171  175     -0.572      1.004      0.000
  -1   -2     -0.568     -0.954      0.000
 172  176     -0.555     -0.110      0.000
 175  178     -0.534     -0.253      0.000
  -1   -2     -0.528      0.000      0.000
 173  183     -0.526     -1.166      0.000
 176  179     -0.526      1.127      0.000
 177  182     -0.522      0.420      0.000
 178  181     -0.520     -0.629      0.000
 179   -2     -0.514      0.911      0.000
  -1  198     -0.492      0.829      0.000
 180  184     -0.489      0.298      0.000
 183  186     -0.474     -0.156      0.000
 185  187     -0.462      0.687      0.000
  -1   -2     -0.461      0.287      0.000
 187  188     -0.451     -0.293      0.000
  -1   -2     -0.450     -0.252      0.000
 188  190     -0.448     -0.546      0.000
 189  189     -0.447     -0.775      0.000
 191  191     -0.446     -0.887      0.000
 190  192     -0.443     -0.218      0.000
 186  205     -0.433     -1.131      0.000
 192   -2     -0.429      0.663      0.000
 194  195     -0.421     -0.603      0.000
 197  194     -0.421      1.138      0.000
 198   -2     -0.410     -1.166      0.000
  -1  196     -0.409      0.990      0.000
 200  199     -0.385     -0.885      0.000
 182   -2     -0.383      0.976      0.000
 201  201     -0.383      0.794      0.000
 203  202     -0.381      0.905      0.000
 202  203     -0.379      0.280      0.000
 205  204     -0.370     -0.507      0.000
 206  206     -0.359      0.256      0.000
 207   -2     -0.358     -1.137      0.000
  -1  208     -0.345     -1.166      0.000
 210  209     -0.343      0.716      0.000
 209  210     -0.342     -0.161      0.000
 211  213     -0.330      1.163      0.000
 212  216     -0.325      0.371      0.000
 214  217     -0.316     -0.842      0.000
 215  218     -0.305     -0.339      0.000
  -1  219     -0.300      0.116      0.000
 216  222     -0.296      0.698      0.000
 217  221     -0.296     -0.890      0.000
  -1  220     -0.296     -1.130      0.000
 218  223     -0.284      0.671      0.000
 219  224     -0.278     -0.591      0.000
 195   -2     -0.265      0.474      0.000
  -1  227     -0.263      0.022      0.000
 224  226     -0.258     -0.972      0.000
  -1   -2     -0.253     -1.169      0.000
 226  229     -0.248      0.626      0.000
 228  228     -0.245     -1.089      0.000
 221   -2     -0.234     -0.034      0.000
  -1  232     -0.230      0.039      0.000
  -1  225     -0.216     -0.427      0.000
 229  234     -0.213     -0.212      0.000
  -1  236     -0.213     -0.486      0.000
 231  239     -0.187     -1.083      0.000
  -1  237     -0.187     -0.146      0.000
  -1  238     -0.187      1.065      0.000
  -1  254     -0.177     -0.667      0.000
 233  240     -0.176      1.159      0.000
 234  242     -0.172      0.335      0.000
 235  243     -0.165      0.420      0.000
 236  241     -0.164     -0.560      0.000
 237  244     -0.158     -0.057      0.000
  -1   -2     -0.150      0.956      0.000
 239  245     -0.148      0.538      0.000
 240  256     -0.143      0.290      0.000
 242  249     -0.133     -0.901      0.000
 243  252     -0.123      0.203      0.000
 244  250     -0.121      1.167      0.000
  -1  253     -0.118     -0.122      0.000
 253  251     -0.112     -1.172      0.000
 248  255     -0.099     -0.531      0.000
 246   -2     -0.096     -0.264      0.000
 247   -2     -0.096      0.305      0.000
 241   -2     -0.085     -1.129      0.000
 250  259     -0.083      1.006      0.000
 251  260     -0.079      0.507      0.000
 252   -2     -0.076     -0.967      0.000
  -1  272     -0.075      0.122      0.000
  -1  262     -0.073      0.006      0.000
 254  263     -0.069      1.118      0.000
 259  257     -0.059     -0.337      0.000
 249  261     -0.057     -0.996      0.000
 257   -2     -0.050      0.820      0.000
 260   -2     -0.035      1.066      0.000
 261  267     -0.028     -0.098      0.000
 263  269     -0.018      0.484      0.000
  -1  268     -0.003     -1.172      0.000
 258   -2     -0.003     -1.144      0.000
  -1  270     -0.002      0.050      0.000
 265  271     -0.001      0.320      0.000
 255   -2      0.002     -0.978      0.000
  -1  273      0.010      0.844      0.000
 267  274      0.012      0.738      0.000
 269  276      0.021      0.492      0.000
 270  277      0.027      0.290      0.000
  -1  279      0.038     -1.175      0.000
 271  278      0.043     -0.036      0.000
 272  287      0.045     -1.063      0.000
  -1   -2      0.054     -0.973      0.000
 273  280      0.055      0.555      0.000
 266  295      0.061      0.774      0.000
  -1   -2      0.065      0.676      0.000
 276  282      0.066     -0.941      0.000
  -1   -2      0.066      1.148      0.000
  -1   -2      0.072      1.026      0.000
 278  283      0.073     -0.783      0.000
 279  285      0.079      0.137      0.000
  -1  286      0.086     -0.595      0.000
  -1   -2      0.092     -0.426      0.000
 283   -2      0.093      0.101      0.000
  -1   -2      0.094     -0.160      0.000
 281  288      0.096     -1.170      0.000
 284  290      0.098      0.387      0.000
  -1  291      0.103      1.059      0.000
 285  294      0.138     -0.951      0.000
 286   -2      0.141      0.726      0.000
 287  296      0.143     -0.388      0.000
  -1  297      0.147     -1.057      0.000
 288  298      0.152      0.580      0.000
 290  300      0.154     -0.558      0.000
 289  301      0.155     -1.096      0.000
 291  302      0.165      0.903      0.000
 292  303      0.177      0.313      0.000
 293  304      0.187     -0.577      0.000
 294  305      0.192     -1.062      0.000
 307  293      0.201     -0.368      0.000
 297  309      0.204     -1.167      0.000
 298   -2      0.208      1.115      0.000
 296  307      0.214     -0.877      0.000
 299   -2      0.216     -1.092      0.000
 301  311      0.221      0.035      0.000
 304  312      0.227      0.476      0.000
 303  313      0.229     -0.751      0.000
 305   -2      0.232      0.906      0.000
  -1  308      0.237      1.101      0.000
 306  314      0.246     -0.112      0.000
 302   -2      0.248     -1.051      0.000
  -1  317      0.270     -0.300      0.000
 308  318      0.272      0.834      0.000
 309  319      0.284      1.043      0.000
 310  320      0.291      0.971      0.000
 311  321      0.295      0.214      0.000
 312  322      0.296      0.617      0.000
  -1  324      0.302     -1.089      0.000
  -1  323      0.304     -0.886      0.000
 316  326      0.326      0.501      0.000
  -1   -2      0.328     -1.097      0.000
  -1  327      0.332     -0.265      0.000
  -1  328      0.338     -0.315      0.000
 317  329      0.343      0.056      0.000
 313  338      0.346     -1.161      0.000
 319  330      0.348      0.885      0.000
 320  333      0.361     -1.064      0.000
 323  335      0.380     -0.336      0.000
 324  336      0.386     -0.700      0.000
 322   -2      0.389     -1.118      0.000
  -1  337      0.392      0.545      0.000
 328  340      0.411      0.056      0.000
 329  342      0.419     -1.007      0.000
 330  341      0.419     -0.343      0.000
 331  344      0.425     -0.389      0.000
 332  332      0.426      0.257      0.000
 333  345      0.429     -0.783      0.000
 334  346      0.439      0.149      0.000
 335  347      0.446     -0.576      0.000
 336   -2      0.449      0.767      0.000
 338  349      0.456      1.092      0.000
 341   -2      0.471     -0.524      0.000
 326   -2      0.474      0.978      0.000
  -1  351      0.475      0.608      0.000
 342  352      0.476      0.005      0.000
  -1  350      0.479     -0.484      0.000
 343  353      0.480     -1.013      0.000
 327  374      0.492     -1.152      0.000
 345  355      0.494     -0.368      0.000
 346  356      0.508     -0.707      0.000
  -1  358      0.513      0.536      0.000
 350  365      0.513      0.583      0.000
 348  360      0.513      0.641      0.000
 344   -2      0.515      0.479      0.000
 347  357      0.523      0.275      0.000
 349  363      0.528     -0.548      0.000
 351  364      0.535     -0.021      0.000
 352  366      0.537      0.791      0.000
 353  367      0.550     -0.829      0.000
 354  368      0.559      0.666      0.000
 355  370      0.568     -0.879      0.000
 356  369      0.570      0.597      0.000
 357  371      0.581     -0.510      0.000
  -1  372      0.585      0.326      0.000
  -1   -2      0.597     -1.148      0.000
 370   -2      0.599      0.740      0.000
 361  377      0.609     -0.918      0.000
 362  376      0.611      0.925      0.000
 363  378      0.613      0.801      0.000
 359  382      0.624     -1.170      0.000
 364  379      0.625     -0.680      0.000
 365  380      0.627     -0.035      0.000
  -1   -2      0.630     -0.604      0.000
 366  381      0.631     -1.072      0.000
 367  384      0.646     -0.776      0.000
 368  383      0.647      0.440      0.000
 369  386      0.651      0.475      0.000
 371  388      0.657     -0.624      0.000
  -1   -2      0.663      0.278      0.000
 380  390      0.678     -0.362      0.000
 374  399      0.683     -0.979      0.000
 375  391      0.691      0.289      0.000
 377  392      0.697      0.840      0.000
 390  393      0.700     -0.436      0.000
 379  394      0.705      0.761      0.000
 381  395      0.708      0.430      0.000
 383  396      0.717     -0.815      0.000
  -1  411      0.721     -0.951      0.000
 385  400      0.730      1.080      0.000
 386   -2      0.733     -1.036      0.000
 387  401      0.742     -0.655      0.000
  -1  402      0.747     -0.850      0.000
 389  403      0.751      0.987      0.000
  -1  405      0.761     -1.081      0.000
 372  419      0.762      0.254      0.000
 392  406      0.767     -0.350      0.000
  -1  408      0.778      1.082      0.000
 394  410      0.788     -1.040      0.000
 395  412      0.793     -0.612      0.000
  -1  414      0.802      0.225      0.000
 396   -2      0.804     -0.993      0.000
  -1  413      0.806     -0.790      0.000
  -1  416      0.808      1.019      0.000
  -1   -2      0.812      0.265      0.000
 398  420      0.837     -1.114      0.000
 399  421      0.841     -0.858      0.000
 391  434      0.846     -1.054      0.000
 401  422      0.848      0.840      0.000
 402  424      0.851      0.577      0.000
 403  425      0.854      0.347      0.000
 404   -2      0.856     -0.082      0.000
 405  426      0.856      0.301      0.000
 406  427      0.864      1.152      0.000
 407  428      0.865     -0.780      0.000
 408  429      0.866     -1.155      0.000
  -1  450      0.868      0.472      0.000
 411  432      0.888      0.826      0.000
 413  433      0.900     -0.049      0.000
 412   -2      0.901     -1.006      0.000
 415  435      0.915      1.002      0.000
 416   -2      0.924      0.076      0.000
  -1  438      0.928      1.043      0.000
 417  439      0.931      1.113      0.000
 418  440      0.933     -0.805      0.000
 419   -2      0.935     -1.084      0.000
 420  441      0.937     -0.266      0.000
 421  442      0.944     -0.457      0.000
 423  445      0.958     -0.546      0.000
 425  446      0.963      0.143      0.000
 428  447      0.966      0.655      0.000
 427  448      0.967      0.606      0.000
 426   -2      0.969     -1.136      0.000
 436  451      0.981      0.273      0.000
 430  452      0.982      0.388      0.000
  -1  454      0.996     -0.328      0.000
 432   -2      0.997      0.758      0.000
  -1  437      1.000      0.016      0.000
 434  455      1.020      0.207      0.000
 435  456      1.021     -0.269      0.000
  -1  457      1.031      0.354      0.000
 437  458      1.034     -0.172      0.000
  -1  449      1.034     -1.172      0.000
 439  459      1.048      0.493      0.000
 438  460      1.050     -0.616      0.000
 441  479      1.050     -0.915      0.000
 443  463      1.065      0.425      0.000
  -1  464      1.070     -0.262      0.000
  -1  465      1.071     -0.473      0.000
 445   -2      1.076     -0.731      0.000
  -1   -2      1.080     -0.858      0.000
 446  453      1.081      0.730      0.000
 447  466      1.087     -0.056      0.000
  -1   -2      1.087     -0.357      0.000
  -1   -2      1.097      0.655      0.000
 449  470      1.109     -1.018      0.000
 451  468      1.110      0.943      0.000
 453  471      1.118     -0.687      0.000
 454  472      1.120      0.813      0.000
 455  473      1.130     -0.030      0.000
 457  467      1.130      0.696      0.000
 456   -2      1.133     -1.170      0.000
 458  476      1.147      1.164      0.000
  -1  474      1.152     -1.129      0.000
 450  477      1.153      1.018      0.000
  -1  481      1.156      0.568      0.000
 460   -2      1.157     -0.826      0.000
 461  475      1.160      0.240      0.000
 462  483      1.174      0.076      0.000
  -1   -2      1.179     -0.671      0.000
 463  485      1.185     -0.597      0.000
  -1  478      1.190     -0.743      0.000
  -1   -2      1.210      1.123      0.000
 465  486      1.220      0.961      0.000
  -1   -2      1.228      0.880      0.000
  -1  488      1.237     -0.291      0.000
 467  490      1.250     -0.552      0.000
 468  491      1.256     -0.419      0.000
 469  492      1.265     -0.628      0.000
 472  495      1.277      1.010      0.000
 477  498      1.314     -0.190      0.000
 476  499      1.314     -1.159      0.000
 473   -2      1.320      0.573      0.000
 466   -2      1.326     -0.968      0.000
 478  501      1.329     -0.548      0.000
 479  502      1.338      0.401      0.000
 480  503      1.340     -0.635      0.000
 481  504      1.374     -1.014      0.000
 475   -2      1.388      0.295      0.000
 484  505      1.389      0.445      0.000
 483  517      1.391     -1.172      0.000
  -1   -2      1.391     -0.165      0.000
 482  509      1.397     -1.056      0.000
 485  508      1.404      1.135      0.000
 487  511      1.429     -0.405      0.000
 488  510      1.430      0.166      0.000
  -1   -2      1.432      0.080      0.000
  -1  513      1.434     -0.292      0.000
 489  512      1.435     -0.538      0.000
 491  514      1.440     -0.472      0.000
  -1  515      1.441      0.574      0.000
 494   -2      1.447     -0.238      0.000
 492  518      1.453     -1.139      0.000
 493   -2      1.453     -1.176      0.000
 496  519      1.473      0.237      0.000
  -1  516      1.478     -0.233      0.000
 498  520      1.478      0.552      0.000
 499  523      1.490     -0.840      0.000
 500  522      1.492     -0.802      0.000
 497  524      1.509      0.633      0.000
 504  525      1.520      0.883      0.000
 505  526      1.528      0.283      0.000
 507  527      1.531     -0.326      0.000
 506  528      1.532     -0.257      0.000
  -1   -2      1.535     -0.943      0.000
 509  529      1.535     -0.087      0.000
 510  530      1.539     -1.174      0.000
 511   -2      1.551     -0.286      0.000
 512  532      1.555     -1.127      0.000
 514  533      1.558     -0.709      0.000
 513  531      1.559     -1.015      0.000
 515  535      1.562      0.054      0.000
 516  534      1.565      1.156      0.000
 517  536      1.570      0.466      0.000
 518  537      1.572     -0.913      0.000
