544
   0    0     -1.569     -0.454      0.000
   1    1     -1.565      0.457      0.000
   2    2     -1.564      0.869      0.000
   5    3     -1.550     -0.988      0.000
   6    4     -1.546      0.378      0.000
   8    6     -1.527      0.055      0.000
   9    7     -1.515     -0.512      0.000
  24   -2     -1.509     -0.328      0.000
  11   -2     -1.501     -0.983      0.000
  -1   23     -1.498     -0.705      0.000
  12    9     -1.492      0.008      0.000
  13   11     -1.489     -0.042      0.000
  -1   10     -1.489      0.909      0.000
  14   12     -1.487      0.205      0.000
  15   -2     -1.482     -0.743      0.000
  16   13     -1.478      0.823      0.000
  17   14     -1.477     -0.550      0.000
  18   15     -1.472      0.782      0.000
  19    8     -1.467     -0.956      0.000
  20   17     -1.464     -0.811      0.000
  21   18     -1.462      0.957      0.000
  23   19     -1.438      0.499      0.000
  26   20     -1.432     -0.051      0.000
  -1   22     -1.427     -1.171      0.000
  -1   27     -1.418     -0.911      0.000
  -1   -2     -1.416     -1.145      0.000
  -1   24     -1.416      0.869      0.000
  28   -2     -1.412     -0.710      0.000
  27   25     -1.411     -0.466      0.000
  25   -2     -1.398      0.638      0.000
  30   26     -1.387     -0.187      0.000
  -1   -2     -1.364     -0.973      0.000
  -1   -2     -1.357     -0.765      0.000
  34   28     -1.333      1.101      0.000
  33   30     -1.332      0.485      0.000
  32   29     -1.331     -1.045      0.000
  -1   -2     -1.318      0.925      0.000
  36   32     -1.315     -0.670      0.000
  39   33     -1.302     -1.084      0.000
  43   34     -1.300     -0.145      0.000
  40   35     -1.298     -0.782      0.000
  41   36     -1.296      0.749      0.000
  -1   -2     -1.291     -1.173      0.000
  42   40     -1.281     -0.445      0.000
  45   41     -1.278      0.852      0.000
  44   44     -1.275      0.466      0.000
  46   43     -1.273     -0.991      0.000
  37   -2     -1.263      0.968      0.000
  -1   -2     -1.253      0.215      0.000
  50   -2     -1.251     -1.013      0.000
  49   48     -1.245     -0.353      0.000
  52   47     -1.243      0.755      0.000
  51   49     -1.243      0.551      0.000
  53   46     -1.243      0.991      0.000
  54   53     -1.239     -0.204      0.000
  55   54     -1.237      0.447      0.000
  56   51     -1.237     -0.782      0.000
  -1   50     -1.236     -1.170      0.000
  57   55     -1.235     -0.460      0.000
  58   52     -1.233      1.144      0.000
  59   56     -1.210      0.383      0.000
  61   59     -1.204      0.777      0.000
  -1   -2     -1.204     -0.922      0.000
  62   57     -1.204     -0.992      0.000
  60   61     -1.201     -0.265      0.000
  64   64     -1.190      0.653      0.000
  35   81     -1.188     -1.157      0.000
  65   65     -1.187     -0.572      0.000
  67   -2     -1.168      0.610      0.000
  68   67     -1.157      0.336      0.000
  -1   66     -1.155      1.121      0.000
  69   69     -1.145      0.894      0.000
  71   -2     -1.144     -0.968      0.000
  -1   68     -1.144      1.161      0.000
  -1   71     -1.139     -0.105      0.000
  72   72     -1.136     -0.500      0.000
  73   70     -1.135     -1.008      0.000
  75   74     -1.101      1.149      0.000
  74   75     -1.099      0.614      0.000
  -1   73     -1.094     -1.176      0.000
  76   76     -1.082     -0.149      0.000
  77   77     -1.072     -0.011      0.000
  78   80     -1.071     -0.054      0.000
  79   79     -1.070     -0.827      0.000
  81   -2     -1.064     -1.138      0.000
  80   -2     -1.059      0.497      0.000
  84   78     -1.057      0.339      0.000
  82   82     -1.057     -0.233      0.000
  83   86     -1.057      0.265      0.000
  -1   90     -1.056     -1.003      0.000
  85   83     -1.047      0.980      0.000
  86   -2     -1.042     -1.067      0.000
  87   84     -1.039      0.437      0.000
  -1   87     -1.030      0.408      0.000
  -1   88     -1.021      0.722      0.000
  89   -2     -1.013     -1.167      0.000
  88   89     -1.012     -0.058      0.000
  -1   -2     -1.008     -0.232      0.000
  91   -2     -1.006     -0.961      0.000
  90   91     -1.005      0.038      0.000
  93   92     -1.001      1.094      0.000
  92   93     -0.998     -0.470      0.000
  94   94     -0.995      0.389      0.000
  95   96     -0.977      0.140      0.000
  96   97     -0.965     -0.512      0.000
  97   98     -0.963      0.750      0.000
  -1   99     -0.957     -0.833      0.000
  -1  100     -0.956     -0.649      0.000
  -1  104     -0.952      0.572      0.000
 100  103     -0.951     -0.146      0.000
  -1  102     -0.950     -1.020      0.000
 101   95     -0.942     -1.164      0.000
  98   -2     -0.933     -1.083      0.000
 102  106     -0.927     -0.099      0.000
 104  107     -0.918     -0.730      0.000
 103  109     -0.917     -0.451      0.000
 106  108     -0.917     -0.786      0.000
  -1   -2     -0.912      0.218      0.000
 107  112     -0.910     -1.017      0.000
 109  114     -0.902      1.123      0.000
 110  115     -0.899     -1.090      0.000
 111   -2     -0.886     -0.989      0.000
 112  118     -0.864      0.880      0.000
 113  116     -0.860     -1.171      0.000
 115  121     -0.840     -0.769      0.000
 117  122     -0.835      0.987      0.000
 116  125     -0.833     -0.286      0.000
 118  129     -0.824      0.049      0.000
 114   -2     -0.824      0.829      0.000
 121  127     -0.822      1.095      0.000
 119  128     -0.820     -0.540      0.000
 120  123     -0.819      0.694      0.000
  -1  131     -0.817     -0.916      0.000
 123  132     -0.806     -0.253      0.000
 125  133     -0.795      0.321      0.000
 124   -2     -0.794     -0.975      0.000
  -1  147     -0.792     -1.019      0.000
  -1  134     -0.789      0.839      0.000
 126   -2     -0.781      0.247      0.000
 141   -2     -0.781      0.952      0.000
 129  137     -0.776     -0.397      0.000
 130  138     -0.773     -0.670      0.000
 133  139     -0.755     -0.941      0.000
 132  141     -0.753     -0.512      0.000
 131  143     -0.752     -0.203      0.000
 134  140     -0.752     -1.163      0.000
 135  145     -0.745      0.434      0.000
 136  144     -0.745     -0.471      0.000
  -1  149     -0.742     -1.046      0.000
 138  146     -0.733      0.080      0.000
 139  148     -0.732      0.489      0.000
 142   -2     -0.730     -0.966      0.000
 140  150     -0.729      0.173      0.000
 143  151     -0.711      1.014      0.000
 145  152     -0.709     -1.014      0.000
 144  154     -0.706     -0.252      0.000
  -1  155     -0.703      0.826      0.000
 146  156     -0.702     -0.030      0.000
 149  157     -0.694     -0.725      0.000
 148  158     -0.694     -0.459      0.000
 150  159     -0.690      0.603      0.000
 152   -2     -0.686     -1.175      0.000
 137  170     -0.682     -1.055      0.000
 153  162     -0.675     -0.098      0.000
 155  164     -0.653     -0.719      0.000
 158  165     -0.643      1.074      0.000
 157  166     -0.643     -0.234      0.000
 168  161     -0.642     -1.160      0.000
 160  167     -0.632      0.391      0.000
 162  168     -0.620     -0.963      0.000
 165   -2     -0.607     -1.039      0.000
 163  171     -0.603      0.276      0.000
 166  172     -0.601      0.959      0.000
 167  174     -0.591     -0.141      0.000
 169  175     -0.581     -0.593      0.000
  -1  176     -0.576      0.437      0.000
 170   -2     -0.575     -0.932      0.000
 171  179     -0.558     -0.224      0.000
 172  178     -0.558      0.854      0.000
 173  181     -0.549     -0.193      0.000
 174  183     -0.539      0.636      0.000
 178  180     -0.536     -1.171      0.000
  -1  185     -0.536      0.772      0.000
 175  184     -0.533      1.068      0.000
 176  186     -0.528     -0.671      0.000
 179  187     -0.518     -0.502      0.000
 180  188     -0.508      0.608      0.000
  -1  204     -0.497     -0.337      0.000
 183  190     -0.487     -0.723      0.000
 182  191     -0.486      0.257      0.000
 184  192     -0.484     -0.552      0.000
 186  182     -0.467     -1.112      0.000
 185  193     -0.467     -0.832      0.000
  -1  194     -0.464      0.433      0.000
  -1  195     -0.457     -0.613      0.000
 191   -2     -0.442      0.908      0.000
 190  197     -0.442     -0.454      0.000
 192  196     -0.442      0.721      0.000
 188  198     -0.438     -0.134      0.000
 193  200     -0.427      1.055      0.000
 202  201     -0.421      0.823      0.000
  -1  202     -0.420      0.332      0.000
 198  203     -0.416      0.892      0.000
 196  212     -0.412     -1.158      0.000
 199  206     -0.408      0.645      0.000
 200  205     -0.408     -0.817      0.000
 201   -2     -0.404      0.112      0.000
 203  207     -0.388     -0.294      0.000
 205  210     -0.375     -0.597      0.000
 206  211     -0.360      0.621      0.000
 215   -2     -0.354      0.025      0.000
 207  213     -0.351      0.590      0.000
 208   -2     -0.350     -1.162      0.000
 209  214     -0.345     -0.761      0.000
  -1  208     -0.343      0.421      0.000
 210   -2     -0.340     -1.062      0.000
 211  215     -0.336     -0.521      0.000
 212  216     -0.332      1.062      0.000
 214  217     -0.318     -0.806      0.000
 213  218     -0.318      0.074      0.000
 216  219     -0.313      0.551      0.000
 217  223     -0.302     -0.190      0.000
 218  232     -0.279     -0.369      0.000
 219  222     -0.271     -0.879      0.000
  -1   -2     -0.259     -0.115      0.000
 222  221     -0.257     -1.172      0.000
  -1  224     -0.254     -0.608      0.000
 223  226     -0.246     -0.992      0.000
  -1  230     -0.245     -1.119      0.000
 224  227     -0.243      0.296      0.000
 226   -2     -0.238      1.154      0.000
 227  228     -0.235     -0.038      0.000
 225  229     -0.234      0.370      0.000
 220  239     -0.226     -1.096      0.000
 229   -2     -0.224     -0.474      0.000
 221  233     -0.216     -0.575      0.000
  -1  234     -0.213     -0.209      0.000
  -1  235     -0.213      0.254      0.000
 231  236     -0.210     -1.056      0.000
 232  237     -0.206      0.466      0.000
 233  238     -0.191      0.182      0.000
 234  240     -0.186     -0.092      0.000
 235   -2     -0.186     -1.067      0.000
  -1  241     -0.178      1.031      0.000
 237  242     -0.176     -0.978      0.000
  -1  243     -0.158     -0.209      0.000
 238  244     -0.156      0.267      0.000
 240  246     -0.152     -0.607      0.000
 241  245     -0.151     -0.788      0.000
 242   -2     -0.147      0.515      0.000
 243  248     -0.141     -0.439      0.000
 239  249     -0.135     -0.198      0.000
 246  250     -0.133      0.016      0.000
 248  252     -0.127      0.436      0.000
 249  254     -0.121      1.030      0.000
 252  255     -0.104     -0.273      0.000
 254  256     -0.096      0.873      0.000
  -1   -2     -0.088     -0.842      0.000
  -1  258     -0.081     -0.068      0.000
 255   -2     -0.080     -0.342      0.000
 258  257     -0.079     -1.103      0.000
 257  259     -0.078     -0.315      0.000
 250  276     -0.074     -1.168      0.000
 259  260     -0.071      0.979      0.000
 260  261     -0.064      0.235      0.000
 261  262     -0.054      0.417      0.000
 263  265     -0.047      0.054      0.000
 265  266     -0.043      0.277      0.000
 264   -2     -0.043      0.539      0.000
 266   -2     -0.035      0.935      0.000
  -1   -2     -0.032     -1.011      0.000
  -1   -2     -0.032     -0.127      0.000
  -1   -2     -0.025     -1.071      0.000
 267  267     -0.017      0.905      0.000
 270  268     -0.010      0.420      0.000
 271  269     -0.010      0.253      0.000
 268   -2     -0.007      0.632      0.000
 272  271     -0.006      0.721      0.000
 274  272     -0.003     -0.029      0.000
 275  273      0.002      0.114      0.000
  -1  275      0.011     -0.960      0.000
  -1   -2      0.030     -1.119      0.000
 276  278      0.035      0.472      0.000
 269   -2      0.036     -1.165      0.000
 277  263      0.037      1.112      0.000
  -1   -2      0.048     -1.006      0.000
 278  280      0.050      0.658      0.000
 281  282      0.057     -0.810      0.000
 280  283      0.058     -0.660      0.000
 290  284      0.058      0.885      0.000
  -1   -2      0.059     -0.311      0.000
 279  288      0.061      0.110      0.000
  -1  279      0.063     -0.982      0.000
 284  287      0.067     -0.015      0.000
 285   -2      0.080     -1.164      0.000
 286  289      0.081      0.329      0.000
 287   -2      0.092     -0.658      0.000
 288  290      0.097     -0.164      0.000
 289  291      0.102      0.300      0.000
  -1  292      0.104     -1.039      0.000
  -1  293      0.127     -0.310      0.000
  -1  286      0.131      1.119      0.000
 292  294      0.133     -0.396      0.000
 293  295      0.135     -1.118      0.000
  -1   -2      0.138     -0.779      0.000
 294  296      0.142      0.614      0.000
 300  297      0.144     -0.458      0.000
 296  299      0.147     -0.959      0.000
 295   -2      0.149     -1.178      0.000
 298  300      0.171      0.770      0.000
 299  301      0.175      0.271      0.000
  -1   -2      0.185     -0.928      0.000
 291  315      0.194     -0.295      0.000
 302  305      0.202     -1.146      0.000
 304  306      0.214     -0.753      0.000
 307  308      0.218      0.968      0.000
 311   -2      0.219     -0.964      0.000
 325  298      0.222     -1.166      0.000
 305  309      0.224      0.042      0.000
  -1  303      0.225     -0.378      0.000
 308   -2      0.228      0.799      0.000
 309  310      0.229     -0.635      0.000
  -1  307      0.229     -1.008      0.000
  -1  317      0.233      0.709      0.000
 312  311      0.236      0.406      0.000
  -1  312      0.250      0.955      0.000
  -1   -2      0.251      0.330      0.000
 313  313      0.252     -0.082      0.000
 315  314      0.272     -1.117      0.000
 316   -2      0.278     -0.237      0.000
 317   -2      0.288      1.131      0.000
 318   -2      0.292      0.715      0.000
 319  318      0.294     -0.615      0.000
 320  319      0.301      0.904      0.000
 321   -2      0.306     -0.767      0.000
  -1  316      0.308     -1.171      0.000
 322  320      0.309      0.837      0.000
  -1   -2      0.313     -0.899      0.000
 326   -2      0.315      0.579      0.000
 324  321      0.316      0.188      0.000
  -1   -2      0.344     -1.101      0.000
  -1   -2      0.356      0.335      0.000
  -1   -2      0.357      0.425      0.000
 328  322      0.358     -0.951      0.000
 329  323      0.363     -0.122      0.000
 330  324      0.366      1.038      0.000
 331  325      0.369      0.057      0.000
 332  326      0.374     -1.016      0.000
 334   -2      0.393      0.255      0.000
  -1  327      0.396     -1.175      0.000
 335  328      0.400     -0.606      0.000
 336  331      0.404      0.810      0.000
 337  332      0.406     -0.280      0.000
 338  333      0.418     -0.904      0.000
 339  334      0.425      0.862      0.000
 341  335      0.434     -1.158      0.000
 340  336      0.441     -0.690      0.000
 342  337      0.450     -0.296      0.000
  -1  349      0.451      0.051      0.000
 344  339      0.470     -0.503      0.000
 345  341      0.475      1.140      0.000
 346  340      0.475      0.221      0.000
 347  342      0.478      0.963      0.000
  -1  344      0.479     -0.922      0.000
  -1  343      0.480     -1.120      0.000
 350  345      0.487      0.130      0.000
  -1  346      0.487      0.667      0.000
  -1  348      0.492     -1.152      0.000
 352   -2      0.496     -0.457      0.000
 354  356      0.520     -0.780      0.000
 355   -2      0.523      0.007      0.000
 356  351      0.529     -0.632      0.000
 359  347      0.532     -0.319      0.000
 358  354      0.546      1.064      0.000
  -1   -2      0.547     -0.102      0.000
 360  355      0.561     -0.489      0.000
 361   -2      0.563     -0.755      0.000
 362  357      0.568      0.559      0.000
  -1   -2      0.571      0.019      0.000
  -1  353      0.572     -1.131      0.000
 366   -2      0.574      1.168      0.000
 365  360      0.577      0.238      0.000
 368  362      0.577     -0.261      0.000
 376   -2      0.577     -0.808      0.000
 364  359      0.578      0.408      0.000
 367   -2      0.580      0.164      0.000
 370  364      0.595     -0.019      0.000
 372   -2      0.602      0.511      0.000
  -1   -2      0.609      1.150      0.000
 374  365      0.617      0.578      0.000
 375  366      0.618     -0.461      0.000
  -1  367      0.619     -0.860      0.000
 373  373      0.619     -1.171      0.000
 371  368      0.620     -1.006      0.000
 378  372      0.628      1.066      0.000
 379   -2      0.631      1.118      0.000
 381  375      0.654     -0.629      0.000
 382  376      0.655      0.822      0.000
 383   -2      0.659      0.541      0.000
 384  377      0.667     -0.727      0.000
 385  378      0.671      0.705      0.000
  -1  369      0.672      0.289      0.000
 386  379      0.684     -0.930      0.000
 387   -2      0.687     -0.536      0.000
 388  381      0.700     -0.034      0.000
 389  382      0.704     -1.170      0.000
 391  385      0.722      0.632      0.000
 392  388      0.726     -0.999      0.000
 393  389      0.732      0.398      0.000
 394  390      0.736     -0.776      0.000
 395   -2      0.738     -0.346      0.000
 403  391      0.748      0.989      0.000
 398  392      0.749     -0.409      0.000
 400  394      0.753      0.749      0.000
 390  398      0.754     -1.053      0.000
 401  397      0.772      0.677      0.000
 402  396      0.774     -0.629      0.000
 404   -2      0.775     -0.138      0.000
 405  400      0.786     -0.232      0.000
 406  401      0.791     -0.976      0.000
 408  403      0.792      0.897      0.000
 410  404      0.799      0.375      0.000
 407   -2      0.802      0.995      0.000
 411  406      0.822     -1.102      0.000
 412  407      0.827     -0.774      0.000
 413  409      0.828     -0.596      0.000
 414  408      0.830     -0.339      0.000
 415  410      0.839     -1.043      0.000
 416  411      0.841     -1.083      0.000
 422   -2      0.849     -0.020      0.000
 417   -2      0.853     -0.848      0.000
  -1  412      0.867     -0.898      0.000
 421  413      0.875     -1.152      0.000
  -1   -2      0.876      0.090      0.000
 419  415      0.878      1.078      0.000
 420  416      0.884     -0.776      0.000
 424  417      0.899      0.195      0.000
 428   -2      0.924     -1.092      0.000
  -1   -2      0.926     -0.146      0.000
  -1  420      0.929     -0.878      0.000
 427  421      0.932     -0.607      0.000
 429  422      0.945      0.525      0.000
  -1  423      0.950     -0.814      0.000
 431  425      0.951      1.053      0.000
 434  426      0.953      0.940      0.000
 433  424      0.954      0.767      0.000
 435  427      0.957      0.310      0.000
 437  428      0.959      0.267      0.000
 432  429      0.961      0.982      0.000
 430  430      0.963     -0.889      0.000
 438  432      0.992     -0.065      0.000
 439  433      0.997     -0.472      0.000
 440  434      1.003     -0.565      0.000
 441  435      1.012     -0.285      0.000
 442  436      1.023      0.051      0.000
  -1   -2      1.035      0.530      0.000
 443   -2      1.036     -0.180      0.000
 445  438      1.043      0.669      0.000
  -1  437      1.053     -0.226      0.000
  -1  440      1.056     -0.353      0.000
 448  439      1.057      0.616      0.000
 449  441      1.063      0.567      0.000
 450  442      1.065      0.115      0.000
 451  443      1.075     -0.122      0.000
 453  445      1.080      0.183      0.000
 452  447      1.081     -0.650      0.000
  -1   -2      1.086      0.076      0.000
 454  448      1.091      0.360      0.000
  -1  449      1.095     -0.298      0.000
 456  450      1.103     -1.065      0.000
  -1  452      1.117     -0.201      0.000
 458  454      1.125     -1.173      0.000
 459  453      1.127      0.184      0.000
  -1  455      1.132     -0.020      0.000
 460  456      1.141     -0.736      0.000
  -1  457      1.144     -0.297      0.000
 462  460      1.152      0.471      0.000
 464  463      1.161     -0.974      0.000
 473  444      1.163      0.715      0.000
 465  464      1.168     -0.885      0.000
 466  465      1.172      0.405      0.000
 467  467      1.179     -0.087      0.000
 463  469      1.185      1.010      0.000
 469  470      1.191      0.803      0.000
 470  471      1.198      0.632      0.000
  -1   -2      1.205     -0.737      0.000
 471  472      1.216     -0.658      0.000
 472   -2      1.217      0.318      0.000
 475  473      1.224     -0.063      0.000
 474  474      1.226     -1.055      0.000
 461   -2      1.231     -0.457      0.000
 477  480      1.254     -1.167      0.000
 480  477      1.266     -1.004      0.000
 481  476      1.271      0.049      0.000
 479  475      1.274      0.229      0.000
  -1   -2      1.276      0.126      0.000
 482  478      1.283     -0.626      0.000
 483  479      1.286      0.887      0.000
  -1   -2      1.294     -0.986      0.000
 485  486      1.302     -1.123      0.000
 486  485      1.302     -0.487      0.000
  -1  484      1.306     -0.343      0.000
 478  487      1.311      1.034      0.000
  -1  492      1.311     -0.758      0.000
 488   -2      1.315     -1.176      0.000
 489   -2      1.316     -0.040      0.000
  -1  488      1.320     -0.967      0.000
 490  489      1.326     -0.653      0.000
 491  491      1.358     -0.637      0.000
 493   -2      1.361     -0.729      0.000
 492   -2      1.362      0.987      0.000
 494  490      1.363      0.251      0.000
  -1  493      1.371     -1.111      0.000
 495  494      1.375     -0.899      0.000
 496  495      1.392     -1.171      0.000
 498  499      1.398      0.274      0.000
  -1   -2      1.405     -0.070      0.000
 497  500      1.414     -1.129      0.000
 501  502      1.431      0.414      0.000
  -1  501      1.447     -0.227      0.000
 503  504      1.457     -0.644      0.000
 504  505      1.463     -0.502      0.000
 505  506      1.469     -0.573      0.000
 507   -2      1.474      0.005      0.000
 506  507      1.474     -0.386      0.000
 508   -2      1.475      0.475      0.000
  -1   -2      1.482     -0.355      0.000
 509  508      1.497     -0.958      0.000
  -1   -2      1.500     -0.923      0.000
  -1   -2      1.501     -1.130      0.000
 510  509      1.502      0.156      0.000
 511  510      1.509     -0.314      0.000
 513  512      1.529      0.682      0.000
 515  513      1.541      0.243      0.000
 514  514      1.541     -1.175      0.000
  -1   -2      1.541     -1.063      0.000
  -1  515      1.548     -0.678      0.000
 517  516      1.555      0.608      0.000
 519  519      1.564     -0.343      0.000
 512   -2      1.566     -1.136      0.000
  -1   -2      1.567     -0.833      0.000
 521  520      1.571      0.965      0.000
  -1   -2      1.575     -1.035      0.000
  -1  521      1.576     -0.143      0.000
