543
   0    0     -1.568     -0.446      0.000
   1    1     -1.564      0.454      0.000
   2    2     -1.562      0.862      0.000
  -1   -2     -1.555      0.650      0.000
   3    3     -1.551     -0.981      0.000
  -1   -2     -1.548      0.162      0.000
   4    6     -1.540      0.373      0.000
  -1    5     -1.534     -0.627      0.000
  -1    4     -1.522      0.694      0.000
  -1   -2     -1.522     -1.169      0.000
   6    8     -1.521      0.054      0.000
   7   10     -1.513     -0.504      0.000
  -1   -2     -1.506     -0.980      0.000
  -1   25     -1.502     -0.703      0.000
  10   11     -1.487      0.902      0.000
  11   12     -1.485     -0.040      0.000
   9   13     -1.483      0.012      0.000
  12   14     -1.482      0.204      0.000
  13   16     -1.478      0.817      0.000
  14   15     -1.475     -0.543      0.000
  15   -2     -1.469      0.774      0.000
  16   -2     -1.468     -1.123      0.000
  17   18     -1.464     -0.801      0.000
  18   19     -1.460      0.950      0.000
  22   -2     -1.420     -1.146      0.000
  21   23     -1.420      0.693      0.000
  -1   22     -1.417     -0.908      0.000
  24   28     -1.414      0.860      0.000
  -1   -2     -1.412      0.008      0.000
  20   -2     -1.410     -0.034      0.000
  25   24     -1.408     -0.462      0.000
  -1   26     -1.403      0.275      0.000
  -1   -2     -1.393      0.631      0.000
  26   29     -1.382     -0.184      0.000
  -1   21     -1.370     -1.170      0.000
  -1   33     -1.361      0.920      0.000
  -1   27     -1.359     -0.569      0.000
  -1   -2     -1.350     -0.764      0.000
  31   -2     -1.348      0.037      0.000
  27   36     -1.339     -1.039      0.000
  28   31     -1.333      1.093      0.000
  30   32     -1.326      0.480      0.000
  32   34     -1.314     -0.665      0.000
  -1   35     -1.312      1.013      0.000
  42   30     -1.304     -1.077      0.000
  35   37     -1.297     -0.777      0.000
  34   39     -1.296     -0.147      0.000
  36   40     -1.292      0.746      0.000
  -1   -2     -1.284     -0.085      0.000
  40   42     -1.276     -0.438      0.000
  37   -2     -1.275     -0.984      0.000
  41   43     -1.274      0.846      0.000
  44   44     -1.270      0.463      0.000
  46   45     -1.262      0.965      0.000
  62   -2     -1.261      1.076      0.000
  -1   46     -1.249     -1.009      0.000
  47   48     -1.240      0.750      0.000
  -1   47     -1.240     -0.519      0.000
  48   49     -1.238     -0.350      0.000
  49   52     -1.236      0.548      0.000
  51   50     -1.236     -0.775      0.000
  52   51     -1.235      1.139      0.000
  53   54     -1.231     -0.202      0.000
  55   53     -1.230     -0.455      0.000
  54   55     -1.230      0.445      0.000
  -1   56     -1.223     -0.676      0.000
  38   74     -1.214     -1.172      0.000
  57   57     -1.207     -0.984      0.000
  -1   58     -1.206     -0.920      0.000
  56   60     -1.203      0.382      0.000
  59   -2     -1.202      0.788      0.000
  58   61     -1.200     -0.220      0.000
  61   62     -1.196     -0.262      0.000
  63   -2     -1.194     -1.143      0.000
  65   64     -1.186     -0.571      0.000
  -1   -2     -1.181      0.485      0.000
  64   -2     -1.178      0.605      0.000
  -1   -2     -1.163      0.533      0.000
  66   66     -1.156      1.117      0.000
  67   69     -1.150      0.334      0.000
  68   67     -1.147      1.158      0.000
  -1   68     -1.144     -0.965      0.000
  69   70     -1.143      0.892      0.000
  70   71     -1.137     -1.003      0.000
  71   -2     -1.130     -0.105      0.000
  72   72     -1.129     -0.497      0.000
  74   73     -1.101      1.144      0.000
  73   -2     -1.101     -1.174      0.000
  75   75     -1.095      0.613      0.000
  76   77     -1.073     -0.147      0.000
  80   -2     -1.073     -0.072      0.000
  79   76     -1.070     -0.822      0.000
  95   59     -1.067     -1.136      0.000
  77   81     -1.064     -0.010      0.000
  -1   78     -1.049     -1.097      0.000
  -1   -2     -1.049      0.494      0.000
  82   83     -1.049     -0.229      0.000
  83   84     -1.045      0.979      0.000
  78   88     -1.034      0.329      0.000
  -1   -2     -1.030      0.792      0.000
  85   87     -1.028     -0.028      0.000
  87   90     -1.020      0.407      0.000
  -1   82     -1.012     -1.018      0.000
  -1   92     -1.007     -0.958      0.000
  89   94     -1.002     -0.057      0.000
  92   93     -1.001      1.093      0.000
  91   96     -0.996      0.039      0.000
  93   95     -0.994     -0.468      0.000
  96   99     -0.968      0.140      0.000
  -1  100     -0.963      0.938      0.000
 116   89     -0.959     -1.168      0.000
  98  106     -0.958      0.750      0.000
 101  102     -0.954     -0.975      0.000
 100  103     -0.953     -0.647      0.000
 102   -2     -0.950     -1.019      0.000
 103  107     -0.943     -0.146      0.000
 104   91     -0.940      0.618      0.000
 105  108     -0.933     -1.081      0.000
  90   -2     -0.931     -0.947      0.000
 106  112     -0.919     -0.098      0.000
 107  110     -0.917     -0.728      0.000
 108  111     -0.914     -0.783      0.000
 109  114     -0.912     -0.450      0.000
 112  113     -0.911     -1.014      0.000
 110  115     -0.908      0.066      0.000
 113   -2     -0.903     -0.347      0.000
 114  116     -0.903      1.122      0.000
 124  104     -0.902     -1.084      0.000
  -1   -2     -0.900      0.218      0.000
 111  118     -0.900      0.816      0.000
 118  120     -0.861      0.880      0.000
 120  121     -0.840      1.053      0.000
 121  122     -0.837     -0.766      0.000
 122  123     -0.833      0.987      0.000
 125  127     -0.826     -0.285      0.000
 127  128     -0.822      1.095      0.000
 128  129     -0.816     -0.539      0.000
 129  133     -0.813      0.049      0.000
  -1  132     -0.809     -0.933      0.000
 132  135     -0.797     -0.253      0.000
 131  143     -0.795     -0.975      0.000
 126   -2     -0.783      0.842      0.000
  -1   -2     -0.779     -0.542      0.000
 136  137     -0.779      0.954      0.000
 133   -2     -0.773      0.247      0.000
 138  138     -0.772     -0.670      0.000
 137  140     -0.769     -0.400      0.000
 139  141     -0.755     -0.941      0.000
 141  144     -0.749     -0.510      0.000
 143  145     -0.742     -0.205      0.000
 144  146     -0.739     -0.471      0.000
 145  147     -0.737      0.435      0.000
  -1  148     -0.730     -0.966      0.000
  -1  149     -0.730      0.961      0.000
 149  150     -0.726     -1.080      0.000
 146  151     -0.725      0.080      0.000
 130  180     -0.723      0.490      0.000
 150  152     -0.720      0.174      0.000
 151  153     -0.711      1.017      0.000
 152   -2     -0.709     -1.013      0.000
 153  155     -0.702      0.802      0.000
 154  157     -0.700     -0.253      0.000
 155  156     -0.698      0.837      0.000
 156  159     -0.693     -0.030      0.000
 157  158     -0.691     -0.727      0.000
 158  161     -0.687     -0.460      0.000
 161  160     -0.687     -1.175      0.000
 159  163     -0.684      0.607      0.000
 147   -2     -0.668     -0.873      0.000
 162  165     -0.667     -0.098      0.000
 164  166     -0.651     -0.720      0.000
  -1  167     -0.649      1.038      0.000
 165  168     -0.644      1.079      0.000
  -1  169     -0.640     -1.160      0.000
 166  170     -0.635     -0.234      0.000
 167  172     -0.625      0.394      0.000
 168  171     -0.620     -0.965      0.000
 169  173     -0.613      1.171      0.000
 182  154     -0.608     -1.041      0.000
 171  176     -0.597      0.280      0.000
 172  175     -0.597      0.963      0.000
 173  178     -0.583     -0.049      0.000
  -1  177     -0.580      1.148      0.000
 174   -2     -0.579     -0.138      0.000
 175  179     -0.578     -0.595      0.000
 176   -2     -0.570      0.440      0.000
  -1  181     -0.568     -0.914      0.000
 178  183     -0.556      0.859      0.000
 180  182     -0.556     -1.170      0.000
 177   -2     -0.550     -0.224      0.000
  -1  184     -0.549      1.126      0.000
 181  186     -0.544     -0.193      0.000
 189   -2     -0.544      0.535      0.000
  -1  185     -0.542     -0.423      0.000
 183  188     -0.534      0.638      0.000
 184  187     -0.532      1.071      0.000
 185  189     -0.528      0.775      0.000
 186   -2     -0.524     -0.675      0.000
 187  190     -0.514     -0.504      0.000
  -1   -2     -0.512      0.432      0.000
 188  191     -0.501      0.611      0.000
 190  192     -0.485     -0.725      0.000
 192  193     -0.479     -0.553      0.000
 191  194     -0.472      0.252      0.000
 193  195     -0.466     -0.835      0.000
 194   -2     -0.457      0.438      0.000
 210   -2     -0.450     -0.620      0.000
 196  199     -0.438      0.725      0.000
 197  200     -0.437     -0.456      0.000
  -1   -2     -0.436      0.914      0.000
 198  201     -0.435     -0.133      0.000
  -1   -2     -0.435     -1.168      0.000
 200  203     -0.427      1.061      0.000
 201  205     -0.416      0.827      0.000
 209  196     -0.414      0.334      0.000
 203  206     -0.412      0.898      0.000
 205  209     -0.406     -0.822      0.000
 206  210     -0.405      0.649      0.000
  -1   -2     -0.395      0.113      0.000
 207  211     -0.381     -0.296      0.000
 221  204     -0.360     -1.166      0.000
 211  214     -0.355      0.628      0.000
 213  216     -0.348      0.596      0.000
  -1  217     -0.347      0.025      0.000
  -1  215     -0.346     -1.073      0.000
  -1   -2     -0.346      0.179      0.000
 214  218     -0.342     -0.767      0.000
 216  220     -0.331      1.069      0.000
 215  221     -0.331     -0.524      0.000
 217  222     -0.317     -0.810      0.000
  -1   -2     -0.313     -0.074      0.000
 218   -2     -0.311      0.074      0.000
 219  223     -0.306      0.556      0.000
  -1  213     -0.290     -0.688      0.000
  -1   -2     -0.288     -0.177      0.000
 222  225     -0.270     -0.885      0.000
 231  212     -0.267     -1.171      0.000
  -1  227     -0.260     -0.115      0.000
 226  229     -0.246     -0.999      0.000
 227  230     -0.237      0.300      0.000
  -1   -2     -0.237      1.164      0.000
 228  232     -0.229     -0.038      0.000
 229  231     -0.228      0.373      0.000
  -1  233     -0.223     -1.098      0.000
 224  234     -0.217     -0.579      0.000
  -1  235     -0.212     -0.483      0.000
 234  236     -0.210     -0.210      0.000
 235  237     -0.209      0.256      0.000
 237  238     -0.200      0.473      0.000
 230   -2     -0.186     -1.070      0.000
 238  240     -0.186      0.183      0.000
 240   -2     -0.180     -0.094      0.000
 241  243     -0.178      1.040      0.000
 242  244     -0.178     -0.982      0.000
 250  242     -0.168     -0.064      0.000
  -1  246     -0.154      0.385      0.000
 243  245     -0.152     -0.211      0.000
 244  248     -0.152      0.270      0.000
 245  247     -0.150     -0.796      0.000
 248  250     -0.136     -0.446      0.000
 251  251     -0.129     -1.129      0.000
  -1  254     -0.126     -1.173      0.000
 252  253     -0.123      0.440      0.000
 253   -2     -0.121      0.853      0.000
 254  252     -0.121      1.041      0.000
  -1   -2     -0.102     -0.901      0.000
 255   -2     -0.097     -0.280      0.000
 256  256     -0.094      0.883      0.000
  -1  255     -0.087     -0.850      0.000
 257  257     -0.079     -1.112      0.000
 259   -2     -0.076     -0.319      0.000
 258   -2     -0.073     -0.072      0.000
 260  258     -0.070      0.988      0.000
  -1  259     -0.067      1.107      0.000
 261   -2     -0.061      0.238      0.000
 262   -2     -0.052      0.423      0.000
 265  260     -0.043      0.053      0.000
  -1  261     -0.039      0.543      0.000
 266  262     -0.035      0.279      0.000
 267  263     -0.035      0.944      0.000
 286   -2     -0.017      0.913      0.000
 268   -2     -0.008      0.425      0.000
 269  266     -0.005      0.254      0.000
  -1  264     -0.004     -1.168      0.000
 270  268     -0.004     -0.008      0.000
 271  267     -0.004      0.731      0.000
 273  275      0.000      0.115      0.000
 272   -2      0.001     -0.032      0.000
 264   -2      0.004     -1.027      0.000
 278  272      0.037      0.478      0.000
  -1  271      0.037      1.122      0.000
 280  274      0.051      0.666      0.000
  -1  273      0.053     -1.118      0.000
 281   -2      0.054      0.127      0.000
 277  278      0.056     -0.668      0.000
 282  276      0.057     -0.820      0.000
  -1  286      0.065      1.009      0.000
 287  279      0.069     -0.017      0.000
 288  280      0.069      0.097      0.000
  -1  281      0.070     -0.494      0.000
 289  277      0.083      0.336      0.000
  -1   -2      0.090      0.461      0.000
 284   -2      0.094      0.864      0.000
 290  283      0.097     -0.166      0.000
 298   -2      0.102     -1.154      0.000
 292  285      0.104     -1.048      0.000
  -1  287      0.115     -0.129      0.000
 294  288      0.128     -0.401      0.000
 293  289      0.130     -0.317      0.000
 296  290      0.141      0.622      0.000
 297   -2      0.143     -0.462      0.000
 299   -2      0.147     -0.956      0.000
  -1  296      0.149      0.498      0.000
 303   -2      0.160     -0.270      0.000
 300  293      0.169      0.780      0.000
 301  294      0.175      0.274      0.000
 302  295      0.182     -0.484      0.000
 307  291      0.185     -0.939      0.000
  -1  298      0.195     -0.301      0.000
  -1  300      0.211     -0.968      0.000
 306  299      0.211     -0.760      0.000
 308  302      0.217      0.979      0.000
 309  301      0.223      0.041      0.000
 310  304      0.229     -0.643      0.000
  -1  305      0.231      0.717      0.000
 311  306      0.235      0.411      0.000
 313  309      0.250     -0.085      0.000
 316  307      0.259     -1.166      0.000
  -1  312      0.271     -0.455      0.000
 314  313      0.273     -1.125      0.000
  -1  314      0.278     -0.242      0.000
  -1  316      0.290      0.722      0.000
 318  317      0.293     -0.620      0.000
 319  318      0.299      0.914      0.000
  -1   -2      0.302      1.061      0.000
 320  319      0.309      0.847      0.000
  -1   -2      0.315      0.584      0.000
 321  320      0.315      0.190      0.000
  -1  321      0.322      0.532      0.000
  -1  322      0.345     -1.107      0.000
 315   -2      0.349     -0.217      0.000
  -1  324      0.350     -0.254      0.000
 322  325      0.358     -0.960      0.000
 323  323      0.360     -0.124      0.000
 324  315      0.365      1.048      0.000
 325  327      0.367      0.057      0.000
 326  329      0.375     -1.023      0.000
 317  346      0.377      0.772      0.000
 329  330      0.398      0.150      0.000
 328  331      0.399     -0.612      0.000
 331  334      0.402      0.819      0.000
 332  332      0.403     -0.284      0.000
 333  333      0.418     -0.910      0.000
 335  335      0.439     -1.166      0.000
 330  344      0.441     -0.697      0.000
 337  338      0.447     -0.292      0.000
 339  339      0.467     -0.509      0.000
 340  340      0.472      0.225      0.000
 341  341      0.475      1.147      0.000
 342  342      0.476      0.970      0.000
 344   -2      0.479     -0.929      0.000
 345  345      0.484      0.131      0.000
 346   -2      0.489      0.673      0.000
  -1  350      0.495     -0.458      0.000
  -1  349      0.496      0.405      0.000
  -1  353      0.521      0.008      0.000
  -1  359      0.525      0.530      0.000
 351  355      0.527     -0.637      0.000
 352  354      0.527     -0.323      0.000
 348  372      0.536     -1.113      0.000
 355  357      0.555     -0.494      0.000
  -1  358      0.562     -0.762      0.000
 357   -2      0.563      0.567      0.000
  -1   -2      0.566      0.020      0.000
 358  360      0.569      0.465      0.000
  -1  347      0.571     -1.133      0.000
 362  361      0.573     -0.261      0.000
 360  362      0.574      0.240      0.000
 361  363      0.576     -0.813      0.000
 369   -2      0.580      0.167      0.000
 354   -2      0.585      1.069      0.000
 363  365      0.587      0.694      0.000
 364  366      0.589     -0.019      0.000
  -1  367      0.592     -0.988      0.000
 365  368      0.612      0.584      0.000
 366  370      0.617     -0.464      0.000
  -1  369      0.617      0.240      0.000
 367  371      0.619     -0.863      0.000
 356  393      0.624     -0.768      0.000
  -1   -2      0.625     -1.069      0.000
 372  373      0.626      1.073      0.000
 368   -2      0.626     -1.019      0.000
  -1   -2      0.627      1.129      0.000
 373   -2      0.629     -1.170      0.000
 376  374      0.651      0.829      0.000
 375  375      0.652     -0.632      0.000
  -1  376      0.654      0.656      0.000
 377  379      0.664     -0.730      0.000
 378  378      0.666      0.712      0.000
 379  380      0.684     -0.933      0.000
 381  381      0.694     -0.034      0.000
 380  382      0.695      0.977      0.000
 382  387      0.697     -1.172      0.000
 384  383      0.705     -0.210      0.000
 383  385      0.708     -1.049      0.000
 396  377      0.711     -0.463      0.000
 385  386      0.716      0.638      0.000
 386  388      0.723      0.386      0.000
 387  390      0.725     -0.923      0.000
 389  389      0.728      0.416      0.000
 388  392      0.730     -1.001      0.000
 395   -2      0.732     -0.775      0.000
  -1  394      0.744     -0.391      0.000
 391  396      0.747      0.995      0.000
 392  395      0.747     -0.427      0.000
 394  397      0.749      0.756      0.000
 393   -2      0.754     -1.056      0.000
 397  399      0.767      0.683      0.000
  -1  400      0.769     -0.140      0.000
  -1  408      0.771     -1.008      0.000
 400  404      0.781     -0.232      0.000
  -1  405      0.786     -0.445      0.000
 403  406      0.789      0.903      0.000
 405   -2      0.790      1.078      0.000
 398   -2      0.790     -0.976      0.000
 404  407      0.791      0.380      0.000
  -1  409      0.799      1.003      0.000
 412  403      0.824     -0.776      0.000
 408   -2      0.824     -0.340      0.000
 409  414      0.825     -0.597      0.000
 413  398      0.826     -1.101      0.000
 410   -2      0.838     -1.044      0.000
  -1  416      0.853     -0.848      0.000
  -1   -2      0.859      0.904      0.000
  -1  411      0.867     -0.280      0.000
 431  410      0.873     -1.153      0.000
 415  419      0.877      1.083      0.000
 416  420      0.882     -0.776      0.000
 399  446      0.890      0.195      0.000
  -1  415      0.897     -1.006      0.000
  -1   -2      0.905      1.084      0.000
  -1  421      0.906      0.231      0.000
 420  422      0.925     -0.876      0.000
 421  424      0.929     -0.606      0.000
 422  425      0.938      0.528      0.000
  -1  432      0.946      1.003      0.000
 424  427      0.948      0.771      0.000
 423  428      0.948     -0.814      0.000
 425  430      0.949      1.057      0.000
 427  426      0.949      0.313      0.000
 426  431      0.950      0.944      0.000
 428  429      0.951      0.270      0.000
 430  433      0.961     -0.886      0.000
 429   -2      0.962      0.983      0.000
 432  434      0.985     -0.064      0.000
 419  460      0.993     -0.470      0.000
  -1   -2      0.997     -0.729      0.000
 434  438      0.999     -0.562      0.000
 435   -2      1.006     -0.283      0.000
 436  440      1.017      0.054      0.000
  -1  439      1.030     -0.309      0.000
 438  442      1.037      0.670      0.000
 439  444      1.050      0.617      0.000
  -1  447      1.056     -0.947      0.000
 441  445      1.056      0.570      0.000
 440   -2      1.057     -0.354      0.000
 442   -2      1.058      0.117      0.000
  -1  449      1.068      0.719      0.000
 446  450      1.069      0.445      0.000
 445  451      1.071      0.182      0.000
 437  462      1.071     -0.121      0.000
 447  455      1.081     -0.647      0.000
 448  454      1.082      0.362      0.000
 449  456      1.090     -0.293      0.000
 450  458      1.106     -1.060      0.000
 451   -2      1.112     -1.107      0.000
 452  459      1.112     -0.196      0.000
 453  461      1.120      0.186      0.000
 454  466      1.129     -1.172      0.000
 455   -2      1.132     -0.019      0.000
 457  464      1.139     -0.294      0.000
 456  465      1.140     -0.733      0.000
 458  468      1.144      1.002      0.000
 459  469      1.145     -0.394      0.000
 460  467      1.146      0.472      0.000
 461  470      1.154      0.929      0.000
 463  472      1.160     -0.967      0.000
 465  473      1.162      0.404      0.000
 464  474      1.167     -0.881      0.000
  -1   -2      1.169     -0.935      0.000
 467  475      1.173     -0.085      0.000
 469  477      1.184      1.010      0.000
 470  476      1.184      0.803      0.000
 471   -2      1.192      0.630      0.000
  -1  463      1.210      0.316      0.000
 483  471      1.211      0.686      0.000
 466  486      1.214     -0.655      0.000
 473  480      1.218     -0.060      0.000
 475  482      1.234      0.215      0.000
 476  484      1.265      0.051      0.000
  -1   -2      1.269      0.227      0.000
 479  485      1.281      0.886      0.000
 478   -2      1.281     -0.621      0.000
 481  487      1.287     -0.698      0.000
 485  488      1.295     -0.481      0.000
 486  489      1.302     -1.112      0.000
 487  490      1.308      1.033      0.000
 477   -2      1.322     -0.968      0.000
 489  491      1.325     -0.647      0.000
  -1   -2      1.334     -0.593      0.000
 480  507      1.352     -1.167      0.000
 490  493      1.354      0.245      0.000
 491  494      1.356     -0.629      0.000
 492  496      1.360     -0.722      0.000
 493  497      1.370     -1.104      0.000
 494   -2      1.376     -0.891      0.000
  -1  499      1.376      1.028      0.000
 496   -2      1.388      0.415      0.000
 499  501      1.390      0.275      0.000
  -1   -2      1.396     -0.614      0.000
 498  505      1.415      1.173      0.000
 500  504      1.416     -1.122      0.000
 502  506      1.422      0.412      0.000
  -1  503      1.447     -0.222      0.000
 503   -2      1.454     -1.172      0.000
 511  502      1.457     -0.634      0.000
 505  509      1.459     -0.493      0.000
 506  511      1.467     -0.564      0.000
 507  512      1.471     -0.378      0.000
  -1   -2      1.495      0.055      0.000
 508  516      1.496     -0.949      0.000
  -1   -2      1.497      0.126      0.000
 509  515      1.497      0.156      0.000
 510  518      1.510     -0.308      0.000
  -1   -2      1.527     -0.950      0.000
 513  521      1.536      0.242      0.000
 514  522      1.541     -1.174      0.000
 516  524      1.548      0.606      0.000
 519  527      1.561     -0.335      0.000
 518  526      1.561     -1.128      0.000
 520  528      1.567      0.959      0.000
 521  529      1.574     -0.140      0.000
  -1  519      1.575     -1.028      0.000
