529
  -1    0     -1.575      0.418      0.000
  -1    1     -1.574      0.946      0.000
  -1    3     -1.558      0.045      0.000
  -1   -2     -1.555     -0.649      0.000
  -1    6     -1.532     -1.064      0.000
  -1    7     -1.531     -0.582      0.000
  -1   -2     -1.529     -0.062      0.000
  -1   10     -1.528     -0.004      0.000
  -1    9     -1.528      0.220      0.000
  -1   11     -1.516     -0.867      0.000
  -1   -2     -1.507     -1.017      0.000
  -1   13     -1.495      0.893      0.000
  -1   15     -1.494      0.852      0.000
  -1   16     -1.493     -0.618      0.000
  -1    8     -1.484     -0.077      0.000
  -1   17     -1.484      0.547      0.000
  -1   18     -1.477     -0.002      0.000
  -1   -2     -1.475     -1.128      0.000
  -1   12     -1.466      1.027      0.000
  -1   -2     -1.459     -0.883      0.000
  -1   19     -1.458     -1.170      0.000
  -1   -2     -1.454      0.761      0.000
  -1   21     -1.438     -0.528      0.000
  -1   22     -1.436     -0.220      0.000
  -1   23     -1.436      0.692      0.000
  -1   -2     -1.431      0.931      0.000
  -1   -2     -1.431     -0.722      0.000
  -1   20     -1.421     -0.778      0.000
  -1   24     -1.395     -0.980      0.000
  -1   -2     -1.393      1.097      0.000
  -1   25     -1.386      0.527      0.000
  -1   -2     -1.383     -0.631      0.000
  -1   27     -1.359     -0.176      0.000
  -1   29     -1.359     -0.773      0.000
  -1   -2     -1.354     -0.108      0.000
  -1   28     -1.335      0.501      0.000
  -1   -2     -1.327     -0.729      0.000
  -1   31     -1.324      1.158      0.000
  -1   30     -1.324      0.803      0.000
  -1   32     -1.323      0.228      0.000
  -1   33     -1.318     -0.491      0.000
  -1   34     -1.309     -1.112      0.000
  -1   36     -1.299      0.477      0.000
  -1   35     -1.298     -0.841      0.000
  -1   38     -1.297     -0.231      0.000
  -1   37     -1.296      0.904      0.000
  -1   39     -1.296      0.589      0.000
  -1   40     -1.291     -0.392      0.000
  -1   41     -1.279      0.408      0.000
  -1   44     -1.276      0.802      0.000
  -1   -2     -1.273     -1.036      0.000
  -1   45     -1.272     -0.503      0.000
  -1   46     -1.265      1.024      0.000
  -1   43     -1.264     -1.155      0.000
  -1   48     -1.260     -0.296      0.000
  -1   49     -1.252     -1.050      0.000
  -1   -2     -1.239     -0.731      0.000
  -1   50     -1.238     -0.836      0.000
  -1   51     -1.236      0.690      0.000
  -1   52     -1.233     -1.132      0.000
  -1   53     -1.231      0.355      0.000
  -1   54     -1.225     -1.070      0.000
  -1   -2     -1.219     -0.564      0.000
  -1   56     -1.216     -0.619      0.000
  -1   58     -1.211     -0.120      0.000
  -1   55     -1.211     -0.521      0.000
  -1   -2     -1.199     -0.485      0.000
  -1   -2     -1.198      0.394      0.000
  -1   61     -1.186     -1.044      0.000
  -1   -2     -1.178      0.598      0.000
  -1   63     -1.172     -0.536      0.000
  -1   -2     -1.171      0.566      0.000
  -1   64     -1.164      0.932      0.000
  -1   66     -1.156      0.642      0.000
  -1   67     -1.155     -0.164      0.000
  -1   68     -1.153     -0.019      0.000
  -1   69     -1.149      0.364      0.000
  -1   70     -1.136      0.279      0.000
  -1   72     -1.127     -1.017      0.000
  -1   73     -1.126     -0.250      0.000
  -1   71     -1.125     -0.934      0.000
  -1   75     -1.118      0.335      0.000
  -1   74     -1.116     -1.060      0.000
  -1   77     -1.092     -0.066      0.000
  -1   78     -1.090      0.034      0.000
  -1   79     -1.076     -0.786      0.000
  -1   -2     -1.073     -0.866      0.000
  -1   80     -1.072      0.399      0.000
  -1   82     -1.065      0.142      0.000
  -1   83     -1.046     -0.492      0.000
  -1   84     -1.040     -1.171      0.000
  -1   85     -1.031     -0.155      0.000
  -1   -2     -1.024     -0.899      0.000
  -1   87     -1.012     -0.104      0.000
  -1   -2     -1.009      0.062      0.000
  -1   -2     -1.006     -0.528      0.000
  -1   90     -0.995      1.119      0.000
  -1   89     -0.995     -0.998      0.000
  -1   93     -0.983     -0.673      0.000
  -1   95     -0.971     -0.465      0.000
  -1   -2     -0.967     -0.048      0.000
  -1   97     -0.945     -0.981      0.000
  -1   98     -0.938     -0.749      0.000
  -1  100     -0.931     -0.808      0.000
  -1  103     -0.911      0.049      0.000
  -1  104     -0.905     -0.291      0.000
  -1  105     -0.897     -1.043      0.000
  -1  107     -0.895      1.134      0.000
  -1  108     -0.891      0.887      0.000
  -1  102     -0.887     -1.169      0.000
  -1   -2     -0.882      0.321      0.000
  -1  110     -0.879     -0.254      0.000
  -1  111     -0.877      0.748      0.000
  -1  109     -0.874     -1.116      0.000
  -1   -2     -0.872      0.774      0.000
  -1   -2     -0.872      0.691      0.000
  -1   -2     -0.868      0.245      0.000
  -1  112     -0.866     -0.547      0.000
  -1  113     -0.858     -0.783      0.000
  -1  114     -0.849      0.990      0.000
  -1  116     -0.848     -0.658      0.000
  -1  115     -0.847      1.056      0.000
  -1  127     -0.842     -0.831      0.000
  -1  119     -0.836     -0.401      0.000
  -1  121     -0.830     -0.203      0.000
  -1  123     -0.824      0.428      0.000
  -1  125     -0.824      0.079      0.000
  -1  122     -0.821      1.097      0.000
  -1  126     -0.818      0.171      0.000
  -1  144     -0.817     -0.999      0.000
  -1   -2     -0.812     -0.792      0.000
  -1  129     -0.806     -0.675      0.000
  -1  128     -0.805      0.949      0.000
  -1  133     -0.801      0.277      0.000
  -1  132     -0.800     -0.470      0.000
  -1  131     -0.800     -0.509      0.000
  -1  134     -0.789     -0.031      0.000
  -1   -2     -0.781     -1.030      0.000
  -1  135     -0.766     -1.163      0.000
  -1  137     -0.759     -0.096      0.000
  -1  140     -0.753      0.591      0.000
  -1  139     -0.752      0.950      0.000
  -1  141     -0.751     -0.452      0.000
  -1   -2     -0.743     -0.958      0.000
  -1  143     -0.741      0.809      0.000
  -1  145     -0.725      1.003      0.000
  -1  146     -0.722     -0.722      0.000
  -1  148     -0.719     -0.228      0.000
  -1  138     -0.718     -1.164      0.000
  -1  149     -0.713      0.379      0.000
  -1   -2     -0.703      0.710      0.000
  -1   -2     -0.702     -1.015      0.000
  -1  150     -0.692     -1.095      0.000
  -1  151     -0.690      0.270      0.000
  -1  152     -0.682     -0.710      0.000
  -1  153     -0.667     -0.131      0.000
  -1  154     -0.662     -1.174      0.000
  -1   -2     -0.654      0.420      0.000
  -1  156     -0.650      1.056      0.000
  -1  157     -0.642      1.157      0.000
  -1   -2     -0.634     -0.213      0.000
  -1  160     -0.625     -0.182      0.000
  -1  158     -0.625     -0.575      0.000
  -1  159     -0.623     -0.952      0.000
  -1  161     -0.621      0.928      0.000
  -1  162     -0.599     -1.026      0.000
  -1  163     -0.597      1.141      0.000
  -1  165     -0.597      0.608      0.000
  -1   -2     -0.594      0.822      0.000
  -1  167     -0.571     -0.947      0.000
  -1  168     -0.570     -0.479      0.000
  -1  169     -0.568      0.577      0.000
  -1  170     -0.564      0.243      0.000
  -1  176     -0.556     -0.685      0.000
  -1  166     -0.551      0.762      0.000
  -1   -2     -0.545      0.223      0.000
  -1  172     -0.542      1.029      0.000
  -1  173     -0.540     -1.159      0.000
  -1   -2     -0.538     -1.089      0.000
  -1  175     -0.530     -0.523      0.000
  -1  177     -0.517     -0.122      0.000
  -1   -2     -0.517     -0.694      0.000
  -1   -2     -0.497     -0.425      0.000
  -1  178     -0.495     -0.583      0.000
  -1  179     -0.493      0.313      0.000
  -1  182     -0.488      0.712      0.000
  -1  180     -0.488     -0.798      0.000
  -1  181     -0.488      0.679      0.000
  -1   -2     -0.482      0.786      0.000
  -1  183     -0.480      0.102      0.000
  -1  185     -0.461      0.602      0.000
  -1  186     -0.456     -1.081      0.000
  -1  188     -0.454      0.775      0.000
  -1  187     -0.454     -1.164      0.000
  -1  171     -0.453      1.175      0.000
  -1  189     -0.451     -0.269      0.000
  -1   -2     -0.444      0.383      0.000
  -1  190     -0.443      0.841      0.000
  -1  192     -0.436      1.003      0.000
  -1  193     -0.429     -0.776      0.000
  -1  194     -0.425      0.026      0.000
  -1  195     -0.419     -0.557      0.000
  -1  196     -0.412     -1.124      0.000
  -1  197     -0.412      0.576      0.000
  -1   -2     -0.405      0.549      0.000
  -1  191     -0.404      0.391      0.000
  -1  199     -0.386      0.073      0.000
  -1   -2     -0.384     -0.063      0.000
  -1  200     -0.382     -0.481      0.000
  -1  201     -0.370     -0.713      0.000
  -1  202     -0.365      0.508      0.000
  -1  203     -0.362     -1.168      0.000
  -1  205     -0.345      0.996      0.000
  -1  206     -0.340     -0.752      0.000
  -1   -2     -0.336     -0.329      0.000
  -1  207     -0.324     -0.098      0.000
  -1  209     -0.301      0.268      0.000
  -1  211     -0.294     -1.172      0.000
  -1  210     -0.290      0.337      0.000
  -1  212     -0.290     -0.029      0.000
  -1  213     -0.286     -0.818      0.000
  -1  216     -0.285      0.776      0.000
  -1  215     -0.283      1.004      0.000
  -1  217     -0.268     -0.427      0.000
  -1  219     -0.260      1.141      0.000
  -1  229     -0.253     -0.927      0.000
  -1  220     -0.252      0.425      0.000
  -1  222     -0.249     -0.522      0.000
  -1  223     -0.242      0.169      0.000
  -1  224     -0.239     -0.076      0.000
  -1   -2     -0.229     -1.090      0.000
  -1  225     -0.222     -0.440      0.000
  -1  221     -0.215     -0.993      0.000
  -1  227     -0.205     -0.181      0.000
  -1  228     -0.204      0.243      0.000
  -1  230     -0.190      0.945      0.000
  -1  226     -0.188     -1.069      0.000
  -1  233     -0.179     -0.541      0.000
  -1  231     -0.179      0.586      0.000
  -1   -2     -0.179      0.021      0.000
  -1  238     -0.178     -0.394      0.000
  -1  232     -0.177      0.105      0.000
  -1  236     -0.170     -0.717      0.000
  -1  237     -0.165      0.394      0.000
  -1  239     -0.149     -1.118      0.000
  -1  240     -0.142     -0.242      0.000
  -1  241     -0.128      0.939      0.000
  -1  242     -0.118     -0.056      0.000
  -1  243     -0.113     -0.281      0.000
  -1  244     -0.108      0.789      0.000
  -1  252     -0.103     -1.143      0.000
  -1  246     -0.102      0.216      0.000
  -1  245     -0.102     -0.766      0.000
  -1  247     -0.090      1.113      0.000
  -1   -2     -0.086      0.374      0.000
  -1  249     -0.082      0.056      0.000
  -1  251     -0.080      0.887      0.000
  -1  250     -0.078     -1.012      0.000
  -1  260     -0.057     -1.089      0.000
  -1   -2     -0.047     -1.166      0.000
  -1   -2     -0.046      0.840      0.000
  -1  256     -0.039      0.228      0.000
  -1  248     -0.035      0.376      0.000
  -1  257     -0.028      0.563      0.000
  -1  255     -0.026      0.822      0.000
  -1  259     -0.022     -0.054      0.000
  -1  258     -0.021      0.647      0.000
  -1   -2     -0.018     -1.070      0.000
  -1  262      0.017      0.421      0.000
  -1  264      0.037      0.104      0.000
  -1  263      0.038      0.587      0.000
  -1  265      0.042      1.010      0.000
  -1  266      0.045     -0.586      0.000
  -1  267      0.049     -0.725      0.000
  -1  268      0.052     -0.004      0.000
  -1  277      0.053     -0.287      0.000
  -1  269      0.064      0.299      0.000
  -1  273      0.065     -0.977      0.000
  -1  270      0.073     -1.071      0.000
  -1  271      0.085      0.268      0.000
  -1  274      0.092      0.767      0.000
  -1  272      0.101     -0.159      0.000
  -1   -2      0.103     -0.951      0.000
  -1   -2      0.105      0.819      0.000
  -1  281      0.106      0.053      0.000
  -1   -2      0.109     -1.170      0.000
  -1  276      0.111     -0.342      0.000
  -1   -2      0.118     -0.268      0.000
  -1  282      0.131     -0.831      0.000
  -1   -2      0.133      0.805      0.000
  -1  278      0.134     -1.030      0.000
  -1   -2      0.138      0.631      0.000
  -1  279      0.138     -0.951      0.000
  -1  280      0.141      0.546      0.000
  -1   -2      0.143      0.120      0.000
  -1  283      0.174      0.245      0.000
  -1  284      0.175      0.689      0.000
  -1  285      0.176     -0.416      0.000
  -1  286      0.186     -0.844      0.000
  -1  287      0.190     -0.254      0.000
  -1  275      0.198     -1.172      0.000
  -1  288      0.200     -1.055      0.000
  -1  289      0.212     -0.673      0.000
  -1  290      0.226      0.045      0.000
  -1  291      0.228     -1.078      0.000
  -1   -2      0.228     -0.332      0.000
  -1  292      0.230     -0.565      0.000
  -1  293      0.233      0.869      0.000
  -1  294      0.235      0.716      0.000
  -1  296      0.243      0.362      0.000
  -1   -2      0.244     -1.022      0.000
  -1  298      0.256     -0.066      0.000
  -1  300      0.266     -0.585      0.000
  -1  301      0.270     -1.033      0.000
  -1  302      0.277     -0.396      0.000
  -1   -2      0.279     -1.111      0.000
  -1  304      0.286     -0.205      0.000
  -1  303      0.297     -1.137      0.000
  -1  308      0.311     -0.694      0.000
  -1  306      0.312      0.634      0.000
  -1  310      0.315      0.814      0.000
  -1  307      0.320     -1.173      0.000
  -1  320      0.323     -0.069      0.000
  -1  311      0.328      0.751      0.000
  -1  312      0.332      0.171      0.000
  -1  314      0.343     -1.022      0.000
  -1  317      0.353      1.115      0.000
  -1  318      0.357      0.561      0.000
  -1  319      0.360     -0.876      0.000
  -1  321      0.368     -0.186      0.000
  -1   -2      0.371     -0.225      0.000
  -1  322      0.376     -0.940      0.000
  -1  325      0.393      0.054      0.000
  -1  327      0.398      0.687      0.000
  -1  330      0.410     -0.695      0.000
  -1  331      0.412     -0.550      0.000
  -1  332      0.422      0.234      0.000
  -1  326      0.423     -0.835      0.000
  -1  333      0.427      0.729      0.000
  -1  334      0.427     -0.248      0.000
  -1  336      0.450      0.779      0.000
  -1  337      0.455     -0.634      0.000
  -1  338      0.462     -1.173      0.000
  -1  342      0.463      0.419      0.000
  -1  339      0.473     -0.259      0.000
  -1  340      0.474      0.621      0.000
  -1  341      0.480     -0.299      0.000
  -1  343      0.485      1.048      0.000
  -1  344      0.489     -0.459      0.000
  -1  345      0.500      0.881      0.000
  -1  347      0.502     -0.571      0.000
  -1  346      0.505     -1.135      0.000
  -1  348      0.513      0.199      0.000
  -1  351      0.523      1.123      0.000
  -1  350      0.524     -0.414      0.000
  -1  352      0.525      0.116      0.000
  -1  354      0.528     -0.727      0.000
  -1  355      0.546      0.362      0.000
  -1  356      0.547     -0.590      0.000
  -1  358      0.563     -0.294      0.000
  -1   -2      0.563      0.982      0.000
  -1  360      0.564      0.006      0.000
  -1  361      0.573     -0.696      0.000
  -1  363      0.586     -0.741      0.000
  -1  362      0.587     -0.454      0.000
  -1  370      0.592     -0.222      0.000
  -1  364      0.593      1.117      0.000
  -1   -2      0.600     -1.145      0.000
  -1  372      0.614     -1.163      0.000
  -1  365      0.615      0.500      0.000
  -1  369      0.616      1.073      0.000
  -1   -2      0.618     -0.245      0.000
  -1  371      0.621     -0.972      0.000
  -1  368      0.621      0.413      0.000
  -1  367      0.621      0.373      0.000
  -1   -2      0.629     -0.820      0.000
  -1  373      0.630      0.211      0.000
  -1   -2      0.632      0.625      0.000
  -1   -2      0.635      0.142      0.000
  -1  375      0.641     -0.021      0.000
  -1  376      0.642      1.046      0.000
  -1  377      0.649      0.988      0.000
  -1  378      0.649     -0.434      0.000
  -1   -2      0.654      1.165      0.000
  -1  380      0.675      0.211      0.000
  -1  381      0.677     -0.599      0.000
  -1  382      0.685     -0.695      0.000
  -1  374      0.691     -0.900      0.000
  -1  383      0.693      0.754      0.000
  -1   -2      0.698      0.332      0.000
  -1  384      0.717      0.646      0.000
  -1  385      0.717     -0.557      0.000
  -1   -2      0.722     -1.073      0.000
  -1  386      0.729     -0.977      0.000
  -1  387      0.751     -0.757      0.000
  -1  388      0.755     -0.042      0.000
  -1  389      0.759     -1.022      0.000
  -1   -2      0.774      0.580      0.000
  -1   -2      0.775      0.921      0.000
  -1  391      0.776      0.689      0.000
  -1  394      0.790     -0.397      0.000
  -1  396      0.793      0.376      0.000
  -1  395      0.793      0.346      0.000
  -1  393      0.802      0.918      0.000
  -1  400      0.811      0.697      0.000
  -1   -2      0.817      0.042      0.000
  -1  402      0.821     -1.089      0.000
  -1  403      0.826      0.626      0.000
  -1  392      0.826      0.512      0.000
  -1  405      0.830      0.834      0.000
  -1  410      0.835      0.152      0.000
  -1  409      0.837     -1.033      0.000
  -1  408      0.837     -0.230      0.000
  -1  411      0.842     -0.761      0.000
  -1   -2      0.849      0.393      0.000
  -1  413      0.856     -0.588      0.000
  -1   -2      0.860     -1.122      0.000
  -1  415      0.862     -0.839      0.000
  -1  416      0.866      0.342      0.000
  -1   -2      0.874      0.798      0.000
  -1  417      0.874     -0.338      0.000
  -1  414      0.876     -1.165      0.000
  -1  418      0.898     -1.008      0.000
  -1  419      0.905      1.028      0.000
  -1  420      0.909     -0.033      0.000
  -1  421      0.910      1.130      0.000
  -1   -2      0.930     -0.609      0.000
  -1   -2      0.934     -0.881      0.000
  -1  436      0.945     -1.078      0.000
  -1  426      0.962     -0.824      0.000
  -1  427      0.963     -0.609      0.000
  -1  429      0.966     -0.054      0.000
  -1  430      0.969      0.174      0.000
  -1  431      0.971      1.012      0.000
  -1   -2      0.983     -1.125      0.000
  -1  433      0.984     -0.171      0.000
  -1  432      0.984      0.206      0.000
  -1  434      0.987      0.902      0.000
  -1  435      0.992      0.939      0.000
  -1  437      1.006      0.733      0.000
  -1  438      1.006     -0.108      0.000
  -1  439      1.015      0.495      0.000
  -1  440      1.016     -0.746      0.000
  -1   -2      1.017      0.128      0.000
  -1   -2      1.022      1.176      0.000
  -1  443      1.031     -0.580      0.000
  -1  444      1.032     -0.485      0.000
  -1  441      1.033      0.287      0.000
  -1  446      1.034     -0.898      0.000
  -1  442      1.034      0.245      0.000
  -1  445      1.035      1.042      0.000
  -1   -2      1.038     -1.160      0.000
  -1  449      1.057     -0.083      0.000
  -1  451      1.064     -0.298      0.000
  -1   -2      1.077      1.146      0.000
  -1  447      1.078     -1.173      0.000
  -1   -2      1.094     -0.199      0.000
  -1  455      1.102     -1.096      0.000
  -1  456      1.103     -0.678      0.000
  -1  454      1.104      0.647      0.000
  -1  460      1.122      0.597      0.000
  -1  461      1.131      0.551      0.000
  -1  463      1.134     -0.142      0.000
  -1  464      1.137      0.096      0.000
  -1  458      1.146     -0.318      0.000
  -1   -2      1.154      0.164      0.000
  -1  465      1.156     -0.773      0.000
  -1  466      1.161     -1.013      0.000
  -1  467      1.165      0.345      0.000
  -1  468      1.168      0.227      0.000
  -1  470      1.172     -0.926      0.000
  -1  469      1.173     -0.225      0.000
  -1  471      1.189     -0.430      0.000
  -1   -2      1.191     -0.328      0.000
  -1  478      1.193     -1.172      0.000
  -1  474      1.201      0.167      0.000
  -1  476      1.209      1.004      0.000
  -1   -2      1.224     -1.089      0.000
  -1  477      1.225      0.463      0.000
  -1  479      1.234     -0.706      0.000
  -1  481      1.240     -0.114      0.000
  -1  480      1.240      0.804      0.000
  -1  482      1.243      0.396      0.000
  -1  483      1.255     -0.464      0.000
  -1   -2      1.260      0.632      0.000
  -1  484      1.275      0.694      0.000
  -1   -2      1.284     -0.991      0.000
  -1  485      1.285     -0.089      0.000
  -1  486      1.285     -0.945      0.000
  -1   -2      1.288      1.088      0.000
  -1   -2      1.292     -1.042      0.000
  -1  487      1.292      0.985      0.000
  -1  488      1.301     -0.682      0.000
  -1  489      1.303     -0.763      0.000
  -1  494      1.328     -0.542      0.000
  -1   -2      1.330      1.054      0.000
  -1   -2      1.332      0.028      0.000
  -1  498      1.335     -1.121      0.000
  -1  501      1.341     -1.174      0.000
  -1  502      1.342     -0.714      0.000
  -1  499      1.342      0.217      0.000
  -1  495      1.344      0.109      0.000
  -1  500      1.352      0.738      0.000
  -1  492      1.365     -0.066      0.000
  -1  503      1.372     -0.795      0.000
  -1   -2      1.374     -0.699      0.000
  -1   -2      1.384      1.018      0.000
  -1  509      1.393     -0.186      0.000
  -1   -2      1.413     -0.684      0.000
  -1   -2      1.417     -0.298      0.000
  -1  504      1.420      0.233      0.000
  -1  505      1.420      0.720      0.000
  -1   -2      1.448     -1.171      0.000
  -1   -2      1.449     -0.101      0.000
  -1  508      1.454      0.273      0.000
  -1  507      1.455      0.015      0.000
  -1  496      1.462      1.135      0.000
  -1  510      1.471     -0.721      0.000
  -1  519      1.479     -0.977      0.000
  -1  513      1.482     -0.572      0.000
  -1  512      1.482     -0.646      0.000
  -1  514      1.489      0.435      0.000
  -1  516      1.497     -0.450      0.000
  -1   -2      1.504     -1.030      0.000
  -1  506      1.530      0.674      0.000
  -1  520      1.530      0.503      0.000
  -1  521      1.540     -1.168      0.000
  -1   -2      1.547      1.134      0.000
  -1  523      1.547      0.147      0.000
