529
  -1    0     -1.573     -1.173      0.000
   0    2     -1.566      0.181      0.000
   2    3     -1.560     -0.935      0.000
   3    4     -1.554     -0.409      0.000
   4    5     -1.552      0.817      0.000
  -1   -2     -1.542      0.718      0.000
   5    7     -1.537      0.424      0.000
  -1   -2     -1.529     -0.522      0.000
  -1   14     -1.522     -1.173      0.000
   8    9     -1.516      0.353      0.000
  10   10     -1.513     -0.413      0.000
  21    1     -1.503      1.033      0.000
  -1   12     -1.501     -0.467      0.000
  11   13     -1.498      0.060      0.000
  -1   30     -1.491     -0.655      0.000
  12   16     -1.480     -0.298      0.000
   9   -2     -1.476     -0.906      0.000
  16   19     -1.465     -0.759      0.000
  17   20     -1.463      0.778      0.000
  18   21     -1.462     -0.505      0.000
  19   23     -1.456     -0.029      0.000
  13   22     -1.454      0.910      0.000
  -1   24     -1.452      1.173      0.000
  -1   25     -1.452      0.739      0.000
  22   26     -1.451      0.196      0.000
  23   11     -1.451      0.674      0.000
  38   -2     -1.427     -0.287      0.000
  25   28     -1.418     -1.137      0.000
  -1   -2     -1.411     -0.827      0.000
  27   -2     -1.407     -0.661      0.000
  -1   31     -1.407      0.467      0.000
  26   29     -1.406     -0.045      0.000
  29   32     -1.398      0.662      0.000
  -1   33     -1.391     -1.129      0.000
  30   34     -1.388     -0.430      0.000
  33   -2     -1.367      0.603      0.000
  35   36     -1.349     -0.167      0.000
  -1   39     -1.347     -1.003      0.000
  36   37     -1.343     -0.535      0.000
  32   45     -1.343     -1.173      0.000
  37   38     -1.337      1.061      0.000
  39   -2     -1.318     -1.038      0.000
  41   41     -1.304     -0.631      0.000
  43   42     -1.292     -0.742      0.000
  42   43     -1.292      0.462      0.000
  44   44     -1.283     -0.950      0.000
  -1   -2     -1.277      0.432      0.000
  -1   -2     -1.268      0.493      0.000
  46   47     -1.267      0.720      0.000
  50   -2     -1.264      0.909      0.000
  48   48     -1.264     -0.974      0.000
  47   50     -1.259     -0.133      0.000
  49   49     -1.258      0.819      0.000
  -1   51     -1.254      0.936      0.000
  52   52     -1.252     -0.417      0.000
  51   54     -1.251     -0.077      0.000
  53   -2     -1.242      1.109      0.000
  54   57     -1.232      0.446      0.000
  55   56     -1.230     -0.745      0.000
  56   59     -1.217      0.726      0.000
  57   58     -1.215     -0.953      0.000
  58   60     -1.212     -1.111      0.000
  -1   61     -1.212     -0.650      0.000
  61   63     -1.206     -0.331      0.000
  62   64     -1.205     -0.434      0.000
  65   -2     -1.201     -0.360      0.000
  64   55     -1.201      0.208      0.000
  63   65     -1.201      0.529      0.000
  66   66     -1.193     -0.189      0.000
  67   67     -1.190      0.429      0.000
  -1   69     -1.175      0.740      0.000
  69   72     -1.161     -0.205      0.000
  70   71     -1.161      0.369      0.000
  71   73     -1.158     -0.249      0.000
  72   -2     -1.157      1.086      0.000
  74   74     -1.153      1.134      0.000
  73   76     -1.153      0.631      0.000
  75   75     -1.152     -0.937      0.000
  76   77     -1.144     -0.975      0.000
  77   80     -1.130      0.870      0.000
  -1   79     -1.129      0.470      0.000
  80   82     -1.108      1.124      0.000
  79   83     -1.105     -0.479      0.000
  78   84     -1.103      0.327      0.000
  81   86     -1.085     -0.095      0.000
  82   85     -1.085     -1.107      0.000
  -1   -2     -1.074      0.360      0.000
  -1   87     -1.066     -0.800      0.000
  -1   -2     -1.065      0.530      0.000
  83   89     -1.059      0.599      0.000
  84   88     -1.054     -1.006      0.000
  -1   90     -1.045     -1.115      0.000
  86   91     -1.036      0.963      0.000
  94   92     -1.035     -1.161      0.000
  87   93     -1.028     -0.142      0.000
  89   94     -1.017      0.339      0.000
  88   -2     -1.015     -0.009      0.000
  -1  104     -1.013     -0.660      0.000
  93   95     -1.011     -0.939      0.000
  91   97     -1.008     -0.224      0.000
  92   98     -1.007      0.488      0.000
  95   99     -1.001      1.079      0.000
  90   96     -0.998     -0.034      0.000
 100  103     -0.979      0.323      0.000
 101  105     -0.973      0.397      0.000
 102  107     -0.963     -0.458      0.000
 103  109     -0.955     -0.055      0.000
  -1  108     -0.950      0.929      0.000
 106  112     -0.944      0.039      0.000
 108  113     -0.933     -0.637      0.000
 109  114     -0.928      0.746      0.000
 112  115     -0.918     -0.999      0.000
 110  116     -0.918      1.163      0.000
 111  117     -0.916      0.140      0.000
 113  118     -0.909     -1.070      0.000
 116  119     -0.905      1.114      0.000
 114  120     -0.904     -0.771      0.000
 115  121     -0.904     -0.718      0.000
  -1  122     -0.902     -1.169      0.000
 118  123     -0.893     -0.144      0.000
 121   -2     -0.882      0.818      0.000
 119  125     -0.879     -0.444      0.000
 117  126     -0.869     -0.097      0.000
  -1   -2     -0.856      0.071      0.000
 124  127     -0.845      0.879      0.000
  -1   -2     -0.841     -1.165      0.000
 125  128     -0.838      1.050      0.000
 126  130     -0.826     -0.763      0.000
 127  131     -0.824      0.987      0.000
 128  132     -0.822      1.095      0.000
 129  133     -0.819     -0.810      0.000
  -1  136     -0.793     -0.968      0.000
 132  137     -0.788     -0.538      0.000
 133  138     -0.783     -0.285      0.000
  -1  124     -0.782      0.698      0.000
 134  139     -0.770      0.957      0.000
 135  140     -0.761      0.050      0.000
  -1  141     -0.754     -0.936      0.000
 136  143     -0.754     -0.252      0.000
  -1  144     -0.752      0.386      0.000
  -1  142     -0.752     -0.672      0.000
 130  151     -0.752     -1.156      0.000
 137   -2     -0.750     -0.543      0.000
 141   -2     -0.737      0.325      0.000
 140  148     -0.730     -0.965      0.000
 145  145     -0.726     -1.082      0.000
 144  147     -0.719      0.252      0.000
 143  150     -0.717      0.972      0.000
 131  174     -0.713     -1.012      0.000
 148  149     -0.707     -0.475      0.000
 149   -2     -0.704      1.025      0.000
 150  152     -0.697     -0.205      0.000
  -1   -2     -0.695      0.266      0.000
 151  153     -0.693      0.440      0.000
 152   -2     -0.688     -1.172      0.000
 153  154     -0.681      0.498      0.000
 168   -2     -0.678      0.836      0.000
 138   -2     -0.675     -0.732      0.000
  -1   -2     -0.674     -1.140      0.000
 156  158     -0.674      0.082      0.000
 158  159     -0.668      0.176      0.000
 159  160     -0.658     -0.260      0.000
 160  161     -0.656     -0.465      0.000
 161  164     -0.647      0.616      0.000
 163  163     -0.644      1.055      0.000
 164  165     -0.641      1.095      0.000
 162  168     -0.641     -0.032      0.000
 165  167     -0.640      1.019      0.000
 166  169     -0.633     -0.727      0.000
 167  173     -0.619     -0.102      0.000
 169  171     -0.618     -0.970      0.000
  -1  166     -0.615     -1.093      0.000
 170   -2     -0.613     -1.048      0.000
  -1  176     -0.596      0.004      0.000
 171  177     -0.592     -0.240      0.000
 172  178     -0.584      0.980      0.000
 173  179     -0.579      0.403      0.000
 186   -2     -0.564     -1.177      0.000
 175  181     -0.560     -0.926      0.000
 177  183     -0.551     -0.608      0.000
 176  184     -0.551      0.287      0.000
  -1  182     -0.549      1.146      0.000
  -1   -2     -0.540     -0.054      0.000
  -1   -2     -0.536     -1.088      0.000
 178   -2     -0.535      0.881      0.000
 179  185     -0.532     -0.144      0.000
  -1  188     -0.529      0.452      0.000
 180  186     -0.528      1.094      0.000
 181  187     -0.526     -1.155      0.000
  -1   -2     -0.520      0.271      0.000
  -1   -2     -0.510      0.554      0.000
  -1  189     -0.510     -0.233      0.000
 182  190     -0.507     -0.441      0.000
 183  191     -0.502      0.658      0.000
 184  192     -0.502     -0.202      0.000
 185  194     -0.485     -0.519      0.000
  -1  195     -0.481     -1.138      0.000
 187  196     -0.470      0.632      0.000
  -1  193     -0.469     -1.174      0.000
 188  197     -0.467     -0.746      0.000
 189  198     -0.456     -0.856      0.000
 194   -2     -0.454     -0.573      0.000
 196  201     -0.442      0.352      0.000
 192  200     -0.430     -0.959      0.000
 193   -2     -0.429      0.262      0.000
 195  202     -0.425      0.945      0.000
 198  203     -0.422      1.096      0.000
  -1  207     -0.418      0.899      0.000
 199  205     -0.412      0.753      0.000
 200  206     -0.407     -0.476      0.000
 201   -2     -0.399      0.858      0.000
 202  208     -0.398      0.930      0.000
  -1   -2     -0.398     -0.333      0.000
 204  209     -0.396     -0.848      0.000
 203  210     -0.396     -0.141      0.000
 206  212     -0.377      0.677      0.000
 205  213     -0.375      0.351      0.000
  -1  216     -0.355     -0.625      0.000
  -1  215     -0.351     -1.087      0.000
 209  217     -0.348     -0.313      0.000
  -1  214     -0.343     -1.164      0.000
 210  218     -0.333      1.109      0.000
 212  219     -0.329     -0.798      0.000
 211  220     -0.328      0.654      0.000
 207   -2     -0.309      0.025      0.000
 215  222     -0.308     -0.551      0.000
 216  223     -0.306     -0.844      0.000
 217  224     -0.305      0.445      0.000
 219  226     -0.281      0.584      0.000
 208   -2     -0.273     -1.169      0.000
 222  228     -0.266     -0.922      0.000
 225  231     -0.246     -1.036      0.000
 221  232     -0.237      0.891      0.000
  -1  233     -0.233     -0.995      0.000
 224  241     -0.226     -0.128      0.000
  -1   -2     -0.226      1.163      0.000
 228  236     -0.221     -1.100      0.000
 229  238     -0.208      0.310      0.000
 230  239     -0.205      0.390      0.000
  -1   -2     -0.201      0.904      0.000
 231   -2     -0.198     -0.044      0.000
 232   -2     -0.196     -0.616      0.000
 233  240     -0.193     -0.510      0.000
  -1  242     -0.190     -1.069      0.000
 227   -2     -0.182     -0.239      0.000
 236  244     -0.179      0.271      0.000
 237  246     -0.179      0.498      0.000
 238  245     -0.175      1.090      0.000
  -1  247     -0.175     -1.027      0.000
 239  248     -0.159      0.191      0.000
 262  221     -0.151     -0.105      0.000
 242  250     -0.141     -0.839      0.000
  -1  251     -0.133      0.740      0.000
 234  259     -0.132     -1.125      0.000
 245  252     -0.128     -0.228      0.000
  -1  253     -0.127      0.284      0.000
  -1  254     -0.123      0.552      0.000
 247  255     -0.119      1.094      0.000
 256  243     -0.118     -0.477      0.000
  -1   -2     -0.117      0.907      0.000
 248  257     -0.105      0.015      0.000
 249  258     -0.103      0.466      0.000
 252  260     -0.088      0.934      0.000
 253  261     -0.084     -0.899      0.000
 263  249     -0.077     -1.159      0.000
 254  262     -0.077     -0.302      0.000
 255  263     -0.067      1.043      0.000
  -1  274     -0.058     -0.999      0.000
  -1  265     -0.055     -0.343      0.000
 257   -2     -0.053     -0.082      0.000
  -1  267     -0.045      0.942      0.000
 244   -2     -0.045      0.256      0.000
  -1   -2     -0.037      0.448      0.000
  -1  269     -0.028     -1.076      0.000
 261  268     -0.028      0.984      0.000
 260  270     -0.026      0.052      0.000
  -1  271     -0.021      0.297      0.000
  -1  279     -0.011     -0.151      0.000
 266  275      0.003      0.778      0.000
  -1   -2      0.003      0.680      0.000
 264  276      0.003      0.115      0.000
 267  277      0.005      0.452      0.000
 268  278      0.008      0.271      0.000
 269   -2      0.013     -1.011      0.000
 273  280      0.045      0.510      0.000
 274  282      0.055      0.711      0.000
 275  283      0.057     -0.868      0.000
 277  284      0.062     -0.715      0.000
 278  285      0.066      0.133      0.000
  -1   -2      0.069      0.621      0.000
 279  286      0.077     -0.535      0.000
 280  287      0.077     -0.019      0.000
 281  288      0.080      0.099      0.000
 276  291      0.090      0.357      0.000
 283  292      0.104      0.980      0.000
 284  293      0.106     -1.101      0.000
 286  290      0.108     -1.170      0.000
  -1   -2      0.131      0.048      0.000
 287  294      0.132     -0.432      0.000
  -1  296      0.134     -0.345      0.000
 289  295      0.136      0.760      0.000
  -1  297      0.141     -0.961      0.000
 291  298      0.142      0.665      0.000
 292   -2      0.150      0.529      0.000
 290  301      0.152     -1.023      0.000
 293  302      0.167      0.830      0.000
 294  303      0.177      0.290      0.000
 296  305      0.188     -0.992      0.000
 305   -2      0.197     -0.328      0.000
 298  309      0.212      1.036      0.000
  -1   -2      0.213     -1.100      0.000
 297  307      0.213     -0.807      0.000
 301  308      0.221     -1.016      0.000
 300  310      0.222      0.039      0.000
  -1  306      0.225     -0.414      0.000
 303  312      0.229     -0.688      0.000
 304  300      0.232      0.439      0.000
 299   -2      0.238      0.835      0.000
 307  311      0.244     -0.983      0.000
 308  313      0.248     -0.096      0.000
  -1  314      0.274     -0.263      0.000
  -1  315      0.275     -1.112      0.000
 309   -2      0.276      0.115      0.000
 312  316      0.283      0.768      0.000
 313  317      0.294      0.968      0.000
  -1  318      0.298      1.118      0.000
 314  319      0.300      0.898      0.000
 316  320      0.306      0.200      0.000
 315   -2      0.306     -1.168      0.000
 318  321      0.313      0.571      0.000
 310  324      0.341     -0.244      0.000
 323   -2      0.353     -0.133      0.000
  -1   -2      0.354     -0.456      0.000
 324  326      0.357      0.056      0.000
  -1  327      0.359      0.717      0.000
 320   -2      0.359     -1.004      0.000
 328  331      0.366      0.820      0.000
 329  332      0.373      0.278      0.000
 330  333      0.377     -1.068      0.000
  -1   -2      0.389      0.864      0.000
 331  335      0.393     -0.648      0.000
 332  334      0.393     -0.304      0.000
 334  337      0.412      0.921      0.000
 335  338      0.417     -0.953      0.000
 349  322      0.425     -1.164      0.000
 336  340      0.431      0.056      0.000
 337  341      0.434     -0.312      0.000
 338  342      0.436     -0.732      0.000
 339  343      0.443     -0.357      0.000
 340  344      0.452      0.238      0.000
  -1  345      0.457     -0.540      0.000
 341  346      0.464      0.139      0.000
 342  347      0.465      1.019      0.000
  -1   -2      0.474      0.725      0.000
 346   -2      0.474     -1.126      0.000
 344   -2      0.475     -0.659      0.000
 348  349      0.483     -0.480      0.000
  -1   -2      0.484     -1.149      0.000
 350  351      0.501      0.009      0.000
 343   -2      0.512      0.588      0.000
 352  352      0.512     -0.341      0.000
 345   -2      0.518      0.405      0.000
 353  356      0.519     -0.667      0.000
 355  357      0.538      1.121      0.000
 354  358      0.540      0.592      0.000
 367  348      0.541     -1.145      0.000
 360  359      0.546      0.255      0.000
 356  360      0.547     -0.515      0.000
 357  355      0.547      0.446      0.000
 358  361      0.556     -0.790      0.000
  -1  362      0.564      0.735      0.000
 362  363      0.566     -0.019      0.000
  -1   -2      0.571      0.545      0.000
 363  364      0.573     -0.840      0.000
 364   -2      0.586      0.615      0.000
  -1  367      0.588      0.253      0.000
 370   -2      0.597      1.139      0.000
 365  370      0.597     -0.993      0.000
 366  369      0.598     -0.483      0.000
  -1  366      0.606      0.550      0.000
 369  371      0.613     -0.892      0.000
  -1   -2      0.616     -0.624      0.000
  -1  397      0.624     -0.177      0.000
 371  372      0.625     -1.041      0.000
  -1  368      0.631     -1.168      0.000
 373  374      0.633      0.870      0.000
  -1  386      0.633     -0.369      0.000
 374  375      0.640     -0.652      0.000
 375  376      0.643      0.749      0.000
 376  377      0.656     -0.748      0.000
 378   -2      0.675     -0.601      0.000
 379  388      0.683      1.019      0.000
 380  381      0.690      0.409      0.000
 381  380      0.691      0.669      0.000
 382  382      0.694      0.440      0.000
 383  384      0.720      0.056      0.000
 385  387      0.724     -0.792      0.000
 386  385      0.725      0.791      0.000
 398   -2      0.725     -0.419      0.000
 388  389      0.731     -1.017      0.000
 389   -2      0.732      1.034      0.000
 390  390      0.737      0.267      0.000
 391  391      0.739      0.716      0.000
  -1   -2      0.739     -0.142      0.000
 393  392      0.753      0.401      0.000
 395   -2      0.756     -1.067      0.000
 392  394      0.756     -0.641      0.000
  -1   -2      0.759     -0.830      0.000
 415  378      0.769     -0.164      0.000
 399   -2      0.772      0.938      0.000
  -1   -2      0.783      1.109      0.000
  -1  395      0.788     -1.033      0.000
  -1  399      0.789     -0.982      0.000
  -1  396      0.790      1.036      0.000
 401  400      0.801     -0.344      0.000
 405  398      0.803      0.895      0.000
  -1  403      0.807     -0.012      0.000
 402  401      0.811     -0.601      0.000
 403  402      0.829     -1.108      0.000
 404  405      0.842     -1.046      0.000
 400   -2      0.848     -0.851      0.000
 407   -2      0.850      0.206      0.000
  -1   -2      0.850     -1.083      0.000
 410  406      0.874     -0.776      0.000
  -1  409      0.877     -0.447      0.000
 408  419      0.878      1.112      0.000
 413  410      0.880      0.801      0.000
 411  407      0.884     -1.154      0.000
 414  412      0.884      0.734      0.000
 409   -2      0.887      0.232      0.000
  -1  426      0.889     -0.203      0.000
 416  415      0.898     -1.006      0.000
 417  413      0.900      0.548      0.000
 418  414      0.902     -0.086      0.000
 420  416      0.908      0.326      0.000
 421  417      0.910      0.282      0.000
 423   -2      0.921      0.795      0.000
  -1   -2      0.933     -1.085      0.000
 427  420      0.934      0.968      0.000
 428  421      0.941      1.081      0.000
 430  422      0.949      1.006      0.000
 431  423      0.954     -0.057      0.000
 432  418      0.960     -0.883      0.000
 433  427      0.970     -0.462      0.000
 434  428      0.977     -0.274      0.000
 435  430      0.979      0.066      0.000
 436  429      0.983     -0.558      0.000
 425   -2      0.995     -0.661      0.000
  -1  431      0.996     -0.173      0.000
 439   -2      1.003      0.687      0.000
 438  433      1.015      0.128      0.000
  -1  432      1.015      0.632      0.000
 440  434      1.018      0.584      0.000
 441  436      1.029      0.457      0.000
 444  437      1.038      0.256      0.000
 442  438      1.039      0.371      0.000
 443  439      1.040      0.735      0.000
  -1   -2      1.055     -0.342      0.000
 448  443      1.066     -0.634      0.000
 447   -2      1.076     -1.172      0.000
 449  444      1.078      0.195      0.000
 446   -2      1.081     -0.185      0.000
 451  447      1.103      0.480      0.000
 450  448      1.108     -1.044      0.000
 452  440      1.109     -0.278      0.000
 453  441      1.119     -0.376      0.000
 456  451      1.132     -0.713      0.000
 458  452      1.135     -0.072      0.000
 457  453      1.137      0.937      0.000
 459  454      1.144     -1.157      0.000
 462  455      1.156      0.632      0.000
  -1  449      1.156      0.443      0.000
 461  456      1.158      0.806      0.000
 445   -2      1.159     -0.944      0.000
 463  459      1.164     -0.857      0.000
 464  460      1.169      1.014      0.000
 468  463      1.182     -0.045      0.000
 465   -2      1.193     -0.396      0.000
 469  464      1.201     -0.630      0.000
  -1   -2      1.210      0.565      0.000
 488   -2      1.216      0.227      0.000
 474  467      1.227      0.062      0.000
 476  469      1.258      0.889      0.000
 478  476      1.265     -0.330      0.000
 477  470      1.268     -0.590      0.000
 479   -2      1.278     -0.670      0.000
 481  471      1.281     -0.455      0.000
 475  472      1.292     -0.948      0.000
 483  473      1.294      1.025      0.000
 484  475      1.303     -1.084      0.000
 485   -2      1.305     -0.267      0.000
 486  477      1.315     -0.612      0.000
 490  478      1.346     -0.593      0.000
 491  479      1.350     -0.220      0.000
 492  480      1.353     -0.684      0.000
  -1  481      1.356      0.270      0.000
 497  482      1.371      0.591      0.000
 493   -2      1.372     -1.068      0.000
 482  491      1.376     -1.171      0.000
  -1  483      1.383     -0.574      0.000
 494  486      1.385     -1.125      0.000
 495  484      1.386     -0.161      0.000
 496  487      1.392      0.406      0.000
 498  489      1.412      1.160      0.000
  -1  485      1.417     -1.081      0.000
  -1   -2      1.426      0.796      0.000
  -1  490      1.435      0.461      0.000
 501  492      1.446     -0.594      0.000
 502  493      1.449     -0.455      0.000
 503  494      1.454     -0.343      0.000
 504  495      1.456     -0.523      0.000
  -1  497      1.471      0.159      0.000
  -1   -2      1.486     -0.052      0.000
 499   -2      1.490     -1.074      0.000
 508  500      1.494     -0.903      0.000
  -1  502      1.504      1.149      0.000
  -1  501      1.504     -0.273      0.000
 509  503      1.508      0.241      0.000
 510  505      1.518      0.582      0.000
  -1   -2      1.537      1.132      0.000
 511  511      1.542     -1.173      0.000
 514  507      1.546      0.669      0.000
 516  508      1.549      0.927      0.000
 515  509      1.550     -0.302      0.000
 517  512      1.560     -0.116      0.000
 518  513      1.563      0.292      0.000
  -1  515      1.565     -1.080      0.000
  -1  516      1.571     -0.336      0.000
 519  517      1.574     -0.979      0.000
