531
   0    1     -1.567     -0.443      0.000
   1    2     -1.563      0.453      0.000
   2    3     -1.561      0.857      0.000
   4    4     -1.551     -0.977      0.000
   8   -2     -1.551      0.645      0.000
   7   -2     -1.539     -0.561      0.000
   6    6     -1.537      0.371      0.000
  -1   -2     -1.536      1.166      0.000
  10    8     -1.516      0.054      0.000
  -1   10     -1.513     -0.318      0.000
  11    9     -1.512     -0.500      0.000
  14   -2     -1.486      0.897      0.000
  15   13     -1.483     -0.039      0.000
  16   -2     -1.481      0.013      0.000
  17   14     -1.479      0.202      0.000
  19   16     -1.474     -0.540      0.000
  18   15     -1.474      0.812      0.000
  -1   -2     -1.472     -0.946      0.000
  22   18     -1.464     -0.799      0.000
  23   20     -1.459      0.946      0.000
  -1   22     -1.434      0.497      0.000
  34   19     -1.422     -1.165      0.000
  26   26     -1.421     -0.904      0.000
  25   23     -1.418      0.691      0.000
  30   25     -1.406     -0.460      0.000
  13   36     -1.406     -0.698      0.000
  31   27     -1.399      0.274      0.000
  36   12     -1.389     -0.643      0.000
  27   31     -1.386      0.805      0.000
  33   30     -1.378     -0.182      0.000
  44   33     -1.340     -1.036      0.000
  40   34     -1.334      1.091      0.000
  41   35     -1.321      0.476      0.000
  35   -2     -1.318      0.921      0.000
  42   -2     -1.313     -0.660      0.000
  43   37     -1.310      1.010      0.000
  39   53     -1.305     -1.072      0.000
  45   39     -1.296     -0.772      0.000
  -1   41     -1.294     -0.963      0.000
  46   42     -1.292     -0.146      0.000
  47   40     -1.292      0.744      0.000
  -1   43     -1.276     -0.982      0.000
  49   44     -1.274     -0.437      0.000
  51   45     -1.272      0.845      0.000
  52   46     -1.267      0.461      0.000
  53   47     -1.261      0.962      0.000
  55   48     -1.250     -1.004      0.000
  57   -2     -1.241     -0.515      0.000
  56   49     -1.238      0.748      0.000
  58   52     -1.236     -0.348      0.000
  60   51     -1.235     -0.774      0.000
  61   50     -1.234      1.137      0.000
  59   54     -1.232      0.547      0.000
  63   55     -1.227     -0.454      0.000
  62   56     -1.227     -0.201      0.000
  64   57     -1.226      0.442      0.000
  65   -2     -1.221     -0.672      0.000
  67   58     -1.207     -0.982      0.000
  68   -2     -1.206     -0.916      0.000
  92   32     -1.205     -1.155      0.000
  69   60     -1.200      0.380      0.000
  71   61     -1.197     -0.217      0.000
  72   63     -1.193     -0.261      0.000
  -1   59     -1.185     -0.893      0.000
  74   65     -1.183     -0.569      0.000
  -1   66     -1.182      0.647      0.000
  78   67     -1.156      1.116      0.000
  80   68     -1.146      1.155      0.000
  81   69     -1.145     -0.962      0.000
  79   72     -1.145      0.333      0.000
  82   71     -1.141      0.891      0.000
  83   73     -1.137     -1.000      0.000
  85   74     -1.127     -0.494      0.000
  86   75     -1.102      1.143      0.000
  66   91     -1.100     -1.175      0.000
  88   78     -1.092      0.612      0.000
  91   80     -1.069     -0.821      0.000
  89   82     -1.069     -0.146      0.000
  94   76     -1.068     -1.134      0.000
  -1   -2     -1.068      0.830      0.000
  -1   -2     -1.062      0.349      0.000
  93   84     -1.061     -0.010      0.000
 102   79     -1.051     -1.053      0.000
  96   87     -1.044     -0.228      0.000
  97   85     -1.044      0.979      0.000
  -1   88     -1.039      0.266      0.000
  -1   81     -1.030      0.792      0.000
 100   90     -1.025     -0.029      0.000
  98   89     -1.022      0.324      0.000
 110   -2     -1.016     -1.169      0.000
 101   92     -1.013      0.406      0.000
 116   -2     -1.011      0.720      0.000
 103   -2     -1.007     -0.959      0.000
 105   95     -1.001      1.092      0.000
 104   96     -0.997     -0.056      0.000
 107   97     -0.991     -0.466      0.000
 106   98     -0.991      0.039      0.000
  -1   -2     -0.989     -0.232      0.000
  -1   99     -0.982      0.386      0.000
 108  101     -0.963      0.141      0.000
 109  100     -0.962      0.935      0.000
  -1  115     -0.958     -1.090      0.000
 112  102     -0.953     -0.974      0.000
 113  104     -0.950     -0.646      0.000
 127   94     -0.949     -1.018      0.000
  -1  105     -0.945     -1.159      0.000
 111   -2     -0.944      0.793      0.000
 115  106     -0.938     -0.146      0.000
 117   -2     -0.933     -1.080      0.000
  -1  107     -0.928     -0.946      0.000
 120  108     -0.915     -0.727      0.000
 121  110     -0.913     -0.780      0.000
 119  111     -0.911     -0.097      0.000
 123  109     -0.911     -1.013      0.000
 122  112     -0.908     -0.450      0.000
 124  114     -0.904      0.068      0.000
 126  113     -0.903      1.121      0.000
  -1   -2     -0.901     -1.082      0.000
 129  116     -0.898      0.816      0.000
  -1  117     -0.888     -1.172      0.000
 130  118     -0.859      0.880      0.000
 131  124     -0.840      1.053      0.000
 132  119     -0.835     -0.766      0.000
 133  120     -0.832      0.987      0.000
  -1  121     -0.826     -1.164      0.000
  -1  123     -0.826     -0.816      0.000
  -1  125     -0.823      0.771      0.000
 134  126     -0.822     -0.285      0.000
 135   -2     -0.822      1.095      0.000
 136  128     -0.813     -0.540      0.000
  -1  139     -0.811      0.511      0.000
  -1   -2     -0.811      0.694      0.000
 138   -2     -0.809     -0.932      0.000
 137  130     -0.807      0.049      0.000
  -1   -2     -0.797      0.378      0.000
 139  131     -0.792     -0.253      0.000
  -1  135     -0.782      0.321      0.000
 143  132     -0.778      0.954      0.000
 145  133     -0.771     -0.669      0.000
  -1   -2     -0.766      0.247      0.000
 146  134     -0.766     -0.400      0.000
 147  136     -0.755     -0.940      0.000
  -1  137     -0.752     -1.156      0.000
 140  144     -0.748     -1.048      0.000
 148   -2     -0.744     -0.511      0.000
 149  138     -0.736     -0.204      0.000
 150  140     -0.736     -0.472      0.000
 151  141     -0.734      0.436      0.000
 152  142     -0.730     -0.966      0.000
 153  143     -0.728      0.962      0.000
 154   -2     -0.727     -1.078      0.000
 155  145     -0.721      0.080      0.000
 157  146     -0.715      0.174      0.000
 158  148     -0.709      1.017      0.000
 178  127     -0.709     -1.013      0.000
 160  149     -0.699      0.802      0.000
 162   -2     -0.696      0.838      0.000
 161  150     -0.695     -0.253      0.000
 164  152     -0.689     -0.728      0.000
 163  154     -0.688     -0.030      0.000
 166  151     -0.688     -1.175      0.000
 165  155     -0.684     -0.461      0.000
  -1  153     -0.684     -1.055      0.000
 167  156     -0.681      0.607      0.000
  -1  157     -0.666     -0.875      0.000
 169  158     -0.663     -0.100      0.000
 170  159     -0.650     -0.721      0.000
 171  160     -0.648      1.040      0.000
 172  161     -0.642      1.083      0.000
 173  163     -0.638     -1.166      0.000
 174  164     -0.630     -0.235      0.000
 176  165     -0.620     -0.965      0.000
 175  166     -0.619      0.396      0.000
 177  167     -0.615      1.174      0.000
  -1  168     -0.608     -1.042      0.000
 180  169     -0.595      0.964      0.000
 179  170     -0.593      0.281      0.000
 182  177     -0.580      1.147      0.000
 181  178     -0.580     -0.142      0.000
 184  173     -0.574     -0.597      0.000
 156   -2     -0.566      0.441      0.000
 186  175     -0.563     -0.915      0.000
 188  176     -0.561     -1.170      0.000
 187   -2     -0.555      0.861      0.000
 190   -2     -0.548      1.129      0.000
 193   -2     -0.537     -0.425      0.000
 191  180     -0.537     -0.195      0.000
 195  181     -0.531      1.073      0.000
 194  182     -0.530      0.639      0.000
 196  192     -0.526      0.778      0.000
 198  183     -0.510     -0.505      0.000
 200  184     -0.499      0.613      0.000
 201  186     -0.483     -0.727      0.000
 202  188     -0.476     -0.554      0.000
 203  189     -0.469      0.253      0.000
 204   -2     -0.465     -0.837      0.000
 214  185     -0.454      0.441      0.000
  -1   -2     -0.439      0.762      0.000
  -1   -2     -0.438     -0.326      0.000
 207  193     -0.435      0.727      0.000
 208  195     -0.434     -0.457      0.000
 210  196     -0.431     -0.133      0.000
  -1  190     -0.430     -0.936      0.000
 212  197     -0.426      1.066      0.000
 220  187     -0.420     -1.167      0.000
 213  198     -0.415      0.831      0.000
 215  199     -0.410      0.900      0.000
  -1  200     -0.409      0.338      0.000
  -1  202     -0.407     -1.120      0.000
 216  201     -0.406     -0.824      0.000
 217  203     -0.402      0.650      0.000
 219  204     -0.378     -0.298      0.000
 236   -2     -0.362     -1.170      0.000
 233  191     -0.357     -0.687      0.000
 221  208     -0.352      0.630      0.000
 224  209     -0.346     -1.073      0.000
 222  210     -0.343      0.599      0.000
 223  212     -0.342      0.025      0.000
 226  211     -0.340     -0.770      0.000
  -1  213     -0.335      0.425      0.000
 227  214     -0.330      1.073      0.000
 228  215     -0.329     -0.527      0.000
 229  216     -0.316     -0.814      0.000
 232  219     -0.304      0.558      0.000
  -1  226     -0.279      0.820      0.000
 235  223     -0.270     -0.889      0.000
  -1  222     -0.268     -1.170      0.000
 237  224     -0.256     -0.116      0.000
  -1   -2     -0.249      0.854      0.000
 238  225     -0.248     -1.002      0.000
 239   -2     -0.234      0.300      0.000
 242  228     -0.227      0.376      0.000
 241  229     -0.227     -0.039      0.000
 243  230     -0.220     -1.101      0.000
 244  232     -0.220     -0.579      0.000
 245  231     -0.220     -0.482      0.000
 246  240     -0.208     -0.210      0.000
 247  233     -0.204      0.258      0.000
 248  234     -0.199      0.474      0.000
  -1  245     -0.198      0.956      0.000
 250  236     -0.184      0.184      0.000
  -1   -2     -0.182     -0.499      0.000
 254   -2     -0.178     -0.095      0.000
 252  238     -0.177      1.044      0.000
 253  239     -0.177     -0.988      0.000
 256   -2     -0.149     -0.213      0.000
 255   -2     -0.149      0.386      0.000
 258  241     -0.149     -0.799      0.000
 257  242     -0.149      0.271      0.000
  -1  243     -0.145     -0.615      0.000
 259  246     -0.134     -0.447      0.000
 260  247     -0.128     -1.131      0.000
 264  248     -0.121      1.047      0.000
 262  249     -0.120      0.443      0.000
 261  250     -0.116     -1.173      0.000
 268  251     -0.101     -0.904      0.000
 267  252     -0.094      0.888      0.000
 269  254     -0.079     -1.116      0.000
 272  255     -0.070      0.993      0.000
 273   -2     -0.055      1.106      0.000
 276  258     -0.041      0.053      0.000
 277   -2     -0.036      0.549      0.000
 278  260     -0.034      0.281      0.000
 279  259     -0.028      0.935      0.000
 283  268     -0.018     -1.169      0.000
  -1   -2     -0.005      0.643      0.000
 282  265     -0.003      0.256      0.000
 285  264     -0.003      0.733      0.000
 284  266     -0.001     -0.008      0.000
  -1  275      0.003     -1.027      0.000
  -1  269      0.009     -0.970      0.000
 290  270      0.037      1.126      0.000
 289  271      0.038      0.482      0.000
 292  272      0.044     -1.121      0.000
 291  273      0.051      0.672      0.000
 286  277      0.056      0.128      0.000
 295  278      0.058     -0.825      0.000
 300   -2      0.060      0.305      0.000
 294  280      0.061     -0.675      0.000
 297  282      0.070     -0.016      0.000
 298  281      0.071      0.097      0.000
 299  283      0.073     -0.498      0.000
  -1   -2      0.076     -0.724      0.000
 303  285      0.099     -0.166      0.000
  -1  284      0.100     -1.157      0.000
 305  287      0.104     -1.057      0.000
 296   -2      0.105      0.928      0.000
 306  288      0.117     -0.130      0.000
 307  289      0.125     -0.401      0.000
 308  290      0.131     -0.319      0.000
 309  293      0.142      0.626      0.000
 317  292      0.147     -0.957      0.000
  -1  291      0.148     -1.171      0.000
 314  294      0.169      0.785      0.000
 315  295      0.176      0.275      0.000
 316  296      0.181     -0.487      0.000
 312  321      0.181      0.512      0.000
  -1  297      0.186     -0.944      0.000
 318  298      0.195     -0.303      0.000
 320  300      0.211     -0.764      0.000
 319  304      0.218     -0.974      0.000
 322  303      0.223      0.041      0.000
 321  302      0.224      0.982      0.000
  -1   -2      0.227     -0.387      0.000
 323  305      0.229     -0.648      0.000
 324  306      0.232      0.721      0.000
 325  307      0.235      0.413      0.000
 327  299      0.248     -1.167      0.000
  -1   -2      0.248      0.330      0.000
 326  309      0.250     -0.085      0.000
  -1   -2      0.257      0.079      0.000
  -1   -2      0.264     -0.670      0.000
 328  310      0.271     -0.457      0.000
 329  311      0.273     -1.130      0.000
 330  312      0.278     -0.244      0.000
 344   -2      0.287      1.141      0.000
 331  314      0.289      0.726      0.000
 332   -2      0.294     -0.623      0.000
 333  315      0.299      0.919      0.000
 335  318      0.309      0.850      0.000
 337  319      0.314      0.191      0.000
 338   -2      0.321      0.539      0.000
 339  324      0.345     -1.113      0.000
 343  326      0.348     -0.219      0.000
 341   -2      0.349     -0.254      0.000
 342  327      0.358     -0.964      0.000
  -1  328      0.360     -1.045      0.000
 345  329      0.367      0.057      0.000
  -1  330      0.375      0.776      0.000
 346  331      0.383     -1.021      0.000
 348   -2      0.395      0.152      0.000
 349  333      0.400     -0.615      0.000
 351  334      0.403     -0.285      0.000
 352  335      0.419     -0.914      0.000
 350   -2      0.423      0.876      0.000
 353   -2      0.429     -1.171      0.000
  -1  338      0.440     -0.699      0.000
  -1  339      0.444      0.052      0.000
 355  340      0.446     -0.293      0.000
 356  342      0.466     -0.509      0.000
 357   -2      0.469      0.226      0.000
 358  344      0.474      1.151      0.000
 359  343      0.475      0.975      0.000
  -1  347      0.481     -1.125      0.000
 354  354      0.483     -0.628      0.000
 361  345      0.483      0.132      0.000
 347  364      0.484      0.792      0.000
 375  337      0.484     -1.149      0.000
  -1  346      0.492     -0.434      0.000
 364  356      0.493      0.409      0.000
 363   -2      0.493     -0.463      0.000
  -1  336      0.503      0.870      0.000
  -1   -2      0.509      0.939      0.000
 365  348      0.517      0.009      0.000
 368  350      0.526     -0.324      0.000
 367  351      0.526     -0.639      0.000
  -1  352      0.543      1.075      0.000
 370   -2      0.558     -0.494      0.000
 371  353      0.561     -0.763      0.000
 366   -2      0.562      0.567      0.000
 374   -2      0.567      0.466      0.000
 376  358      0.573     -0.262      0.000
 377   -2      0.574      0.241      0.000
 378  359      0.576     -0.815      0.000
  -1  360      0.577      0.166      0.000
 381  361      0.585      0.698      0.000
 382  363      0.588     -0.019      0.000
 383  365      0.595     -0.986      0.000
 384  366      0.611      0.585      0.000
 386  362      0.615      0.242      0.000
 385  367      0.616     -0.466      0.000
 387   -2      0.618     -0.869      0.000
 369  377      0.627     -1.020      0.000
 390  370      0.628      1.078      0.000
 394  372      0.650      0.833      0.000
 395  374      0.651     -0.634      0.000
 396   -2      0.651      0.661      0.000
 405   -2      0.652     -0.355      0.000
 398  375      0.663      0.716      0.000
 397  376      0.664     -0.732      0.000
 399   -2      0.684     -0.935      0.000
 400  379      0.692     -0.034      0.000
 401  380      0.695      0.979      0.000
 403  381      0.704     -0.212      0.000
  -1   -2      0.708     -0.376      0.000
 404  394      0.712     -1.048      0.000
 406  382      0.714      0.641      0.000
 402  388      0.716     -1.098      0.000
 407  384      0.721      0.388      0.000
 409  386      0.725      0.418      0.000
 408   -2      0.727     -0.921      0.000
  -1  387      0.728      0.061      0.000
 410   -2      0.731     -1.004      0.000
 388  403      0.733     -0.779      0.000
 412   -2      0.742     -0.391      0.000
 414   -2      0.746     -0.427      0.000
 413  393      0.746      0.998      0.000
 415  392      0.747      0.759      0.000
 430   -2      0.757     -1.055      0.000
 417  395      0.765      0.687      0.000
 418  396      0.766     -0.141      0.000
  -1  390      0.769      0.254      0.000
  -1   -2      0.774      0.436      0.000
 427   -2      0.776     -0.631      0.000
 420  398      0.779     -0.232      0.000
 421   -2      0.784     -0.446      0.000
 422  400      0.788      0.905      0.000
 425  399      0.789      0.382      0.000
 419  401      0.789     -0.976      0.000
 426  402      0.800      1.006      0.000
 435  383      0.800     -1.158      0.000
 434  391      0.823     -0.340      0.000
  -1   -2      0.823     -0.778      0.000
  -1  406      0.824     -1.103      0.000
 429  405      0.825     -0.597      0.000
 439   -2      0.840     -1.044      0.000
 432  410      0.852     -0.849      0.000
  -1  415      0.865      0.094      0.000
  -1  404      0.868     -0.434      0.000
 436  413      0.877      1.085      0.000
 437  414      0.882     -0.776      0.000
 441   -2      0.897      0.236      0.000
 442  416      0.924     -0.877      0.000
  -1   -2      0.925     -1.095      0.000
 443  417      0.929     -0.605      0.000
 444  418      0.935      0.530      0.000
 449  419      0.946      0.314      0.000
 446  420      0.947      0.772      0.000
 447  422      0.947     -0.813      0.000
 451  421      0.948      0.270      0.000
 448  423      0.948      1.058      0.000
 450  424      0.949      0.945      0.000
 445   -2      0.961      0.984      0.000
 452   -2      0.961     -0.886      0.000
 454  425      0.983     -0.063      0.000
  -1  444      0.988     -1.173      0.000
  -1  426      0.990     -0.469      0.000
  -1   -2      0.997     -0.223      0.000
 457  428      0.998     -0.561      0.000
 460  429      1.004     -0.281      0.000
 459   -2      1.014      0.055      0.000
  -1   -2      1.029      0.944      0.000
 461  432      1.035      0.673      0.000
  -1  438      1.044      0.010      0.000
 462  433      1.046      0.618      0.000
 464  434      1.053      0.571      0.000
 438   -2      1.056      0.119      0.000
 463  436      1.056     -0.945      0.000
  -1  441      1.057     -0.224      0.000
 467   -2      1.065      0.723      0.000
 468   -2      1.066      0.446      0.000
 469  440      1.067      0.182      0.000
  -1   -2      1.068      0.072      0.000
  -1  430      1.068     -0.119      0.000
 472  442      1.079      0.363      0.000
 471  443      1.080     -0.646      0.000
 473  445      1.088     -0.292      0.000
  -1   -2      1.090     -1.165      0.000
 474  447      1.107     -1.058      0.000
 476  446      1.109     -0.195      0.000
 455   -2      1.116     -0.458      0.000
 477  448      1.117      0.186      0.000
 470   -2      1.125     -0.015      0.000
 494   -2      1.131      0.330      0.000
 480  449      1.136     -0.293      0.000
 481  450      1.138     -0.731      0.000
 478  452      1.139     -1.173      0.000
 484  451      1.143      0.473      0.000
 482   -2      1.143      1.002      0.000
 483  437      1.143     -0.394      0.000
 485  453      1.152      0.931      0.000
 495  439      1.153      0.715      0.000
 486  455      1.160     -0.965      0.000
 487   -2      1.161      0.407      0.000
 488  457      1.168     -0.878      0.000
 490  456      1.169     -0.084      0.000
 492  459      1.182      0.804      0.000
 491  460      1.183      1.009      0.000
  -1  454      1.193      0.434      0.000
  -1  465      1.213     -0.653      0.000
 497  464      1.215     -0.059      0.000
  -1  466      1.225     -1.054      0.000
 498  468      1.254      0.225      0.000
  -1  469      1.257     -1.169      0.000
 499  467      1.259      0.053      0.000
 501  471      1.276      0.891      0.000
 496   -2      1.280     -0.617      0.000
 503  473      1.287     -0.697      0.000
 504  474      1.295     -0.479      0.000
 505  475      1.303     -1.115      0.000
 506  476      1.307      1.032      0.000
 508  478      1.325     -0.644      0.000
  -1  489      1.338     -0.142      0.000
 511   -2      1.349      0.247      0.000
 512  480      1.355     -0.626      0.000
  -1  481      1.360      0.988      0.000
 513  482      1.360     -0.718      0.000
 514  483      1.371     -1.101      0.000
  -1  488      1.372     -1.166      0.000
 516  484      1.375      1.027      0.000
  -1  493      1.376      0.583      0.000
 518  486      1.381      0.271      0.000
 525  479      1.398     -0.608      0.000
 523   -2      1.409     -0.180      0.000
 521  490      1.415     -1.119      0.000
 520  491      1.416      1.172      0.000
 522  492      1.420      0.412      0.000
 510  507      1.451     -1.172      0.000
  -1  495      1.455     -0.634      0.000
 526  496      1.459     -0.489      0.000
  -1   -2      1.465      0.471      0.000
 527  497      1.465     -0.561      0.000
 528  498      1.470     -0.376      0.000
  -1   -2      1.477     -0.347      0.000
  -1   -2      1.494     -1.112      0.000
 532  502      1.496      0.156      0.000
 530  503      1.496     -0.945      0.000
  -1   -2      1.504     -0.069      0.000
 533  499      1.511     -0.308      0.000
 542   -2      1.527     -0.946      0.000
  -1   -2      1.528      0.677      0.000
 535  505      1.534      0.242      0.000
 536   -2      1.538     -1.175      0.000
  -1  506      1.540      1.141      0.000
 537  508      1.546      0.603      0.000
  -1  510      1.558     -0.410      0.000
 539  512      1.560     -1.125      0.000
 538  511      1.561     -0.333      0.000
 540  513      1.566      0.956      0.000
 541  514      1.573     -0.138      0.000
  -1   -2      1.574      0.695      0.000
