534
  -1    0     -1.575      0.185      0.000
   0    1     -1.560     -0.427      0.000
   1    3     -1.559      0.841      0.000
   2    2     -1.558     -0.958      0.000
  -1    4     -1.551      0.438      0.000
  -1   10     -1.548      0.734      0.000
  -1    6     -1.539      0.889      0.000
   4   -2     -1.537      0.158      0.000
  -1    5     -1.533     -1.169      0.000
   6    8     -1.529      0.363      0.000
  13   -2     -1.520     -0.950      0.000
   8   11     -1.513      0.057      0.000
  11   22     -1.512     -0.868      0.000
   9   12     -1.509     -0.488      0.000
  -1    9     -1.504     -0.974      0.000
  -1   16     -1.486      0.883      0.000
  -1   17     -1.480     -1.123      0.000
  12   18     -1.473     -0.037      0.000
  14   19     -1.472      0.798      0.000
  16   20     -1.470     -0.526      0.000
  15   21     -1.469      0.198      0.000
  17   -2     -1.468      0.017      0.000
  18   -2     -1.464     -0.781      0.000
  -1   23     -1.462      0.758      0.000
  10   -2     -1.457      0.932      0.000
  20   30     -1.451      0.356      0.000
  22   27     -1.423      0.484      0.000
  23   26     -1.421     -0.050      0.000
  21   28     -1.412      0.678      0.000
  24   -2     -1.406      0.842      0.000
  25   29     -1.400     -0.446      0.000
  -1   -2     -1.382      0.793      0.000
  32   25     -1.380     -1.164      0.000
  -1   32     -1.368     -0.177      0.000
  -1   37     -1.355     -0.552      0.000
  28   33     -1.353      0.909      0.000
  27   -2     -1.351     -0.751      0.000
  30   -2     -1.343     -1.023      0.000
  31   35     -1.336     -0.337      0.000
  33   34     -1.335      1.079      0.000
  35   -2     -1.312     -0.650      0.000
  37   36     -1.311     -1.056      0.000
  34   38     -1.309      0.469      0.000
  38   39     -1.295     -0.760      0.000
  44   40     -1.295      0.828      0.000
  39   -2     -1.287      0.502      0.000
  40   41     -1.283      0.735      0.000
  42   42     -1.280     -0.140      0.000
  43   43     -1.274     -0.973      0.000
  -1   -2     -1.269     -0.084      0.000
  45   46     -1.266     -0.428      0.000
  46   47     -1.260      0.951      0.000
  47   49     -1.254      0.455      0.000
  51   44     -1.251     -1.156      0.000
  60   50     -1.237      1.126      0.000
  53   51     -1.234     -0.762      0.000
  52   66     -1.234     -0.507      0.000
  54   52     -1.232      0.739      0.000
  56   54     -1.224     -0.342      0.000
  57   55     -1.220      0.537      0.000
  58   56     -1.219     -0.445      0.000
  59   58     -1.214     -0.196      0.000
  61   60     -1.212      0.437      0.000
  62   57     -1.210     -0.972      0.000
  -1   -2     -1.203     -1.126      0.000
  -1   61     -1.202     -1.157      0.000
  64   62     -1.185      0.374      0.000
  -1   63     -1.180      0.601      0.000
  66   64     -1.179     -0.257      0.000
  -1   -2     -1.175     -1.173      0.000
  67   67     -1.171      0.641      0.000
  68   68     -1.157      1.106      0.000
  -1   69     -1.151      1.146      0.000
  69   70     -1.148     -0.952      0.000
  70   71     -1.140     -0.991      0.000
  -1   73     -1.137      0.881      0.000
  72   74     -1.130      0.331      0.000
  73   75     -1.120     -0.488      0.000
  74   77     -1.111     -0.101      0.000
  75   78     -1.105      1.134      0.000
  76   80     -1.080      0.607      0.000
  77   79     -1.076     -1.125      0.000
  78   81     -1.069     -0.812      0.000
  79   82     -1.054     -0.144      0.000
  -1   -2     -1.050     -0.382      0.000
  81   83     -1.042      0.971      0.000
  82   84     -1.041     -0.051      0.000
  -1   -2     -1.035     -1.130      0.000
  84   -2     -1.031     -1.172      0.000
  83   86     -1.030     -0.226      0.000
  -1   89     -1.023      0.266      0.000
  85   91     -1.019      0.331      0.000
  86   90     -1.009     -0.949      0.000
  -1   96     -1.003     -0.038      0.000
  87   93     -1.003      0.716      0.000
  89   92     -1.001      1.085      0.000
  88   94     -1.000      0.398      0.000
  91   97     -0.973      0.039      0.000
  93   98     -0.965      0.383      0.000
  94   -2     -0.958      0.931      0.000
  97   88     -0.956     -1.155      0.000
  95  101     -0.954     -0.978      0.000
  -1   -2     -0.949     -0.503      0.000
  98  104     -0.945      0.141      0.000
 100  102     -0.943     -0.641      0.000
  99  103     -0.942      0.749      0.000
 102  105     -0.921      1.170      0.000
 103  106     -0.921     -1.007      0.000
 101  107     -0.921     -0.144      0.000
 104  108     -0.912     -0.725      0.000
  92  121     -0.910     -0.777      0.000
 106  110     -0.907     -1.077      0.000
 107  111     -0.904      1.118      0.000
 108  114     -0.898     -0.097      0.000
 109  113     -0.897     -0.447      0.000
  -1  115     -0.893      0.815      0.000
 112  112     -0.891     -1.174      0.000
 113  118     -0.854      0.879      0.000
 114  119     -0.849      0.035      0.000
 146   -2     -0.843     -1.170      0.000
 117   -2     -0.833     -0.765      0.000
 118  122     -0.829      0.987      0.000
 120  123     -0.824     -0.973      0.000
 115  124     -0.822      1.095      0.000
 122  125     -0.817     -0.917      0.000
 124  126     -0.806     -0.286      0.000
 125  127     -0.803     -0.539      0.000
 121  154     -0.799      0.696      0.000
  -1  128     -0.798      0.512      0.000
  -1   -2     -0.793     -0.973      0.000
 128  129     -0.789      0.050      0.000
  -1   -2     -0.778      0.381      0.000
 129   -2     -0.774      0.843      0.000
 130  130     -0.774      0.956      0.000
  -1   -2     -0.763      0.323      0.000
 131  132     -0.762     -0.669      0.000
  -1  134     -0.757     -1.152      0.000
 127  133     -0.755     -0.939      0.000
 133  135     -0.751     -0.401      0.000
  -1   -2     -0.749      0.251      0.000
 135  136     -0.730     -0.965      0.000
 137  137     -0.725     -0.473      0.000
 138  138     -0.724     -0.205      0.000
 139   -2     -0.722     -1.082      0.000
 140  140     -0.718      0.438      0.000
  -1  141     -0.711     -1.012      0.000
 143  142     -0.708      1.021      0.000
 144  144     -0.702      0.080      0.000
 145  145     -0.696      0.174      0.000
 147  147     -0.690      0.829      0.000
  -1  148     -0.688     -1.173      0.000
 148  149     -0.683     -0.728      0.000
 149  150     -0.679     -0.255      0.000
 150  151     -0.673     -0.462      0.000
 151  153     -0.671     -0.031      0.000
 136  159     -0.669      0.612      0.000
 153  157     -0.645     -0.103      0.000
 154  156     -0.644     -0.724      0.000
 163   -2     -0.642      1.086      0.000
 157  160     -0.620     -0.967      0.000
 158  162     -0.614     -0.237      0.000
 159  163     -0.611      0.422      0.000
 160  161     -0.610     -1.044      0.000
 161  164     -0.605      0.391      0.000
  -1  165     -0.593      0.969      0.000
 164  166     -0.576      0.285      0.000
 166  168     -0.569     -0.052      0.000
 168  167     -0.568     -0.931      0.000
 167  169     -0.566     -0.600      0.000
 180   -2     -0.561     -1.173      0.000
 169  171     -0.560     -0.140      0.000
 178   -2     -0.555      0.444      0.000
 162   -2     -0.548      1.134      0.000
 174  176     -0.530      1.082      0.000
 175  177     -0.522     -0.196      0.000
 176  178     -0.519      0.648      0.000
 177  179     -0.499     -0.511      0.000
 173   -2     -0.488      0.620      0.000
  -1   -2     -0.484     -1.174      0.000
  -1  181     -0.476     -0.735      0.000
  -1  182     -0.474     -1.126      0.000
 188  183     -0.467     -0.563      0.000
 185  184     -0.462     -0.845      0.000
 184  185     -0.459      0.262      0.000
  -1   -2     -0.440     -0.628      0.000
  -1  190     -0.438      0.241      0.000
 187  189     -0.437      0.444      0.000
 203  174     -0.435      0.927      0.000
  -1  186     -0.429     -1.176      0.000
 186  192     -0.429     -0.942      0.000
 190  194     -0.425      0.737      0.000
 192  193     -0.425      1.077      0.000
 191  195     -0.424     -0.465      0.000
 193  197     -0.420     -0.134      0.000
 195  198     -0.407      0.912      0.000
  -1  199     -0.407      0.411      0.000
 194  200     -0.404      0.841      0.000
 196  201     -0.402     -0.834      0.000
 197  202     -0.397      0.342      0.000
 198  203     -0.392      0.660      0.000
 199  204     -0.367     -0.303      0.000
  -1  206     -0.366     -1.173      0.000
 200  205     -0.366     -0.612      0.000
 201  209     -0.342      0.641      0.000
 202  210     -0.337     -0.780      0.000
  -1  211     -0.333      0.609      0.000
  -1  212     -0.330      1.088      0.000
 205  213     -0.321     -0.536      0.000
 206  214     -0.313     -0.826      0.000
 207  217     -0.294      0.566      0.000
 204  218     -0.294      0.036      0.000
  -1  219     -0.283     -0.705      0.000
 208   -2     -0.276      0.821      0.000
 209  220     -0.269     -1.172      0.000
 211  221     -0.268     -0.902      0.000
  -1  222     -0.268     -0.375      0.000
 217   -2     -0.254     -1.122      0.000
 213  224     -0.248     -1.015      0.000
 215   -2     -0.240      0.872      0.000
 210   -2     -0.238     -0.121      0.000
 216  227     -0.224      0.305      0.000
  -1  226     -0.222     -1.089      0.000
 218  229     -0.213     -0.043      0.000
 219  230     -0.211     -0.492      0.000
 233   -2     -0.205     -0.597      0.000
 235  247     -0.194      0.971      0.000
 221  234     -0.193      0.263      0.000
 222  233     -0.192     -0.225      0.000
  -1  232     -0.192     -1.070      0.000
 223  235     -0.190      0.484      0.000
 227  237     -0.188     -1.002      0.000
 225  236     -0.177      1.062      0.000
 226  238     -0.174      0.187      0.000
 228  239     -0.172     -0.509      0.000
 229  240     -0.169     -0.099      0.000
 230  241     -0.146     -0.815      0.000
  -1   -2     -0.144     -0.633      0.000
  -1  243     -0.144     -1.111      0.000
  -1   -2     -0.143      1.155      0.000
 232  245     -0.141     -0.219      0.000
 231  246     -0.140      0.276      0.000
  -1  265     -0.138      0.674      0.000
 234  248     -0.130     -0.457      0.000
 236  250     -0.121      1.065      0.000
  -1  260     -0.119      0.015      0.000
 224   -2     -0.118     -1.173      0.000
 238  251     -0.114      0.450      0.000
 240   -2     -0.099     -0.922      0.000
 241  252     -0.093      0.907      0.000
 243  253     -0.089     -0.290      0.000
  -1  244     -0.088     -0.642      0.000
 244  254     -0.084     -0.871      0.000
 247   -2     -0.082     -1.129      0.000
 245  255     -0.070      1.011      0.000
 246  257     -0.068     -0.330      0.000
 253   -2     -0.063     -0.075      0.000
 248  258     -0.054      0.247      0.000
 249  259     -0.047      0.430      0.000
 250   -2     -0.035      0.051      0.000
  -1  263     -0.034     -1.045      0.000
 255   -2     -0.030      0.954      0.000
 252  262     -0.029      0.286      0.000
  -1  256     -0.015     -1.171      0.000
 257  266     -0.002      0.438      0.000
 258  267     -0.000      0.751      0.000
 259  268      0.000      0.263      0.000
 260  269      0.002      0.115      0.000
 261  270      0.007     -0.023      0.000
 262  272      0.011     -0.989      0.000
 263  271      0.018     -1.111      0.000
 264   -2      0.036      1.149      0.000
  -1   -2      0.036     -1.172      0.000
 265  273      0.039      0.493      0.000
  -1   -2      0.045      1.115      0.000
 256  274      0.053      0.684      0.000
 267  275      0.059     -0.843      0.000
 268  277      0.060      0.129      0.000
 269  278      0.061     -0.690      0.000
  -1  276      0.061      0.920      0.000
  -1  279      0.065      0.602      0.000
 270  280      0.074      0.098      0.000
  -1  290      0.075     -0.514      0.000
 271  281      0.076     -0.012      0.000
 272  282      0.085      0.346      0.000
  -1   -2      0.090     -0.656      0.000
 273  288      0.095     -0.961      0.000
  -1   -2      0.104      0.949      0.000
 276  284      0.107     -1.076      0.000
  -1  285      0.117     -1.160      0.000
  -1   -2      0.129     -0.413      0.000
 277  287      0.133     -0.328      0.000
  -1   -2      0.133      1.165      0.000
  -1   -2      0.135      0.736      0.000
 278   -2      0.139     -0.952      0.000
 279  289      0.142      0.643      0.000
  -1   -2      0.147     -0.482      0.000
 281   -2      0.148      0.509      0.000
 282  292      0.156     -0.997      0.000
 283  293      0.166      0.804      0.000
 284  294      0.175      0.281      0.000
 285  295      0.183     -0.499      0.000
 286  296      0.187     -0.962      0.000
 287  297      0.197     -0.313      0.000
 275  317      0.203     -1.171      0.000
 289  299      0.211     -0.781      0.000
 290  300      0.223      1.001      0.000
 291  301      0.223      0.040      0.000
  -1  303      0.223     -0.399      0.000
 293  302      0.224     -0.997      0.000
  -1  304      0.227      0.737      0.000
  -1   -2      0.227      0.303      0.000
 294  305      0.229     -0.662      0.000
 295  306      0.233      0.421      0.000
 296   -2      0.233     -0.294      0.000
  -1   -2      0.245      0.807      0.000
 297  307      0.249     -0.089      0.000
 298   -2      0.254      0.077      0.000
  -1  309      0.268     -0.471      0.000
 300  311      0.275     -0.253      0.000
 301   -2      0.280      0.115      0.000
 299  310      0.281     -1.154      0.000
 292  321      0.282     -0.233      0.000
 302  313      0.285      0.743      0.000
  -1  314      0.291     -0.636      0.000
 303  315      0.296      0.938      0.000
 306  316      0.307      0.869      0.000
 308  318      0.310      0.195      0.000
  -1  336      0.318      0.550      0.000
  -1  312      0.323      0.138      0.000
  -1  324      0.331      0.657      0.000
 311  320      0.346     -1.128      0.000
 312   -2      0.351     -0.269      0.000
 313  322      0.356     -0.126      0.000
  -1   -2      0.358     -0.439      0.000
 314  323      0.358     -0.980      0.000
 316  325      0.364      0.057      0.000
 317  326      0.368      0.793      0.000
 319  327      0.375     -1.044      0.000
  -1   -2      0.382     -1.172      0.000
 320  329      0.394      0.840      0.000
 321  330      0.396     -0.628      0.000
 305   -2      0.398     -0.788      0.000
 323  332      0.399     -0.292      0.000
 324  335      0.417     -0.930      0.000
 325  334      0.418      0.893      0.000
 327  328      0.421     -1.172      0.000
 328  337      0.438     -0.713      0.000
  -1  339      0.441     -0.299      0.000
  -1  338      0.441      0.055      0.000
 330  341      0.447     -0.345      0.000
  -1   -2      0.458     -1.171      0.000
 352   -2      0.462      0.229      0.000
 339  344      0.464     -1.124      0.000
 335  345      0.471      0.994      0.000
 336  348      0.474      0.134      0.000
 338  346      0.477      0.688      0.000
  -1  350      0.479     -0.943      0.000
 326  363      0.487      0.417      0.000
 340  352      0.491     -0.463      0.000
 342   -2      0.494      0.885      0.000
 341  355      0.511      0.009      0.000
  -1  343      0.511     -1.175      0.000
 329  383      0.522     -0.330      0.000
 344  359      0.523     -0.651      0.000
 345  360      0.538     -1.127      0.000
 346  361      0.542      1.094      0.000
 348  364      0.548     -0.505      0.000
 349  369      0.553     -0.760      0.000
 350  365      0.556      0.574      0.000
  -1  366      0.556      0.479      0.000
 351  367      0.559      0.431      0.000
  -1  372      0.559     -0.241      0.000
 355   -2      0.567     -0.790      0.000
 354  371      0.569      0.167      0.000
  -1  368      0.572      0.247      0.000
 356  374      0.576      0.713      0.000
 357  376      0.579     -0.019      0.000
 358  377      0.596     -0.986      0.000
 359  378      0.599      0.600      0.000
 360  379      0.608     -0.472      0.000
 361  381      0.615     -0.875      0.000
 362   -2      0.618     -0.776      0.000
  -1   -2      0.624      1.148      0.000
 364  382      0.625      1.093      0.000
 365  384      0.626     -1.028      0.000
  -1  380      0.631     -1.168      0.000
 367  385      0.642      0.846      0.000
 369  386      0.646     -0.640      0.000
 370  387      0.654      0.729      0.000
 371  388      0.659     -0.738      0.000
 372   -2      0.678     -0.545      0.000
  -1  390      0.680     -0.591      0.000
 373  389      0.681     -0.034      0.000
 374  391      0.683     -0.939      0.000
  -1   -2      0.690     -0.209      0.000
 376  392      0.703      0.653      0.000
 377  393      0.710      0.413      0.000
  -1  400      0.715      0.768      0.000
  -1  394      0.719     -1.105      0.000
  -1  396      0.721      0.253      0.000
 380  398      0.727     -1.007      0.000
 381  397      0.731     -0.786      0.000
 382  399      0.737     -0.413      0.000
  -1  401      0.739      1.012      0.000
 383   -2      0.749      0.774      0.000
 395  403      0.754     -0.141      0.000
 386  402      0.754      0.698      0.000
 389  404      0.756      0.260      0.000
  -1  405      0.758     -1.059      0.000
 384  407      0.764      1.005      0.000
  -1  408      0.765     -0.636      0.000
 391  409      0.768     -0.233      0.000
 387   -2      0.771     -1.007      0.000
 392  410      0.774      0.390      0.000
 394  412      0.781      0.914      0.000
 396  413      0.789     -0.979      0.000
 397  414      0.795      1.017      0.000
  -1   -2      0.805      1.172      0.000
 399  415      0.813     -0.341      0.000
 400  416      0.817     -0.781      0.000
 393  411      0.819     -0.599      0.000
  -1  418      0.825     -0.017      0.000
 404  419      0.826     -1.103      0.000
 403  420      0.839     -1.044      0.000
 405  425      0.849      0.916      0.000
 406  421      0.851     -0.849      0.000
 416   -2      0.870     -1.152      0.000
 407  422      0.874      1.095      0.000
 410   -2      0.877      0.204      0.000
  -1  431      0.889     -0.676      0.000
 411   -2      0.899     -1.006      0.000
  -1   -2      0.902      0.724      0.000
  -1  427      0.913     -0.948      0.000
 414  428      0.921      0.537      0.000
 417  429      0.923     -0.604      0.000
 418  430      0.931      0.319      0.000
 419  432      0.933      0.275      0.000
  -1   -2      0.935      1.008      0.000
  -1   -2      0.936      0.664      0.000
 420  433      0.938      0.782      0.000
 421  434      0.942      0.955      0.000
 428   -2      0.945     -0.811      0.000
 423  436      0.946      1.067      0.000
 424  437      0.957      0.996      0.000
 413  438      0.961     -0.884      0.000
 425  439      0.970     -0.058      0.000
 426  440      0.983     -0.466      0.000
 427  442      0.991     -0.559      0.000
 429   -2      0.993     -0.279      0.000
 430  444      0.997      0.060      0.000
 415   -2      1.015     -0.176      0.000
 437  443      1.015     -0.309      0.000
 433  448      1.022      0.679      0.000
 434  449      1.032      0.625      0.000
  -1  450      1.036      0.123      0.000
 435  451      1.039      0.577      0.000
 438  452      1.050      0.451      0.000
 440   -2      1.054      0.187      0.000
 441   -2      1.056      0.727      0.000
 442  455      1.063      0.367      0.000
  -1  456      1.066     -0.252      0.000
 444  460      1.066     -1.175      0.000
 443  458      1.073     -0.641      0.000
 445  459      1.077     -0.289      0.000
  -1  469      1.094      1.139      0.000
 446  462      1.096     -0.192      0.000
 447  463      1.101      0.188      0.000
 448  464      1.107     -1.053      0.000
 450  467      1.127      0.476      0.000
 452  468      1.136     -0.724      0.000
 453  470      1.136     -1.165      0.000
  -1   -2      1.139      1.003      0.000
  -1   -2      1.141      0.717      0.000
 454  472      1.146      0.933      0.000
 456  473      1.155     -0.078      0.000
 436   -2      1.159     -0.954      0.000
 458  475      1.167     -0.869      0.000
 460  476      1.171      0.804      0.000
  -1  477      1.174      0.632      0.000
 461   -2      1.176      1.013      0.000
  -1  466      1.184     -0.218      0.000
  -1   -2      1.189      0.311      0.000
 465  481      1.200     -0.051      0.000
 466  482      1.208     -0.644      0.000
  -1  478      1.223      1.124      0.000
  -1  486      1.224     -1.039      0.000
 468   -2      1.228      0.568      0.000
  -1   -2      1.228     -1.070      0.000
 470  483      1.238      0.225      0.000
 469  484      1.246      0.055      0.000
  -1   -2      1.269     -0.992      0.000
 472  487      1.275     -0.607      0.000
 474   -2      1.280      0.867      0.000
 475  488      1.283     -0.685      0.000
  -1  489      1.284     -0.336      0.000
 476  490      1.291     -0.469      0.000
 478  492      1.303      1.028      0.000
 477  493      1.303     -1.098      0.000
  -1  494      1.312     -0.737      0.000
 479  495      1.319     -0.630      0.000
 481  498      1.335     -0.579      0.000
 482  497      1.337      0.249      0.000
 483  499      1.351     -0.613      0.000
 488   -2      1.355     -1.158      0.000
 489   -2      1.357      0.580      0.000
 485  500      1.357     -0.703      0.000
 486  502      1.371     -1.087      0.000
 487  501      1.372      0.271      0.000
 484   -2      1.375      0.964      0.000
 491   -2      1.400      0.194      0.000
 492  505      1.408      0.410      0.000
 490  508      1.415      1.170      0.000
 493  507      1.416     -1.104      0.000
 496  510      1.451     -0.614      0.000
  -1  503      1.452     -1.174      0.000
 498  511      1.454      0.466      0.000
 497  512      1.455     -0.475      0.000
 500  515      1.464     -0.363      0.000
 503  518      1.485      0.152      0.000
 504  520      1.496     -0.929      0.000
  -1   -2      1.502      0.325      0.000
  -1   -2      1.521      0.672      0.000
 506  523      1.523      0.242      0.000
 507   -2      1.527     -0.931      0.000
 510  524      1.535      0.595      0.000
 508  526      1.537      1.138      0.000
  -1  525      1.540     -1.175      0.000
 513  530      1.557     -0.319      0.000
 514  531      1.559      0.944      0.000
 509  532      1.559     -1.108      0.000
 515   -2      1.563      0.685      0.000
 517  533      1.567     -0.128      0.000
 519  535      1.573      0.295      0.000
 518  537      1.576     -1.007      0.000
