545
   0    0     -1.572      0.183      0.000
  -1    6     -1.571      1.170      0.000
   1    2     -1.559     -0.420      0.000
   3    1     -1.558     -0.947      0.000
   2    3     -1.556      0.829      0.000
   4    5     -1.548      0.436      0.000
  -1    7     -1.535     -0.533      0.000
   5    8     -1.522      0.359      0.000
  -1   23     -1.509      0.668      0.000
   9   11     -1.506     -0.478      0.000
   7   12     -1.505      0.058      0.000
  -1   -2     -1.504     -0.974      0.000
  10   10     -1.504      1.047      0.000
  13   14     -1.483      0.871      0.000
  -1    9     -1.475     -0.915      0.000
  -1   -2     -1.473     -1.123      0.000
  23   22     -1.467      0.788      0.000
  15   16     -1.466     -0.516      0.000
  14   19     -1.466     -0.032      0.000
  18   17     -1.464     -0.771      0.000
  -1   15     -1.462     -1.060      0.000
  19   20     -1.460      0.018      0.000
  17   21     -1.460      0.197      0.000
  -1   -2     -1.458      0.748      0.000
  -1   -2     -1.456      0.921      0.000
  35   25     -1.436     -1.161      0.000
  21   27     -1.415      0.474      0.000
  20   28     -1.414     -0.047      0.000
  37   -2     -1.410     -0.672      0.000
  22   30     -1.405      0.670      0.000
  24   32     -1.394     -0.441      0.000
  30   31     -1.376      0.785      0.000
  -1   33     -1.375      0.611      0.000
  29   34     -1.359     -0.170      0.000
  31   -2     -1.349     -0.542      0.000
  32   -2     -1.346     -1.012      0.000
  33   35     -1.336      1.070      0.000
  36   38     -1.314     -1.047      0.000
  -1   39     -1.308     -0.640      0.000
  38   41     -1.299      0.464      0.000
  39   42     -1.293     -0.750      0.000
  41   43     -1.275     -0.965      0.000
  40   44     -1.274      0.728      0.000
  42   45     -1.270     -0.136      0.000
  -1   48     -1.268     -1.177      0.000
  43   46     -1.262      0.826      0.000
  44   49     -1.260     -0.423      0.000
  45   -2     -1.259     -0.080      0.000
  46   50     -1.258      0.942      0.000
  -1   -2     -1.258     -1.146      0.000
  47   52     -1.244      0.451      0.000
  48   51     -1.239      1.118      0.000
  49   53     -1.232     -0.753      0.000
  -1   -2     -1.221      1.160      0.000
  51   55     -1.216     -0.336      0.000
  -1   60     -1.214      0.212      0.000
  52   58     -1.213     -0.439      0.000
  54   56     -1.212     -0.962      0.000
  -1   59     -1.211     -1.119      0.000
  53   61     -1.211      0.535      0.000
  73   37     -1.208     -1.150      0.000
  55   62     -1.204     -0.193      0.000
  57   63     -1.201      0.434      0.000
  56   -2     -1.185      0.735      0.000
  59   66     -1.177      0.598      0.000
  60   67     -1.172      0.371      0.000
  61   -2     -1.172     -0.212      0.000
  64   -2     -1.171     -0.552      0.000
  -1   -2     -1.171     -0.504      0.000
  63   68     -1.168     -0.252      0.000
  65   69     -1.162      0.636      0.000
  66   70     -1.158      1.096      0.000
  68   72     -1.150     -0.945      0.000
  69   73     -1.142     -0.983      0.000
  70   75     -1.134      0.876      0.000
  71   78     -1.118      0.329      0.000
  72   79     -1.111     -0.483      0.000
  62   89     -1.109     -1.176      0.000
  74   80     -1.107      1.133      0.000
  75   81     -1.098     -0.099      0.000
  77   82     -1.079     -1.111      0.000
  76   83     -1.072      0.606      0.000
  78   -2     -1.068     -0.806      0.000
  79   86     -1.042     -0.143      0.000
  -1   76     -1.042     -0.378      0.000
  80   84     -1.041     -1.126      0.000
  81   85     -1.040      0.969      0.000
  83   -2     -1.028      0.341      0.000
  -1   88     -1.027     -0.049      0.000
  87   -2     -1.022     -1.167      0.000
  91   87     -1.020     -0.013      0.000
  84   92     -1.019     -0.226      0.000
  85   -2     -1.017     -0.844      0.000
  86   93     -1.010     -0.944      0.000
  -1   96     -1.003      0.268      0.000
  88   95     -1.001      1.083      0.000
  89   97     -0.995      0.713      0.000
  -1   98     -0.992      0.321      0.000
  92  100     -0.987      0.396      0.000
  93   91     -0.978     -0.779      0.000
  94  102     -0.967     -0.056      0.000
  -1  114     -0.961     -1.146      0.000
  96  103     -0.959      0.039      0.000
  98   -2     -0.957     -0.817      0.000
 101  105     -0.937     -0.639      0.000
 100  106     -0.936      0.747      0.000
 102  107     -0.931      0.140      0.000
 103  108     -0.921     -1.005      0.000
  -1   -2     -0.920      0.611      0.000
 104  113     -0.909     -0.145      0.000
 106  110     -0.908     -0.775      0.000
 107  111     -0.908     -0.722      0.000
  -1  112     -0.905      1.116      0.000
 109  115     -0.889     -0.447      0.000
 111   -2     -0.887      0.815      0.000
 110  117     -0.882     -0.096      0.000
 113   -2     -0.880     -1.171      0.000
  -1   -2     -0.878     -0.344      0.000
 112  118     -0.874      0.066      0.000
 114  119     -0.849      0.878      0.000
 108  129     -0.839      1.051      0.000
 116  121     -0.829     -0.764      0.000
 117  122     -0.827      0.987      0.000
  -1  126     -0.825     -0.970      0.000
 118  123     -0.822      1.095      0.000
 119  124     -0.815     -0.917      0.000
 120  127     -0.796     -0.539      0.000
 121  128     -0.794     -0.285      0.000
 122   -2     -0.793     -0.973      0.000
  -1  116     -0.790      0.697      0.000
  -1   -2     -0.790      0.512      0.000
 123  130     -0.775      0.050      0.000
 124   -2     -0.772      0.956      0.000
 125  132     -0.764     -0.252      0.000
 126  133     -0.758     -0.671      0.000
 127  134     -0.755     -0.937      0.000
  -1  135     -0.751     -1.151      0.000
 128  136     -0.749      0.324      0.000
 129   -2     -0.740     -0.402      0.000
 134  138     -0.735      0.252      0.000
 131  137     -0.731     -0.965      0.000
  -1  139     -0.723     -1.082      0.000
 132  140     -0.716     -0.474      0.000
 133  142     -0.713     -0.204      0.000
 135  141     -0.712     -1.013      0.000
 137  143     -0.706      1.023      0.000
 136  144     -0.704      0.439      0.000
  -1  146     -0.693      0.496      0.000
 138  147     -0.689      0.081      0.000
  -1  145     -0.686     -1.172      0.000
  -1   -2     -0.686     -1.056      0.000
 140  148     -0.685      0.809      0.000
 142  149     -0.683      0.845      0.000
 141  151     -0.683      0.175      0.000
 143  150     -0.679     -0.730      0.000
 144  152     -0.665     -0.258      0.000
 146  153     -0.665     -0.463      0.000
  -1   -2     -0.660      1.143      0.000
 147  154     -0.659      0.614      0.000
 148  155     -0.657     -0.032      0.000
  -1  157     -0.642      1.014      0.000
 150  158     -0.641      1.090      0.000
 149  159     -0.640     -0.726      0.000
 151  161     -0.633     -0.104      0.000
 153  162     -0.632      0.640      0.000
  -1   -2     -0.627      0.119      0.000
 145   -2     -0.619     -0.968      0.000
 155  165     -0.612     -1.046      0.000
 156  166     -0.603     -0.239      0.000
 158  167     -0.592      0.397      0.000
 159  168     -0.589      0.976      0.000
 160  170     -0.566     -0.931      0.000
 161  171     -0.564      0.287      0.000
 162  169     -0.560     -1.171      0.000
 163  172     -0.560     -0.604      0.000
 164  174     -0.546     -0.143      0.000
  -1  175     -0.543      0.873      0.000
 165  177     -0.541      0.448      0.000
 167  178     -0.529      1.090      0.000
  -1  181     -0.518      0.548      0.000
  -1   -2     -0.516     -0.435      0.000
 171  182     -0.512     -0.199      0.000
 170  183     -0.511      0.652      0.000
  -1   -2     -0.511     -0.164      0.000
  -1  185     -0.494     -0.515      0.000
  -1  184     -0.492     -0.626      0.000
  -1  173     -0.492      0.101      0.000
 172  186     -0.479      0.626      0.000
 166  188     -0.476     -1.129      0.000
 173  187     -0.472     -0.742      0.000
 176   -2     -0.461     -1.175      0.000
 174  189     -0.460     -0.568      0.000
 175  190     -0.458     -0.851      0.000
  -1  191     -0.445      0.266      0.000
  -1  193     -0.428     -0.557      0.000
  -1  198     -0.426      0.936      0.000
 180  194     -0.423      1.086      0.000
 181  196     -0.419      0.745      0.000
 182  197     -0.415     -0.470      0.000
 184  199     -0.406     -0.141      0.000
 185   -2     -0.405      0.918      0.000
 187  201     -0.403      0.850      0.000
 169   -2     -0.399      0.411      0.000
 188  202     -0.399     -0.841      0.000
 189  204     -0.386      0.346      0.000
 190  203     -0.385      0.668      0.000
 183   -2     -0.369     -1.173      0.000
  -1   -2     -0.364      0.113      0.000
 193  205     -0.357     -0.308      0.000
 194   -2     -0.352     -1.081      0.000
 191   -2     -0.347     -0.705      0.000
 195  208     -0.336      0.648      0.000
 196  209     -0.334      1.098      0.000
 197  210     -0.333     -0.789      0.000
 198  211     -0.326      0.616      0.000
  -1  212     -0.316      0.027      0.000
 217   -2     -0.314     -0.543      0.000
  -1   -2     -0.312      0.439      0.000
 201  214     -0.309     -0.834      0.000
 200  229     -0.299      0.315      0.000
 202  215     -0.286      0.575      0.000
 203  217     -0.286      0.074      0.000
  -1  224     -0.282     -1.005      0.000
 204  218     -0.279     -0.712      0.000
 205  221     -0.273      0.841      0.000
 207  222     -0.266     -0.911      0.000
 206  219     -0.266     -1.170      0.000
  -1  223     -0.257     -1.129      0.000
 209   -2     -0.246     -1.027      0.000
  -1  225     -0.240      0.881      0.000
 210  226     -0.235     -0.983      0.000
  -1  227     -0.230     -0.125      0.000
 228  207     -0.222     -1.095      0.000
 213   -2     -0.214      0.311      0.000
 214  230     -0.214      0.386      0.000
 215  231     -0.206     -0.045      0.000
 216  233     -0.205     -0.500      0.000
 211  235     -0.191     -1.068      0.000
 219  236     -0.188      0.266      0.000
 220  237     -0.185     -0.230      0.000
 221  250     -0.181      0.493      0.000
 224  234     -0.179     -1.010      0.000
 223  238     -0.176      1.075      0.000
 226  239     -0.167      0.189      0.000
  -1  241     -0.147     -0.074      0.000
 222  243     -0.144     -1.116      0.000
 227  242     -0.143     -0.827      0.000
 212  259     -0.142     -0.202      0.000
 230   -2     -0.139     -0.642      0.000
 231  249     -0.134     -0.229      0.000
 232  248     -0.133      0.280      0.000
  -1   -2     -0.131      0.735      0.000
 233  247     -0.129      0.995      0.000
  -1   -2     -0.128      0.543      0.000
 234  251     -0.124     -0.467      0.000
 235  252     -0.120      1.079      0.000
  -1   -2     -0.113      0.015      0.000
 236  255     -0.108      0.457      0.000
  -1   -2     -0.092     -0.650      0.000
 238  257     -0.091      0.919      0.000
 240  258     -0.085     -0.888      0.000
 241  256     -0.082     -1.153      0.000
 239   -2     -0.082     -0.296      0.000
 242  260     -0.069      1.028      0.000
 243   -2     -0.061     -0.338      0.000
 244  261     -0.051      0.252      0.000
  -1  246     -0.047     -0.677      0.000
 245  262     -0.041      0.436      0.000
 246  264     -0.031      0.052      0.000
 248  263     -0.029      0.967      0.000
 247   -2     -0.027      0.571      0.000
  -1  266     -0.025      0.293      0.000
  -1  265     -0.024     -1.072      0.000
  -1   -2     -0.011      0.892      0.000
  -1  267     -0.011     -0.148      0.000
 250  269      0.000      0.764      0.000
 254   -2      0.001      0.115      0.000
 251  271      0.002      0.445      0.000
 253  272      0.005      0.266      0.000
  -1  281      0.008     -0.027      0.000
 255  268      0.017     -1.118      0.000
  -1   -2      0.023     -0.699      0.000
 257  274      0.043      0.502      0.000
 260  277      0.055      0.305      0.000
 259  275      0.055      0.699      0.000
 261  276      0.057     -0.856      0.000
  -1   -2      0.061     -1.082      0.000
 262  278      0.062     -0.703      0.000
 263  279      0.064      0.131      0.000
 265   -2      0.073     -0.016      0.000
 267  282      0.079      0.098      0.000
 269  284      0.087      0.348      0.000
 270  287      0.105      0.965      0.000
  -1  286      0.105      0.314      0.000
 258  288      0.105     -1.088      0.000
 272  289      0.115     -1.166      0.000
 273  290      0.121     -0.137      0.000
  -1   -2      0.127      0.048      0.000
 275   -2      0.135      0.751      0.000
 276  293      0.141     -0.961      0.000
 277  292      0.142      0.654      0.000
 279  296      0.150      0.520      0.000
 274   -2      0.151     -0.170      0.000
 280   -2      0.154     -1.010      0.000
 281  297      0.167      0.817      0.000
 282  298      0.176      0.286      0.000
 283  299      0.186     -0.509      0.000
 284  300      0.188     -0.975      0.000
 285   -2      0.197     -0.321      0.000
  -1  301      0.201     -1.170      0.000
 286  313      0.214     -1.093      0.000
 287  302      0.214     -0.796      0.000
 290  303      0.221      1.017      0.000
 288  304      0.221     -1.007      0.000
 289  305      0.223      0.040      0.000
  -1  308      0.225     -0.407      0.000
 292  306      0.229     -0.675      0.000
 293  307      0.232      0.430      0.000
  -1   -2      0.234     -0.306      0.000
 294  311      0.249     -0.093      0.000
 296   -2      0.263     -0.696      0.000
 298  314      0.275     -0.260      0.000
 299  316      0.280      0.115      0.000
  -1  317      0.282     -1.165      0.000
 291   -2      0.284      0.755      0.000
 297  334      0.290     -0.641      0.000
 304  319      0.295      0.952      0.000
 301   -2      0.298      1.105      0.000
 306  320      0.304      0.883      0.000
 307  321      0.308      0.198      0.000
  -1  318      0.313      0.735      0.000
 308  322      0.319      0.140      0.000
  -1  327      0.324     -1.028      0.000
 310   -2      0.344     -0.230      0.000
 311  324      0.348     -1.142      0.000
 309  323      0.354     -0.131      0.000
  -1  344      0.355     -0.450      0.000
 313   -2      0.360     -0.992      0.000
 314  326      0.360      0.057      0.000
 315   -2      0.362      0.549      0.000
  -1  335      0.363      1.088      0.000
 316  329      0.367      0.806      0.000
 317   -2      0.376     -1.056      0.000
  -1   -2      0.383     -1.177      0.000
 318  332      0.394     -0.637      0.000
  -1  333      0.397     -0.298      0.000
 321  336      0.416      0.908      0.000
 322  337      0.417     -0.942      0.000
  -1  347      0.432     -1.176      0.000
 324  338      0.434      0.055      0.000
  -1  330      0.435     -1.036      0.000
 327  339      0.436     -0.307      0.000
 325  340      0.437     -0.723      0.000
 328  341      0.445     -0.350      0.000
 320   -2      0.449     -0.765      0.000
 329  343      0.456      0.235      0.000
 331  346      0.469      1.010      0.000
 332  345      0.469      0.135      0.000
  -1  365      0.476      0.700      0.000
 333   -2      0.476     -0.650      0.000
  -1  350      0.479     -0.950      0.000
 335  351      0.488     -0.479      0.000
 330  352      0.488     -1.152      0.000
  -1  348      0.492      0.899      0.000
 336  353      0.495     -0.442      0.000
 337  354      0.505      0.009      0.000
 339  355      0.517     -0.335      0.000
 340  356      0.521     -0.658      0.000
 342  358      0.540     -1.139      0.000
 343  357      0.540      1.107      0.000
 345  359      0.549      0.583      0.000
 344  360      0.549     -0.507      0.000
 347   -2      0.551      0.487      0.000
 348  361      0.556      0.250      0.000
 349  362      0.558     -0.782      0.000
 351  364      0.565     -0.276      0.000
 350  363      0.566      0.171      0.000
  -1   -2      0.567      0.051      0.000
 352   -2      0.569      0.724      0.000
 353  366      0.573     -0.019      0.000
 354  367      0.574     -0.833      0.000
 355  368      0.594      0.607      0.000
  -1  370      0.596      1.134      0.000
 356  369      0.596      0.250      0.000
 357  372      0.606     -0.477      0.000
 358  375      0.614     -0.879      0.000
  -1   -2      0.616      1.065      0.000
  -1   -2      0.622     -0.337      0.000
 359  376      0.623      1.105      0.000
 360  377      0.623      1.162      0.000
 362  373      0.625     -1.168      0.000
 361  378      0.626     -1.034      0.000
 363  380      0.637      0.858      0.000
 364  382      0.644     -0.647      0.000
 365  383      0.649      0.739      0.000
  -1   -2      0.654     -0.071      0.000
 366  384      0.658     -0.743      0.000
  -1  385      0.673     -0.034      0.000
  -1  386      0.677     -0.595      0.000
 367  387      0.683     -0.946      0.000
 368   -2      0.687      1.007      0.000
 369  388      0.698      0.662      0.000
 370  389      0.700      0.402      0.000
 371  391      0.702      0.434      0.000
 372  393      0.714      0.067      0.000
 379  392      0.717      0.254      0.000
 373  402      0.718     -1.108      0.000
 374  394      0.727     -0.789      0.000
 375  397      0.729     -1.013      0.000
 386  381      0.729     -0.416      0.000
 377  396      0.731      0.782      0.000
 378  398      0.737      1.023      0.000
 380  400      0.747      0.706      0.000
 381  401      0.756     -0.587      0.000
 382   -2      0.759     -1.061      0.000
 384  403      0.761     -0.234      0.000
  -1  405      0.764     -0.639      0.000
 385  404      0.766      0.394      0.000
  -1  399      0.775     -0.162      0.000
 387  406      0.777      0.924      0.000
  -1   -2      0.785      1.099      0.000
 388  408      0.790     -0.982      0.000
 389   -2      0.791      1.026      0.000
 390  409      0.807     -0.342      0.000
  -1  410      0.814      0.881      0.000
 393   -2      0.815     -0.012      0.000
 392  411      0.815     -0.600      0.000
 391  412      0.816     -0.781      0.000
 394  413      0.827     -1.105      0.000
 395  414      0.841     -1.045      0.000
 397   -2      0.848     -1.155      0.000
 396  415      0.849     -0.851      0.000
 400  417      0.872      1.104      0.000
 399   -2      0.872      0.243      0.000
  -1  418      0.877     -0.776      0.000
 402   -2      0.885      0.795      0.000
  -1  420      0.898     -1.006      0.000
 406   -2      0.901      1.104      0.000
  -1  419      0.909     -1.142      0.000
 407  421      0.911      0.543      0.000
 408  422      0.913     -0.088      0.000
 411   -2      0.919      0.323      0.000
 410  435      0.922     -0.602      0.000
 412  424      0.922      0.279      0.000
 414   -2      0.922     -1.093      0.000
 413  425      0.929      0.789      0.000
 415  427      0.939      0.962      0.000
 416  428      0.943      1.074      0.000
 417  429      0.944     -0.810      0.000
 418   -2      0.945      1.005      0.000
  -1   -2      0.957     -1.146      0.000
 409   -2      0.960     -0.885      0.000
 421  431      0.962     -0.057      0.000
 422  432      0.978     -0.465      0.000
 423   -2      0.985     -0.277      0.000
 424   -2      0.987     -0.558      0.000
  -1  445      0.988     -0.918      0.000
 425  434      0.989      0.064      0.000
 419   -2      0.995     -1.171      0.000
  -1   -2      0.996     -0.665      0.000
 427   -2      1.001     -0.176      0.000
 428  436      1.013      0.682      0.000
  -1  430      1.018      0.961      0.000
 429   -2      1.023      0.627      0.000
 430  439      1.025      0.125      0.000
 431  440      1.029      0.579      0.000
 438   -2      1.042      0.453      0.000
 436  442      1.047      0.731      0.000
 435  441      1.047     -0.348      0.000
 437  443      1.051      0.369      0.000
  -1   -2      1.058     -0.938      0.000
 441   -2      1.064     -1.174      0.000
 447  433      1.068     -0.283      0.000
  -1  447      1.070     -0.637      0.000
 443  449      1.088     -0.187      0.000
 444  450      1.089      0.193      0.000
  -1   -2      1.103     -0.497      0.000
 445  451      1.106     -1.048      0.000
 446  452      1.114      0.478      0.000
  -1  454      1.128     -0.381      0.000
 449  456      1.133     -0.718      0.000
 450  457      1.134      1.006      0.000
 453  458      1.140      0.934      0.000
 462  448      1.142     -1.163      0.000
 455  461      1.160     -0.950      0.000
 466   -2      1.164      0.633      0.000
 457  464      1.166      0.806      0.000
 456  465      1.167     -0.863      0.000
 459  466      1.173      1.013      0.000
  -1  467      1.183     -0.457      0.000
 461  468      1.189      0.688      0.000
 463  469      1.190     -0.048      0.000
 465  470      1.204     -0.636      0.000
  -1  472      1.219      1.108      0.000
  -1  471      1.230     -1.070      0.000
 468  475      1.237      0.058      0.000
 470  476      1.272     -0.598      0.000
 487   -2      1.279      0.990      0.000
  -1  477      1.280     -0.328      0.000
 471  478      1.280     -0.678      0.000
 477  480      1.284     -1.175      0.000
 472  479      1.286     -0.463      0.000
 473  485      1.291     -0.952      0.000
 474  481      1.299      1.026      0.000
 475  482      1.302     -1.090      0.000
 476  484      1.316     -0.621      0.000
  -1  494      1.346     -1.166      0.000
 482  488      1.350     -0.603      0.000
 484  497      1.351      0.572      0.000
 483  489      1.355     -0.693      0.000
 486  491      1.366      0.268      0.000
 488  493      1.372     -1.078      0.000
 490   -2      1.385     -1.135      0.000
  -1  501      1.393     -1.172      0.000
 491  496      1.400      0.408      0.000
 489   -2      1.409      0.467      0.000
 492  498      1.409      0.097      0.000
 494  500      1.413      1.166      0.000
  -1  505      1.416     -0.344      0.000
 495  499      1.416     -1.093      0.000
 496   -2      1.432      0.801      0.000
 499  502      1.444      0.462      0.000
 500  503      1.450     -0.602      0.000
 498   -2      1.451     -1.175      0.000
 501  504      1.451     -0.466      0.000
 502  506      1.458     -0.535      0.000
 497   -2      1.463     -0.342      0.000
 505  507      1.478      0.157      0.000
 506   -2      1.492     -1.081      0.000
 515   -2      1.494     -0.916      0.000
 508  509      1.503      1.167      0.000
 509  510      1.515      0.242      0.000
 511  512      1.528      0.587      0.000
 510  511      1.535     -1.175      0.000
 512   -2      1.537      1.131      0.000
 513   -2      1.545     -0.625      0.000
 516  514      1.553     -0.310      0.000
 517  515      1.554      0.936      0.000
 518  513      1.555      0.677      0.000
 520  517      1.562     -1.094      0.000
 519  516      1.563     -0.123      0.000
 521  518      1.569      0.294      0.000
  -1   -2      1.572      1.002      0.000
 514   -2      1.573     -0.346      0.000
 522  520      1.576     -0.996      0.000
