518
   0    0     -1.573     -1.175      0.000
  11   -2     -1.571      1.165      0.000
   1    3     -1.565      0.181      0.000
   2    4     -1.561     -0.932      0.000
   3    6     -1.553     -0.407      0.000
   4    7     -1.551      0.814      0.000
  -1    8     -1.548      1.027      0.000
   6   10     -1.538      0.426      0.000
  -1    9     -1.536      0.611      0.000
   9   11     -1.514      0.350      0.000
  10   -2     -1.513     -0.409      0.000
  25    1     -1.502      0.654      0.000
  12   13     -1.499     -0.464      0.000
  13   14     -1.496      0.059      0.000
   8   15     -1.487     -1.171      0.000
  -1   23     -1.484      0.001      0.000
  15   16     -1.481     -0.295      0.000
  -1   -2     -1.478      0.856      0.000
  -1   -2     -1.472     -1.128      0.000
  17   18     -1.464     -0.756      0.000
  18   20     -1.461      0.774      0.000
  19   19     -1.461     -0.503      0.000
  21   22     -1.453      0.906      0.000
  20   24     -1.453     -0.029      0.000
  22   21     -1.453      1.170      0.000
  23   25     -1.451      0.735      0.000
  24   26     -1.449      0.195      0.000
  -1   27     -1.423     -0.291      0.000
  27   32     -1.419     -1.131      0.000
  31   34     -1.404     -0.046      0.000
  14   43     -1.404     -0.660      0.000
  30   28     -1.404      0.462      0.000
  32   31     -1.396      0.659      0.000
  33   30     -1.394     -1.150      0.000
  34   33     -1.387     -0.427      0.000
  -1   35     -1.373      0.776      0.000
  36   38     -1.347     -0.167      0.000
  38   40     -1.345     -0.533      0.000
  40   41     -1.342      1.057      0.000
  37   50     -1.318     -1.035      0.000
  -1   -2     -1.307     -0.544      0.000
  42   -2     -1.305     -0.630      0.000
  43   44     -1.292     -0.739      0.000
  44   47     -1.290      0.460      0.000
  45   46     -1.284     -0.946      0.000
  39   61     -1.280     -1.172      0.000
  -1   -2     -1.263     -1.134      0.000
  48   49     -1.263      0.712      0.000
  50   48     -1.262     -0.970      0.000
  52   51     -1.258      0.816      0.000
  51   53     -1.255     -0.133      0.000
  53   52     -1.254      0.931      0.000
  54   54     -1.250     -0.415      0.000
  -1   -2     -1.249     -0.602      0.000
  55   55     -1.248     -0.077      0.000
  66   -2     -1.239      0.289      0.000
  58   58     -1.230     -0.744      0.000
  57   59     -1.229      0.444      0.000
  60   60     -1.216     -0.949      0.000
  59   62     -1.214      0.723      0.000
  61   -2     -1.213     -1.107      0.000
  62   63     -1.211     -0.647      0.000
  -1   -2     -1.208     -0.882      0.000
  63   64     -1.204     -0.330      0.000
  64   65     -1.203     -0.432      0.000
  67   67     -1.196      0.529      0.000
  68   68     -1.190     -0.188      0.000
  69   70     -1.186      0.428      0.000
  -1   -2     -1.183     -0.998      0.000
  70   71     -1.172      0.740      0.000
  -1   72     -1.162     -0.543      0.000
  72   75     -1.158      0.367      0.000
  71   -2     -1.157     -0.205      0.000
  73   76     -1.155     -0.249      0.000
  75   73     -1.154      1.131      0.000
  77   74     -1.153     -0.934      0.000
  76   77     -1.152      0.630      0.000
  78   78     -1.146     -0.972      0.000
  -1   79     -1.134     -1.173      0.000
  80   -2     -1.134      0.469      0.000
  79   81     -1.129      0.869      0.000
  -1   -2     -1.126     -0.431      0.000
  81   82     -1.108      1.123      0.000
  82   83     -1.102     -0.479      0.000
  83   84     -1.099      0.325      0.000
  85   85     -1.087     -1.105      0.000
  84   86     -1.082     -0.096      0.000
  87   87     -1.066     -0.799      0.000
  90   -2     -1.057     -1.005      0.000
  89   88     -1.056      0.598      0.000
  91   89     -1.046     -1.114      0.000
  92   90     -1.036      0.961      0.000
  93   91     -1.026     -1.161      0.000
  94   92     -1.025     -0.142      0.000
  95   -2     -1.013      0.338      0.000
  98   93     -1.011     -0.937      0.000
 102   95     -1.004     -0.013      0.000
  99   97     -1.004     -0.223      0.000
 100   98     -1.003      0.485      0.000
 101   96     -1.001      1.077      0.000
  -1   99     -0.992      0.262      0.000
  -1  100     -0.984      0.711      0.000
  -1  102     -0.977      0.438      0.000
 103  105     -0.975      0.322      0.000
  97   -2     -0.972     -0.644      0.000
 104  106     -0.970      0.397      0.000
  -1  104     -0.969     -1.138      0.000
 105  107     -0.959     -0.458      0.000
 107   -2     -0.949      0.929      0.000
 106  110     -0.949     -0.054      0.000
  -1  112     -0.946      0.620      0.000
  -1  111     -0.940     -1.069      0.000
 108  113     -0.940      0.039      0.000
 109  114     -0.930     -0.637      0.000
 110  115     -0.927      0.747      0.000
 111  116     -0.920     -0.998      0.000
 112  117     -0.917      1.160      0.000
 113  119     -0.912      0.140      0.000
 114  118     -0.911     -1.069      0.000
 115  120     -0.905      1.113      0.000
 116  121     -0.904     -0.770      0.000
 117  122     -0.902     -0.717      0.000
 118  124     -0.897     -1.169      0.000
 119  123     -0.890     -0.145      0.000
 134  109     -0.877      0.813      0.000
 121  126     -0.877     -0.445      0.000
 122  127     -0.864     -0.096      0.000
 124  129     -0.843      0.879      0.000
 126  131     -0.838      1.050      0.000
  -1   -2     -0.837     -1.165      0.000
 127  132     -0.825     -0.762      0.000
 128  134     -0.824      0.987      0.000
 129  133     -0.823      1.095      0.000
 130   -2     -0.818     -0.809      0.000
  -1  141     -0.805     -1.102      0.000
  -1  130     -0.804      0.281      0.000
 131  136     -0.794     -0.966      0.000
 132  138     -0.785     -0.538      0.000
 133  139     -0.779     -0.285      0.000
 135  140     -0.769      0.957      0.000
 136  144     -0.758      0.050      0.000
 137  142     -0.754     -0.935      0.000
 140  145     -0.752     -0.672      0.000
 138  146     -0.748     -0.254      0.000
 139  150     -0.736      0.329      0.000
 145   -2     -0.726     -1.082      0.000
  -1   -2     -0.717      0.972      0.000
 146   -2     -0.716      0.252      0.000
 144  149     -0.713     -1.013      0.000
 149  152     -0.704     -0.475      0.000
 147   -2     -0.703      1.026      0.000
 141  154     -0.702     -1.174      0.000
 151  155     -0.695     -0.205      0.000
 153  156     -0.691      0.442      0.000
 155  159     -0.678      0.498      0.000
  -1  158     -0.676      0.836      0.000
  -1   -2     -0.675      0.424      0.000
  -1  160     -0.673     -0.733      0.000
 159   -2     -0.668      0.080      0.000
 160  162     -0.664      0.176      0.000
 161  163     -0.656     -0.260      0.000
 162  164     -0.653     -0.466      0.000
  -1   -2     -0.648      0.288      0.000
 164  165     -0.645      1.056      0.000
 163  166     -0.645      0.617      0.000
 165   -2     -0.642      1.096      0.000
 171  157     -0.639     -1.109      0.000
 167  151     -0.639      1.019      0.000
 166  167     -0.638     -0.032      0.000
 168  168     -0.632     -0.727      0.000
  -1   -2     -0.624     -1.165      0.000
 170  169     -0.618     -0.970      0.000
  -1   -2     -0.615      0.750      0.000
 169  173     -0.615     -0.103      0.000
 148  184     -0.613     -1.048      0.000
  -1  161     -0.606      0.119      0.000
 173  175     -0.591      0.004      0.000
 174  176     -0.588     -0.241      0.000
 175  177     -0.584      0.982      0.000
 176  178     -0.576      0.405      0.000
  -1  179     -0.566     -1.176      0.000
 178  180     -0.560     -0.928      0.000
 181  181     -0.550      1.147      0.000
 179  182     -0.549     -0.609      0.000
 180  183     -0.544      0.286      0.000
 185  186     -0.529     -0.145      0.000
 187  185     -0.528      1.098      0.000
 188   -2     -0.526     -1.154      0.000
 186  187     -0.526      0.453      0.000
 191  188     -0.506     -0.236      0.000
 192   -2     -0.505     -0.442      0.000
 193  189     -0.500      0.659      0.000
 194  190     -0.498     -0.202      0.000
 198  193     -0.484     -1.175      0.000
 195  192     -0.482     -0.521      0.000
 196  191     -0.480     -1.138      0.000
 197  194     -0.468      0.633      0.000
 199  195     -0.466     -0.749      0.000
 200  197     -0.456     -0.858      0.000
  -1  198     -0.452     -0.574      0.000
 203  199     -0.433     -0.961      0.000
 202  203     -0.432      0.270      0.000
 205  200     -0.426      0.948      0.000
 206  202     -0.421      1.099      0.000
  -1   -2     -0.417      0.456      0.000
 208  206     -0.410      0.755      0.000
 209  207     -0.405     -0.477      0.000
 207  212     -0.401      0.863      0.000
 211  209     -0.398      0.934      0.000
 213  210     -0.395     -0.851      0.000
 214   -2     -0.393     -0.141      0.000
  -1  211     -0.390      0.416      0.000
 215  213     -0.376      0.678      0.000
 216  214     -0.371      0.351      0.000
 220  219     -0.355     -1.167      0.000
 218  215     -0.354     -1.078      0.000
 217  216     -0.354     -0.626      0.000
 219  220     -0.345     -0.315      0.000
 221  221     -0.329      1.112      0.000
 222  222     -0.328     -0.801      0.000
 223  223     -0.327      0.657      0.000
 250   -2     -0.306      0.025      0.000
 225  226     -0.306     -0.553      0.000
 226  225     -0.306     -0.848      0.000
 227  237     -0.303      0.446      0.000
  -1  230     -0.284     -1.171      0.000
 228  229     -0.279      0.586      0.000
  -1  232     -0.273      0.075      0.000
 230  234     -0.265     -0.925      0.000
  -1  231     -0.261     -1.141      0.000
  -1  227     -0.248     -0.393      0.000
 231  235     -0.247     -1.042      0.000
 232  233     -0.235      0.893      0.000
 233   -2     -0.231     -1.000      0.000
  -1   -2     -0.225     -1.174      0.000
  -1  240     -0.225     -0.129      0.000
 236  238     -0.221     -1.100      0.000
  -1  241     -0.210     -1.154      0.000
 237  242     -0.205      0.315      0.000
 238  243     -0.204      0.393      0.000
 242   -2     -0.198     -0.511      0.000
 234   -2     -0.195     -0.046      0.000
 243  246     -0.192     -1.069      0.000
 258   -2     -0.190     -0.621      0.000
 245  251     -0.176      0.273      0.000
 247  249     -0.176      1.095      0.000
 246  252     -0.175      0.502      0.000
 248  250     -0.173     -1.029      0.000
 249  254     -0.156      0.191      0.000
 264   -2     -0.144     -1.121      0.000
 251  255     -0.141     -0.844      0.000
 252  271     -0.129      0.743      0.000
 254  259     -0.127     -0.231      0.000
 255  260     -0.125      0.285      0.000
 256  262     -0.121      0.555      0.000
 257  261     -0.120      1.098      0.000
  -1  247     -0.116     -0.480      0.000
 260  263     -0.103      0.015      0.000
 261  264     -0.101      0.467      0.000
 253   -2     -0.090     -1.162      0.000
 262  267     -0.088      0.939      0.000
 263  268     -0.085     -0.903      0.000
 265  269     -0.079     -0.313      0.000
 266  270     -0.068      1.047      0.000
  -1   -2     -0.058      1.163      0.000
 268   -2     -0.055     -0.348      0.000
  -1  273     -0.046      0.261      0.000
 270  275     -0.044      0.948      0.000
 274  274     -0.038      0.995      0.000
 273  277     -0.025     -1.075      0.000
 275  280     -0.025      0.052      0.000
 276   -2     -0.019      0.298      0.000
  -1  281     -0.015      0.982      0.000
  -1  282     -0.010      0.903      0.000
 267  287      0.002     -1.001      0.000
 278  286      0.003      0.782      0.000
 280  284      0.004      0.115      0.000
 281  288      0.006      0.455      0.000
 282  289      0.009      0.272      0.000
 277   -2      0.014     -0.018      0.000
 284  293      0.046      0.512      0.000
  -1  279      0.049      1.152      0.000
 285  294      0.056      0.715      0.000
 286  297      0.062     -0.874      0.000
 287  298      0.065     -0.721      0.000
 288  299      0.067      0.133      0.000
 290  300      0.077     -0.539      0.000
 291  290      0.078     -0.020      0.000
 292  301      0.081      0.099      0.000
  -1   -2      0.085     -0.779      0.000
 296  292      0.085     -1.171      0.000
 293  302      0.091      0.357      0.000
 294  304      0.104      0.986      0.000
 295  305      0.106     -1.110      0.000
 298  307      0.132     -0.438      0.000
 300   -2      0.134      0.766      0.000
 299  308      0.134     -0.348      0.000
 301  309      0.138     -0.947      0.000
 302  310      0.142      0.669      0.000
  -1   -2      0.148     -0.506      0.000
 316  278      0.148      0.526      0.000
 304  312      0.153     -1.025      0.000
 305  313      0.167      0.836      0.000
 306  314      0.176      0.292      0.000
  -1  315      0.183     -0.524      0.000
 307  316      0.187     -0.996      0.000
 314  311      0.198     -0.331      0.000
 311  318      0.212     -0.812      0.000
 312   -2      0.212     -1.022      0.000
 309  319      0.219      1.037      0.000
 313  321      0.221      0.039      0.000
 318  320      0.228     -1.007      0.000
 315  322      0.228     -0.692      0.000
 319  328      0.248     -0.097      0.000
 320  329      0.273     -0.267      0.000
 321   -2      0.275     -1.118      0.000
 323  330      0.282      0.773      0.000
 324  332      0.291      0.973      0.000
 325  334      0.295      1.124      0.000
 326  333      0.298      0.903      0.000
 327  336      0.305      0.201      0.000
 329  337      0.311      0.571      0.000
 344  331      0.311     -1.169      0.000
  -1  338      0.324     -1.044      0.000
 330  339      0.338     -0.235      0.000
  -1  350      0.353     -0.459      0.000
 333  342      0.356      0.056      0.000
 334   -2      0.358      0.724      0.000
  -1  344      0.358     -0.671      0.000
  -1  343      0.360     -1.008      0.000
  -1   -2      0.362      1.107      0.000
 336  345      0.364      0.824      0.000
 337   -2      0.372      0.278      0.000
 338  346      0.377     -1.072      0.000
 341  348      0.393     -0.305      0.000
 340  349      0.393     -0.651      0.000
  -1   -2      0.394     -0.811      0.000
 342  347      0.410      0.926      0.000
 343  352      0.417     -0.956      0.000
  -1  365      0.426     -1.165      0.000
 345  354      0.430      0.056      0.000
 346  355      0.433     -0.314      0.000
 347  356      0.436     -0.736      0.000
 348  357      0.442     -0.358      0.000
 349  358      0.449      0.239      0.000
 350  359      0.455     -0.540      0.000
 351  360      0.462      0.140      0.000
 352  361      0.465      1.024      0.000
 365  340      0.479     -1.160      0.000
 356  364      0.482     -0.489      0.000
  -1  366      0.492      0.984      0.000
 358  367      0.500      0.009      0.000
 360  368      0.510     -0.343      0.000
  -1   -2      0.510      0.588      0.000
  -1  369      0.512     -0.819      0.000
 368  375      0.516      0.405      0.000
 362  371      0.518     -0.669      0.000
 363  372      0.537      1.124      0.000
 364  370      0.539      0.594      0.000
 366  373      0.544      0.257      0.000
 367  376      0.545     -0.516      0.000
 369  377      0.555     -0.790      0.000
 370  379      0.562      0.740      0.000
 371  380      0.564     -0.020      0.000
 373  381      0.572     -0.842      0.000
  -1   -2      0.575      0.289      0.000
 379   -2      0.583      0.617      0.000
 375   -2      0.585      0.255      0.000
 384  374      0.596     -1.162      0.000
 378  382      0.598     -0.485      0.000
 377  383      0.598     -0.994      0.000
 380  384      0.611     -0.892      0.000
 383  388      0.625     -1.043      0.000
  -1  387      0.628      0.692      0.000
 385  389      0.631      0.874      0.000
 387  391      0.639     -0.654      0.000
 388  390      0.641      0.753      0.000
 389  394      0.656     -0.750      0.000
 408   -2      0.663     -0.033      0.000
  -1  396      0.682     -0.954      0.000
 393  397      0.686      0.672      0.000
 392  398      0.687      0.410      0.000
 394  399      0.690      0.443      0.000
  -1  392      0.698     -1.173      0.000
 395  395      0.707      0.069      0.000
 397  400      0.722      0.794      0.000
 386  412      0.723     -0.419      0.000
 396  402      0.724     -0.794      0.000
 391  411      0.730      1.035      0.000
 399  405      0.732     -1.017      0.000
 401  403      0.733      0.270      0.000
 402  406      0.737      0.718      0.000
 404  407      0.750      0.403      0.000
  -1  410      0.752     -0.234      0.000
 406  408      0.755     -0.643      0.000
 411  409      0.759     -1.066      0.000
 413  404      0.761      1.034      0.000
 382   -2      0.762     -0.166      0.000
 415   -2      0.770      0.941      0.000
 412   -2      0.788     -0.982      0.000
 414  416      0.798     -0.345      0.000
 417  418      0.810     -0.602      0.000
 418  421      0.829     -1.109      0.000
 416   -2      0.832      0.099      0.000
  -1  417      0.840      0.926      0.000
 419  422      0.842     -1.047      0.000
 423  415      0.847     -0.852      0.000
 427   -2      0.855     -1.154      0.000
  -1  424      0.869     -0.282      0.000
 424  425      0.873     -0.445      0.000
 426  427      0.876      0.803      0.000
  -1  428      0.877      1.114      0.000
 428  426      0.878      0.734      0.000
 432  431      0.896      0.549      0.000
 433  430      0.897     -0.086      0.000
 431  432      0.897     -1.006      0.000
 434  433      0.905      0.327      0.000
 435  434      0.907      0.283      0.000
 442  423      0.919     -0.875      0.000
 425  453      0.932      1.025      0.000
 438  440      0.933      0.971      0.000
 439  442      0.939      1.083      0.000
 440  443      0.948      1.007      0.000
 441  444      0.951     -0.052      0.000
  -1  438      0.959     -1.144      0.000
  -1   -2      0.964      0.283      0.000
 430   -2      0.964     -0.212      0.000
 443  445      0.970     -0.464      0.000
 444  446      0.974     -0.274      0.000
 446  447      0.981     -0.557      0.000
 445  448      0.982      0.068      0.000
 448  449      0.991     -0.172      0.000
 451  452      1.011      0.633      0.000
 450  454      1.015      0.129      0.000
 452  455      1.015      0.585      0.000
  -1  458      1.023     -1.173      0.000
 453  456      1.026      0.459      0.000
 454   -2      1.034      0.257      0.000
 455  457      1.035      0.373      0.000
 456  451      1.035      0.738      0.000
 464   -2      1.047     -0.246      0.000
 465   -2      1.054     -0.341      0.000
  -1   -2      1.063     -0.434      0.000
 458  461      1.063     -0.631      0.000
 460  462      1.074      0.195      0.000
  -1  463      1.077     -0.184      0.000
  -1  464      1.087     -0.750      0.000
 462  465      1.099      0.480      0.000
 463  466      1.107     -1.041      0.000
 471  467      1.119      0.414      0.000
  -1  478      1.121      0.720      0.000
 466  469      1.129     -0.710      0.000
 467  470      1.133     -0.070      0.000
 468   -2      1.134      0.937      0.000
 469  471      1.144     -1.156      0.000
 470  472      1.153      0.632      0.000
 472  473      1.154      0.807      0.000
  -1  475      1.160     -0.942      0.000
  -1  481      1.160     -0.640      0.000
 474  477      1.166     -0.855      0.000
 475  476      1.167      1.014      0.000
  -1  468      1.174     -0.460      0.000
  -1   -2      1.176      0.688      0.000
 476  479      1.178     -0.044      0.000
 478   -2      1.200     -0.628      0.000
  -1   -2      1.216     -0.027      0.000
  -1  483      1.217      0.229      0.000
 481  484      1.224      0.062      0.000
  -1  485      1.225     -1.009      0.000
 482  486      1.255      0.889      0.000
 484  488      1.267     -0.587      0.000
 486  490      1.278     -0.452      0.000
 487   -2      1.292     -0.940      0.000
 488  491      1.293      1.025      0.000
  -1  487      1.301     -1.174      0.000
 489  492      1.304     -1.081      0.000
 483   -2      1.306     -0.267      0.000
 491  494      1.313     -0.609      0.000
 492  498      1.346     -0.589      0.000
 493  500      1.348     -0.218      0.000
 494  501      1.353     -0.681      0.000
 495  499      1.353      0.273      0.000
 496  502      1.366      0.590      0.000
 499  504      1.381     -0.572      0.000
 501  505      1.382     -0.158      0.000
 504  503      1.385     -1.069      0.000
 500  506      1.385     -1.122      0.000
 502  507      1.387      0.407      0.000
  -1  508      1.389     -1.174      0.000
 503   -2      1.412      1.159      0.000
 506  511      1.432      0.460      0.000
 498   -2      1.445     -1.170      0.000
 507  513      1.445     -0.591      0.000
 508  514      1.447     -0.452      0.000
 509  515      1.453     -0.340      0.000
 510   -2      1.454     -0.519      0.000
  -1  518      1.468      0.066      0.000
 511  519      1.469      0.150      0.000
  -1  516      1.480     -0.489      0.000
  -1  520      1.493     -1.070      0.000
 514  521      1.493     -0.898      0.000
 516  522      1.501     -0.271      0.000
 515  509      1.503      1.149      0.000
 517  523      1.506      0.241      0.000
  -1   -2      1.511     -1.165      0.000
 518  525      1.516      0.580      0.000
  -1   -2      1.526     -0.976      0.000
 521  526      1.544      0.668      0.000
 522  528      1.546      0.923      0.000
 523  529      1.549     -0.299      0.000
  -1   -2      1.552      0.024      0.000
 520  532      1.557     -1.176      0.000
 524  531      1.558     -0.114      0.000
 525  533      1.561      0.291      0.000
  -1   -2      1.561      0.992      0.000
 526  534      1.565     -1.076      0.000
 527   -2      1.569     -0.333      0.000
 528  535      1.573     -0.974      0.000
