536
   0    1     -1.574     -1.174      0.000
  11   -2     -1.572      0.661      0.000
  -1   -2     -1.562      0.982      0.000
   2    3     -1.562      0.180      0.000
   3    2     -1.560     -0.927      0.000
  -1    4     -1.551     -1.139      0.000
   4    5     -1.551     -0.404      0.000
   5    6     -1.550      0.809      0.000
   6   12     -1.546      1.021      0.000
   8   14     -1.532      0.604      0.000
   7    9     -1.531      0.421      0.000
   9   11     -1.510      0.349      0.000
  -1   -2     -1.499      0.651      0.000
  12   13     -1.498     -0.460      0.000
  13   15     -1.492      0.060      0.000
  14    8     -1.490     -1.170      0.000
  16   18     -1.479     -0.292      0.000
  -1   10     -1.478     -0.899      0.000
  19   19     -1.463     -0.751      0.000
  21   21     -1.459     -0.499      0.000
  20   20     -1.458      0.770      0.000
  24   22     -1.452      1.168      0.000
  22   23     -1.452      0.903      0.000
  15   25     -1.450      0.020      0.000
  23   26     -1.449     -0.028      0.000
  25   24     -1.449      0.732      0.000
  26   27     -1.445      0.195      0.000
  27   30     -1.424     -0.294      0.000
  31   -2     -1.399      0.464      0.000
  -1   -2     -1.398      0.820      0.000
  33   28     -1.395     -1.171      0.000
  32   34     -1.394      0.656      0.000
  28   33     -1.392     -1.124      0.000
  34   35     -1.385     -0.425      0.000
  29   36     -1.370     -0.027      0.000
  35   37     -1.367      0.771      0.000
  -1   39     -1.361      0.598      0.000
  -1   40     -1.349     -0.992      0.000
  36   43     -1.345     -0.166      0.000
  -1   31     -1.345      0.885      0.000
  37   42     -1.341     -0.531      0.000
  38   41     -1.335      1.053      0.000
  -1   44     -1.319     -1.032      0.000
  30   73     -1.302     -0.627      0.000
  42   46     -1.292     -0.737      0.000
  -1   48     -1.288     -1.169      0.000
  44   47     -1.285     -0.944      0.000
  43   49     -1.284      0.456      0.000
  48   50     -1.264     -0.969      0.000
  47   51     -1.262      0.711      0.000
  39   -2     -1.257     -1.100      0.000
  49   52     -1.255      0.815      0.000
  51   53     -1.253      0.927      0.000
  50   54     -1.251     -0.132      0.000
  52   55     -1.247     -0.413      0.000
  54   -2     -1.244     -0.076      0.000
  -1   56     -1.241      1.105      0.000
  -1   -2     -1.229      0.290      0.000
  56   57     -1.229     -0.742      0.000
  57   58     -1.226      0.443      0.000
  58   60     -1.216     -0.945      0.000
  45   70     -1.215     -1.108      0.000
  59   63     -1.212      0.722      0.000
  61   45     -1.209     -0.642      0.000
  63   64     -1.200     -0.328      0.000
  64   65     -1.200     -0.429      0.000
  -1   67     -1.193      0.207      0.000
  65   66     -1.193      0.528      0.000
  66   77     -1.184     -0.187      0.000
  -1   68     -1.183      0.600      0.000
  67   69     -1.182      0.427      0.000
  69   71     -1.170      0.740      0.000
  70   -2     -1.167     -0.540      0.000
  74   74     -1.155      1.112      0.000
  75   76     -1.153     -0.930      0.000
  71   79     -1.151      0.366      0.000
  73   78     -1.150     -0.246      0.000
  76   81     -1.147      0.627      0.000
  77   80     -1.146     -0.969      0.000
  78   72     -1.137     -1.174      0.000
  -1   -2     -1.134     -1.137      0.000
  80   82     -1.128      0.868      0.000
  82   84     -1.108      1.121      0.000
  83   85     -1.098     -0.476      0.000
  84   86     -1.094      0.325      0.000
  85   87     -1.088     -1.103      0.000
  86   -2     -1.076     -0.096      0.000
  87   88     -1.065     -0.797      0.000
  89   89     -1.052      0.596      0.000
  90   -2     -1.046     -1.110      0.000
  91   -2     -1.034      0.960      0.000
  92   90     -1.024     -1.159      0.000
  93   91     -1.020     -0.142      0.000
  95   92     -1.010     -0.934      0.000
  -1   95     -1.009     -0.052      0.000
  96   -2     -1.005     -0.009      0.000
  99   94     -1.001      1.076      0.000
  97   96     -0.999     -0.223      0.000
  98   -2     -0.999      0.484      0.000
 100   97     -0.985      0.264      0.000
 101   98     -0.982      0.711      0.000
  -1   -2     -0.980      0.457      0.000
 102   -2     -0.977      0.426      0.000
  -1   -2     -0.970     -0.644      0.000
 106  103     -0.970     -1.136      0.000
 103   99     -0.969      0.322      0.000
 105  100     -0.964      0.397      0.000
 107  101     -0.957     -0.456      0.000
  -1   -2     -0.956     -0.992      0.000
 124   -2     -0.948      0.928      0.000
 109  104     -0.944     -0.055      0.000
 111  102     -0.942     -1.065      0.000
 110  105     -0.941      0.620      0.000
 112  106     -0.934      0.039      0.000
 113  107     -0.928     -0.635      0.000
 114  108     -0.924      0.746      0.000
 115  109     -0.919     -0.996      0.000
 116  110     -0.917      1.159      0.000
 118  111     -0.912     -1.067      0.000
 117  115     -0.906      0.140      0.000
 119  113     -0.904      1.113      0.000
 120  114     -0.903     -0.769      0.000
 121  116     -0.900     -0.717      0.000
 123  117     -0.885     -0.144      0.000
 122  118     -0.883     -1.167      0.000
  -1  119     -0.874      0.812      0.000
 125  120     -0.873     -0.444      0.000
 126  122     -0.858     -0.097      0.000
  -1  121     -0.856     -0.342      0.000
 127  125     -0.841      0.879      0.000
 135   -2     -0.838      0.219      0.000
 128  126     -0.837      1.050      0.000
 130  127     -0.824     -0.761      0.000
 132  128     -0.822      1.095      0.000
 131  129     -0.822      0.987      0.000
  -1   -2     -0.815     -0.040      0.000
 136   -2     -0.796     -0.968      0.000
  -1  132     -0.787      0.773      0.000
 137  133     -0.782     -0.539      0.000
 138  135     -0.775     -0.286      0.000
 139  136     -0.767      0.957      0.000
 134   -2     -0.759     -1.114      0.000
 141   -2     -0.754     -0.936      0.000
  -1  149     -0.752     -1.154      0.000
 140  138     -0.751      0.050      0.000
 142  139     -0.749     -0.671      0.000
 143  141     -0.745     -0.254      0.000
  -1  137     -0.730     -0.965      0.000
  -1  142     -0.726      0.326      0.000
 148  145     -0.712     -1.012      0.000
 144   -2     -0.711      0.252      0.000
 167  146     -0.701      1.027      0.000
 149  147     -0.701     -0.475      0.000
  -1  148     -0.699      0.589      0.000
 151   -2     -0.691     -1.172      0.000
 152  150     -0.690     -0.206      0.000
 153  151     -0.686      0.442      0.000
 166   -2     -0.679     -1.134      0.000
 155  152     -0.674      0.837      0.000
 154   -2     -0.674      0.500      0.000
 157  153     -0.672     -0.733      0.000
 175   -2     -0.665      0.081      0.000
 159  155     -0.659      0.176      0.000
 160  156     -0.652     -0.260      0.000
 161  157     -0.649     -0.466      0.000
 163  158     -0.641      1.096      0.000
 164  159     -0.641      0.618      0.000
 168  160     -0.633     -0.032      0.000
 169  161     -0.630     -0.728      0.000
 171  162     -0.618     -0.971      0.000
  -1   -2     -0.615     -1.095      0.000
  -1  163     -0.614      0.642      0.000
  -1  164     -0.613     -1.049      0.000
 173  165     -0.609     -0.103      0.000
  -1   -2     -0.587     -1.084      0.000
 176   -2     -0.586      0.004      0.000
 177  167     -0.584     -0.242      0.000
 178  166     -0.582      0.984      0.000
 179  168     -0.571      0.406      0.000
 180  169     -0.560     -1.170      0.000
 181  170     -0.556     -0.926      0.000
 182  171     -0.549      1.148      0.000
 183  172     -0.546     -0.610      0.000
 184  174     -0.542      0.288      0.000
 174  182     -0.538     -1.087      0.000
 186  176     -0.527      1.100      0.000
 185  177     -0.523     -0.145      0.000
 188  179     -0.522      0.453      0.000
 189   -2     -0.500     -0.236      0.000
 191  180     -0.497      0.661      0.000
 192  181     -0.494     -0.204      0.000
 195   -2     -0.481     -1.139      0.000
 194   -2     -0.479     -0.523      0.000
 193  187     -0.469     -1.167      0.000
 196  184     -0.465      0.635      0.000
 197  183     -0.464     -0.751      0.000
  -1  197     -0.460      0.890      0.000
 198  185     -0.455     -0.860      0.000
 199  186     -0.448     -0.575      0.000
 200  189     -0.425     -0.960      0.000
 202  190     -0.423      0.949      0.000
  -1  191     -0.423     -0.644      0.000
 203  192     -0.421      1.100      0.000
 201  193     -0.421      0.262      0.000
  -1   -2     -0.420     -0.561      0.000
  -1   -2     -0.413      0.460      0.000
 205  194     -0.407      0.758      0.000
 206  196     -0.401     -0.479      0.000
  -1   -2     -0.398      0.867      0.000
 208  198     -0.396      0.937      0.000
 209  199     -0.393     -0.853      0.000
 211   -2     -0.388      0.416      0.000
 207   -2     -0.372      0.847      0.000
 212  201     -0.371      0.681      0.000
 213  202     -0.368      0.352      0.000
 215  204     -0.355     -1.078      0.000
 216  205     -0.351     -0.629      0.000
  -1   -2     -0.349     -1.101      0.000
  -1  206     -0.343      0.114      0.000
 214  203     -0.341     -1.165      0.000
 217  207     -0.341     -0.317      0.000
 218  208     -0.334      1.116      0.000
 219  209     -0.327     -0.803      0.000
 220  210     -0.325      0.656      0.000
  -1  211     -0.315      0.630      0.000
 223  212     -0.304     -0.850      0.000
 222  213     -0.304     -0.556      0.000
 230   -2     -0.302     -0.451      0.000
  -1   -2     -0.276      0.321      0.000
 226  217     -0.275      0.589      0.000
 225  220     -0.271     -1.169      0.000
 229  216     -0.269     -1.118      0.000
 227  214     -0.268      0.075      0.000
 232  218     -0.264      0.852      0.000
 228  219     -0.263     -0.928      0.000
 231  221     -0.247     -1.042      0.000
  -1   -2     -0.244     -0.189      0.000
 224   -2     -0.235      0.510      0.000
 236  223     -0.229     -1.091      0.000
  -1   -2     -0.226      1.173      0.000
 235  225     -0.222     -0.131      0.000
 237   -2     -0.211     -1.154      0.000
 238  226     -0.202      0.318      0.000
 239  227     -0.202      0.395      0.000
  -1  228     -0.193     -0.624      0.000
  -1  230     -0.191     -0.046      0.000
 242  229     -0.190     -1.070      0.000
 256   -2     -0.189     -0.516      0.000
  -1  232     -0.178      1.063      0.000
 245   -2     -0.175      1.100      0.000
 247  233     -0.175     -1.032      0.000
 244  236     -0.173      0.273      0.000
 246   -2     -0.172      0.504      0.000
  -1  235     -0.158      0.624      0.000
 248  237     -0.152      0.193      0.000
 250  239     -0.139     -0.848      0.000
  -1  241     -0.133     -0.206      0.000
  -1   -2     -0.132     -0.657      0.000
  -1  242     -0.125      1.019      0.000
 252  243     -0.123     -0.239      0.000
 253  244     -0.122      0.287      0.000
 255  245     -0.119      1.103      0.000
 254   -2     -0.117      0.561      0.000
 257  247     -0.100      0.014      0.000
 258  248     -0.098      0.470      0.000
  -1   -2     -0.094     -0.956      0.000
  -1   -2     -0.088     -1.164      0.000
 260  249     -0.088      0.944      0.000
 261  250     -0.080     -0.908      0.000
 262  251     -0.079     -0.314      0.000
 263  253     -0.067      1.053      0.000
 251   -2     -0.053      0.768      0.000
  -1   -2     -0.045     -0.697      0.000
 266  256     -0.042      0.256      0.000
 268  257     -0.036      0.999      0.000
 267   -2     -0.034      0.955      0.000
  -1  258     -0.033      0.453      0.000
 269   -2     -0.029     -1.081      0.000
 300   -2     -0.024      0.589      0.000
 281   -2     -0.023      1.025      0.000
 270  259     -0.023      0.052      0.000
 272  261     -0.014      0.986      0.000
 273   -2     -0.009      0.906      0.000
  -1  252      0.002     -1.164      0.000
 276  262      0.004      0.115      0.000
  -1  271      0.004      0.685      0.000
 275  263      0.004      0.786      0.000
 274   -2      0.005     -1.005      0.000
 277  264      0.008      0.458      0.000
 278   -2      0.012      0.273      0.000
 287  267      0.018     -0.017      0.000
  -1   -2      0.021     -0.221      0.000
 290   -2      0.042     -1.143      0.000
 280  269      0.047      0.518      0.000
 282   -2      0.058      0.720      0.000
  -1  265      0.058     -1.062      0.000
  -1  266      0.060      0.306      0.000
 283  272      0.063     -0.878      0.000
 284  273      0.066     -0.725      0.000
 285  274      0.069      0.133      0.000
 286  275      0.080     -0.542      0.000
 288  277      0.082      0.099      0.000
 291   -2      0.093      0.359      0.000
  -1  279      0.099     -1.172      0.000
 292   -2      0.105      0.991      0.000
 293  280      0.107     -1.112      0.000
  -1   -2      0.109      0.323      0.000
 294   -2      0.132     -0.442      0.000
 296  281      0.137     -0.349      0.000
 297  282      0.138     -0.948      0.000
 298  283      0.143      0.673      0.000
 306  276      0.152     -0.177      0.000
 301   -2      0.155     -1.031      0.000
 302  285      0.168      0.840      0.000
 303  286      0.176      0.293      0.000
 304  287      0.186     -0.527      0.000
 305  288      0.189     -1.000      0.000
  -1  290      0.198     -0.334      0.000
 307  291      0.212     -0.815      0.000
 309   -2      0.214      1.046      0.000
 311   -2      0.221     -1.030      0.000
 310  293      0.223      0.039      0.000
 312  296      0.229     -0.696      0.000
  -1  297      0.231      0.319      0.000
  -1  298      0.231      0.442      0.000
  -1  299      0.233     -0.319      0.000
  -1  300      0.238      0.843      0.000
  -1  292      0.244      1.032      0.000
 313  302      0.248     -0.098      0.000
 314  303      0.274     -0.272      0.000
 316  305      0.281      0.776      0.000
 322  311      0.288     -1.175      0.000
 317  306      0.292      0.978      0.000
 319  307      0.299      0.908      0.000
 318  308      0.299      1.128      0.000
  -1   -2      0.304     -0.830      0.000
 320  309      0.305      0.202      0.000
 321  310      0.312      0.579      0.000
 323  312      0.326     -1.048      0.000
 324  313      0.340     -0.241      0.000
 348  289      0.350     -1.164      0.000
  -1  314      0.353     -0.133      0.000
 326  315      0.356      0.056      0.000
 329  318      0.360     -1.012      0.000
 328  316      0.361     -0.678      0.000
 331  319      0.363      0.830      0.000
 333  320      0.378     -1.076      0.000
 337   -2      0.387      0.873      0.000
 334  322      0.392     -0.307      0.000
 335  323      0.393     -0.656      0.000
 325  331      0.393     -0.399      0.000
  -1   -2      0.406     -0.258      0.000
 338  326      0.417     -0.959      0.000
  -1  327      0.425      0.529      0.000
 340  328      0.428      0.055      0.000
 341  329      0.432     -0.316      0.000
 342  330      0.436     -0.738      0.000
 343   -2      0.442     -0.359      0.000
 344  332      0.448      0.241      0.000
 345  333      0.454     -0.542      0.000
 346  334      0.461      0.140      0.000
 347  335      0.465      1.029      0.000
  -1   -2      0.471      0.717      0.000
  -1  336      0.474     -0.663      0.000
 349  337      0.483     -0.491      0.000
 339   -2      0.484     -1.155      0.000
 350   -2      0.491      0.989      0.000
 351  339      0.497      0.008      0.000
 352  342      0.509     -0.344      0.000
 354  343      0.513     -0.822      0.000
 358  341      0.513      0.584      0.000
 356  344      0.517     -0.672      0.000
 357  347      0.537      1.131      0.000
 359  348      0.540      0.258      0.000
 368  338      0.540     -1.157      0.000
 355  349      0.541      0.452      0.000
 360  350      0.547     -0.522      0.000
 361  353      0.554     -0.792      0.000
  -1   -2      0.555     -0.284      0.000
 362  354      0.561      0.742      0.000
 363  355      0.561     -0.019      0.000
 364  358      0.573     -0.845      0.000
 369  362      0.597     -0.487      0.000
 370  363      0.599     -0.994      0.000
 371  364      0.611     -0.893      0.000
  -1  366      0.620     -0.344      0.000
  -1  367      0.621      1.127      0.000
 373  368      0.626      0.699      0.000
 372  365      0.626     -1.045      0.000
 374  369      0.630      0.877      0.000
 376  370      0.639      0.756      0.000
 375  372      0.639     -0.656      0.000
 383  361      0.641     -1.168      0.000
  -1   -2      0.647      0.387      0.000
 377  374      0.656     -0.751      0.000
 384  359      0.660     -0.033      0.000
 379  383      0.683     -0.957      0.000
 380  378      0.685      0.676      0.000
 381  377      0.685      0.413      0.000
 382  379      0.688      0.445      0.000
 385  382      0.721      0.797      0.000
  -1  380      0.722     -0.420      0.000
 387  381      0.724     -0.796      0.000
 390  387      0.730      0.273      0.000
 396  376      0.730      1.038      0.000
 389   -2      0.732     -1.017      0.000
 391  384      0.735      0.720      0.000
 392   -2      0.750      0.403      0.000
 394  389      0.755     -0.643      0.000
 395  390      0.759     -1.067      0.000
 393   -2      0.761     -0.165      0.000
 388  394      0.761      1.036      0.000
 386  392      0.764     -0.453      0.000
  -1  391      0.771      0.942      0.000
  -1  399      0.778     -0.740      0.000
 406  386      0.790     -0.983      0.000
 400  396      0.795     -0.344      0.000
 404  397      0.809      0.896      0.000
 401  398      0.810     -0.602      0.000
  -1   -2      0.814     -0.781      0.000
  -1  403      0.827      0.100      0.000
 402  400      0.830     -1.110      0.000
 405  402      0.844     -1.049      0.000
 418   -2      0.848     -0.851      0.000
 408  406      0.869     -0.283      0.000
 409   -2      0.871     -0.444      0.000
 412   -2      0.877      0.733      0.000
 410  408      0.878      0.808      0.000
 411  407      0.880      1.117      0.000
  -1   -2      0.881     -1.152      0.000
 414  410      0.892     -0.085      0.000
 413  411      0.894      0.552      0.000
 415  413      0.898     -1.006      0.000
 416  412      0.902      0.329      0.000
 417  414      0.904      0.285      0.000
  -1   -2      0.912     -0.602      0.000
  -1   -2      0.913     -0.947      0.000
  -1  416      0.918      0.799      0.000
 424   -2      0.919     -1.139      0.000
  -1  415      0.925     -0.659      0.000
 420  419      0.932      0.972      0.000
  -1  418      0.935     -1.083      0.000
 421  420      0.939      1.084      0.000
 422   -2      0.944      1.017      0.000
 423  422      0.946     -0.051      0.000
 427  424      0.969     -0.463      0.000
 428  425      0.972     -0.272      0.000
 429  426      0.980     -0.556      0.000
 430  428      0.982      0.069      0.000
 431  427      0.989     -0.170      0.000
  -1   -2      0.993     -0.664      0.000
 439  430      0.998      0.691      0.000
 432   -2      1.007      0.634      0.000
 419  456      1.009      0.960      0.000
 433  432      1.011      0.129      0.000
 434  433      1.012      0.586      0.000
 436   -2      1.024      0.459      0.000
 438  435      1.032      0.374      0.000
 435  449      1.041     -1.175      0.000
  -1  438      1.053     -0.344      0.000
  -1  437      1.057     -0.278      0.000
 443  439      1.063     -0.630      0.000
 444  441      1.070      0.195      0.000
 445  442      1.075     -0.184      0.000
 446  443      1.087     -0.746      0.000
 447  444      1.096      0.481      0.000
 448  448      1.107     -1.039      0.000
 449  450      1.114      0.414      0.000
 461   -2      1.116     -0.374      0.000
 451  455      1.129     -0.708      0.000
 452  454      1.130     -0.069      0.000
 454  453      1.145     -1.155      0.000
 455   -2      1.150      0.631      0.000
 456  458      1.153      0.807      0.000
  -1  459      1.155      0.320      0.000
 457  460      1.161     -0.940      0.000
 460  461      1.166      1.015      0.000
 459  462      1.167     -0.854      0.000
 450   -2      1.172      0.692      0.000
 463  463      1.174     -0.043      0.000
  -1  464      1.189      0.226      0.000
 458   -2      1.200     -0.626      0.000
  -1  457      1.203      0.566      0.000
 466  466      1.220      0.234      0.000
 467  467      1.221      0.063      0.000
 468  468      1.228     -1.008      0.000
 469  470      1.254      0.888      0.000
 474  469      1.258     -1.172      0.000
 470  471      1.266     -0.585      0.000
  -1  474      1.277     -0.662      0.000
 471  473      1.278     -0.450      0.000
 473  476      1.293      1.024      0.000
 475  478      1.306     -1.078      0.000
  -1   -2      1.311      0.250      0.000
 477  479      1.314     -0.607      0.000
  -1  482      1.322      0.676      0.000
  -1  481      1.326     -0.556      0.000
  -1   -2      1.342      0.569      0.000
 478  483      1.344     -0.587      0.000
 481  484      1.346      0.275      0.000
 479  477      1.346     -0.215      0.000
 480  485      1.352     -0.678      0.000
 482   -2      1.364      0.589      0.000
 485  486      1.373     -1.059      0.000
 483  487      1.381     -0.568      0.000
 484   -2      1.381     -0.155      0.000
 486  489      1.383     -1.124      0.000
 487  488      1.384      0.407      0.000
 488  490      1.386     -1.175      0.000
 502  491      1.412      1.157      0.000
  -1  492      1.416     -1.075      0.000
 490  494      1.430      0.459      0.000
  -1  497      1.443     -1.169      0.000
 492  496      1.446     -0.586      0.000
 493  495      1.447     -0.449      0.000
 494  498      1.452     -0.337      0.000
 498  493      1.454     -0.515      0.000
  -1  500      1.462     -0.310      0.000
 496  502      1.466      0.067      0.000
 497  501      1.467      0.151      0.000
 499  504      1.492     -1.068      0.000
 500  503      1.494     -0.894      0.000
 501  505      1.501     -0.268      0.000
 503  506      1.505      0.241      0.000
  -1   -2      1.507     -0.583      0.000
 505  507      1.516      0.577      0.000
 507  509      1.542      0.665      0.000
  -1  511      1.545     -0.602      0.000
 508  512      1.545      0.920      0.000
 509  513      1.548     -0.297      0.000
  -1   -2      1.552      0.024      0.000
 512  514      1.556     -0.112      0.000
 511  516      1.559     -1.175      0.000
 513  515      1.559      0.290      0.000
 515  517      1.561     -1.073      0.000
 517  518      1.573     -0.970      0.000
