521
   4   -2     -1.573     -0.208      0.000
  -1    2     -1.573     -0.685      0.000
   0    3     -1.565      0.514      0.000
   1    8     -1.551     -0.985      0.000
   2    6     -1.549      0.370      0.000
   3    5     -1.547      0.782      0.000
   5    9     -1.532     -0.009      0.000
   7   13     -1.520      0.238      0.000
   9   14     -1.516     -0.194      0.000
  -1   -2     -1.512      0.645      0.000
  -1   16     -1.489     -0.100      0.000
  10   -2     -1.481      0.577      0.000
  11   17     -1.476     -1.166      0.000
  -1   -2     -1.472     -1.101      0.000
  13   19     -1.472     -0.908      0.000
  -1   20     -1.464      0.203      0.000
  15   21     -1.460      0.939      0.000
  -1   22     -1.455      0.294      0.000
  16   23     -1.451      0.596      0.000
  19   26     -1.446     -0.250      0.000
  38   -2     -1.445      0.253      0.000
  21   28     -1.436     -0.336      0.000
  22   29     -1.435      0.373      0.000
  23   30     -1.428     -0.545      0.000
  24   31     -1.411      0.147      0.000
  26   32     -1.390     -0.303      0.000
  27   -2     -1.386      0.443      0.000
  28   -2     -1.380      0.651      0.000
  20   -2     -1.371      1.043      0.000
  29   38     -1.371      0.315      0.000
  31   35     -1.370     -0.975      0.000
  33   36     -1.367     -0.833      0.000
  -1   -2     -1.363     -0.762      0.000
  25   41     -1.354      0.486      0.000
  34   40     -1.353     -0.341      0.000
  36   39     -1.351     -1.076      0.000
  -1   43     -1.336     -0.481      0.000
  37   44     -1.334      0.589      0.000
  -1   45     -1.330      0.264      0.000
  41   46     -1.323      1.019      0.000
  -1   -2     -1.321     -0.187      0.000
  42   48     -1.316      0.066      0.000
  44   49     -1.305      0.866      0.000
  45   50     -1.302      1.167      0.000
  47   52     -1.297     -0.774      0.000
  48   51     -1.294     -1.172      0.000
  49   54     -1.287     -0.930      0.000
  -1   57     -1.259      0.002      0.000
  54   60     -1.240     -0.305      0.000
  53   62     -1.240      0.159      0.000
  55   61     -1.239     -0.581      0.000
  58   64     -1.233     -0.784      0.000
  60   63     -1.233     -1.076      0.000
  57   65     -1.232      0.944      0.000
  59   -2     -1.226      0.514      0.000
  61   67     -1.212     -0.487      0.000
  -1   66     -1.210     -1.037      0.000
  62   -2     -1.204     -0.552      0.000
  63   70     -1.191      0.367      0.000
  64   69     -1.191      0.589      0.000
  65   71     -1.175     -0.604      0.000
  66   75     -1.173      0.479      0.000
  67   73     -1.172      0.788      0.000
  69   74     -1.169     -0.823      0.000
  70   76     -1.163     -0.789      0.000
  -1   78     -1.155     -1.165      0.000
  -1   -2     -1.138      0.878      0.000
  73   81     -1.129     -0.114      0.000
  75   80     -1.128     -1.016      0.000
  74   82     -1.128      0.689      0.000
  -1   -2     -1.118     -0.727      0.000
  -1   83     -1.115     -0.531      0.000
  77   84     -1.109      1.001      0.000
  -1   85     -1.098      0.605      0.000
  79   86     -1.077     -0.331      0.000
  71   88     -1.067     -1.172      0.000
  -1   89     -1.053     -1.020      0.000
  80   90     -1.050      0.383      0.000
  81   91     -1.049      0.624      0.000
  83   92     -1.027     -0.358      0.000
  85   93     -1.020     -0.703      0.000
  86   95     -1.017      0.775      0.000
  88   94     -1.015     -0.835      0.000
  87   97     -1.011     -0.101      0.000
  -1   98     -1.001     -1.079      0.000
  90  100     -0.999     -0.272      0.000
  95   99     -0.998     -0.963      0.000
  91  101     -0.985      1.002      0.000
  92  102     -0.979      0.384      0.000
  93  104     -0.967      0.892      0.000
  96  106     -0.949      0.564      0.000
  98  108     -0.947     -0.917      0.000
  97  109     -0.946     -0.158      0.000
 100  110     -0.939     -0.423      0.000
 102  111     -0.929      0.379      0.000
 105  112     -0.921      0.756      0.000
 104  113     -0.920     -0.210      0.000
  -1  105     -0.918      0.184      0.000
 107  114     -0.908      1.073      0.000
 108  115     -0.907     -1.072      0.000
 109  116     -0.903     -0.761      0.000
 110  117     -0.887      0.332      0.000
 103  126     -0.871     -0.565      0.000
 112  120     -0.867      0.894      0.000
  -1  119     -0.858     -0.986      0.000
 113  121     -0.844      0.565      0.000
 114  122     -0.841     -0.735      0.000
 115  123     -0.830     -1.082      0.000
 117  124     -0.822      1.087      0.000
 118  128     -0.820     -0.690      0.000
 119   -2     -0.818     -0.611      0.000
 124  127     -0.815      1.044      0.000
 123  131     -0.810     -0.092      0.000
  -1  130     -0.804     -0.942      0.000
 120  132     -0.793     -1.164      0.000
 125  133     -0.782     -0.446      0.000
 127  134     -0.774      0.996      0.000
 128  138     -0.758     -0.142      0.000
 131  136     -0.758     -0.755      0.000
 130  139     -0.757     -0.223      0.000
  -1  137     -0.757     -0.932      0.000
 137  125     -0.756      0.476      0.000
 135  141     -0.745     -1.011      0.000
 133   -2     -0.744      0.894      0.000
 139   -2     -0.743      0.336      0.000
 136   -2     -0.742     -0.967      0.000
 138  145     -0.730     -0.016      0.000
  -1  144     -0.729     -0.054      0.000
 132  143     -0.718     -0.930      0.000
 142  146     -0.711      0.993      0.000
 141  149     -0.709      0.253      0.000
 143  148     -0.703      0.396      0.000
 144  150     -0.694     -0.461      0.000
  -1  147     -0.693      0.313      0.000
 147  151     -0.676      1.080      0.000
 149  153     -0.669     -0.066      0.000
  -1   -2     -0.667      0.390      0.000
 150  152     -0.666      1.022      0.000
 151  154     -0.662     -1.086      0.000
 152  167     -0.656      0.896      0.000
 153  157     -0.651      0.030      0.000
  -1  156     -0.651     -0.706      0.000
 148   -2     -0.648     -1.129      0.000
 140  174     -0.639     -0.575      0.000
 157   -2     -0.638     -1.020      0.000
  -1   -2     -0.633     -0.666      0.000
 158  160     -0.627     -0.164      0.000
 159  161     -0.623      0.140      0.000
 160  162     -0.618      0.749      0.000
  -1  158     -0.604     -1.001      0.000
 161  159     -0.604     -0.590      0.000
 162  163     -0.598     -0.791      0.000
  -1  164     -0.592     -1.146      0.000
 163  165     -0.591     -0.116      0.000
 165   -2     -0.574      0.920      0.000
 167  170     -0.557     -1.009      0.000
 168  171     -0.555     -0.330      0.000
 169  172     -0.548      1.093      0.000
 171  173     -0.545     -1.169      0.000
 170   -2     -0.540     -0.542      0.000
 173  175     -0.535     -1.088      0.000
 174  177     -0.497      0.835      0.000
 175  178     -0.490     -0.549      0.000
 176  179     -0.486      0.038      0.000
 177  181     -0.472      0.712      0.000
 179  182     -0.467      1.021      0.000
 178  185     -0.465      0.505      0.000
 181  184     -0.463     -0.261      0.000
 180  183     -0.463     -1.175      0.000
 182  187     -0.455      0.278      0.000
 183  186     -0.447     -1.100      0.000
 184  188     -0.441     -0.725      0.000
 185  189     -0.438     -0.998      0.000
  -1  190     -0.436     -0.325      0.000
 186   -2     -0.432      0.286      0.000
 188  191     -0.410     -0.894      0.000
 187  192     -0.409      0.075      0.000
 189  193     -0.407      0.192      0.000
 190  194     -0.391     -0.066      0.000
 193  197     -0.379     -0.323      0.000
 192  198     -0.378     -0.152      0.000
 194  196     -0.377     -1.018      0.000
 195  201     -0.374      1.131      0.000
  -1  200     -0.371     -1.172      0.000
  -1  199     -0.368     -1.135      0.000
 196  202     -0.364      0.807      0.000
 197  203     -0.360      0.476      0.000
 211   -2     -0.359      0.126      0.000
 198  204     -0.356     -0.659      0.000
 199  205     -0.355     -0.565      0.000
 202   -2     -0.344      0.179      0.000
 200  207     -0.343     -0.729      0.000
 223   -2     -0.343      1.058      0.000
 204  209     -0.330      0.786      0.000
 205  210     -0.323      0.346      0.000
 207  211     -0.320      0.943      0.000
 206  212     -0.316     -0.216      0.000
  -1   -2     -0.314     -0.731      0.000
  -1   -2     -0.312     -0.095      0.000
 208  213     -0.309     -0.332      0.000
 210  214     -0.302     -1.002      0.000
 209  215     -0.297     -0.295      0.000
 212  216     -0.293     -1.056      0.000
  -1  217     -0.285     -0.914      0.000
 215  219     -0.279     -0.637      0.000
  -1  220     -0.279     -1.148      0.000
 219  222     -0.269      0.866      0.000
 220  224     -0.236      0.329      0.000
  -1   -2     -0.228     -1.091      0.000
  -1  225     -0.227     -0.948      0.000
  -1  230     -0.225     -1.173      0.000
 224  226     -0.216     -0.756      0.000
 225   -2     -0.216     -0.148      0.000
 227  227     -0.212     -0.225      0.000
 222   -2     -0.211      0.823      0.000
 218  237     -0.201      0.454      0.000
 229  229     -0.200     -0.461      0.000
 231   -2     -0.191     -1.164      0.000
 230  231     -0.189     -1.064      0.000
 232  232     -0.174      0.783      0.000
 233  234     -0.170      0.120      0.000
  -1   -2     -0.152      0.761      0.000
 226   -2     -0.148      1.175      0.000
 254   -2     -0.142     -0.974      0.000
  -1  236     -0.141     -0.007      0.000
 235  238     -0.139     -0.276      0.000
 247  228     -0.137      0.418      0.000
 237  239     -0.136     -1.112      0.000
  -1   -2     -0.136     -0.864      0.000
  -1  250     -0.127     -0.078      0.000
  -1  242     -0.120     -0.163      0.000
  -1  245     -0.120     -0.321      0.000
  -1  243     -0.117      0.065      0.000
 239  241     -0.113     -0.743      0.000
 241  244     -0.096     -1.176      0.000
 242  235     -0.094     -0.920      0.000
 244  247     -0.089      0.534      0.000
 245  248     -0.086     -0.231      0.000
 246  249     -0.083      0.689      0.000
 240   -2     -0.081     -0.026      0.000
  -1  252     -0.067     -0.387      0.000
 249  254     -0.062     -0.119      0.000
 253  255     -0.060      0.357      0.000
 255  257     -0.053      0.773      0.000
 256  258     -0.049     -0.716      0.000
 257  259     -0.041      0.238      0.000
 258  260     -0.037     -0.203      0.000
 252  264     -0.032     -0.355      0.000
  -1  261     -0.032     -0.009      0.000
 261  263     -0.028      0.652      0.000
 259   -2     -0.027     -0.393      0.000
 262  265     -0.026      0.381      0.000
 260  266     -0.022      0.329      0.000
 263  270     -0.002     -0.030      0.000
 264  271      0.000      0.120      0.000
 265  272      0.008     -0.593      0.000
 266  273      0.011      1.077      0.000
 267   -2      0.014     -0.555      0.000
 268  274      0.018      0.633      0.000
 270  277      0.044     -1.009      0.000
 272   -2      0.051      0.025      0.000
 273  279      0.052      0.638      0.000
 276  281      0.058      1.000      0.000
 275  285      0.060     -1.170      0.000
 274  283      0.064      0.365      0.000
 279  284      0.066      0.726      0.000
 278  280      0.069      0.050      0.000
 280  286      0.075     -0.080      0.000
 281  276      0.075     -0.239      0.000
  -1   -2      0.076     -0.117      0.000
 282  287      0.079     -1.020      0.000
  -1  282      0.085     -1.059      0.000
 285  289      0.106      0.149      0.000
 286  290      0.113      0.497      0.000
 287  291      0.117      0.099      0.000
  -1  303      0.123      1.066      0.000
 289  292      0.126      0.966      0.000
 290  293      0.130      0.930      0.000
 291  294      0.140     -0.955      0.000
 292  295      0.142      0.755      0.000
 293  296      0.143      1.146      0.000
 294   -2      0.147      0.201      0.000
 295  298      0.152     -0.560      0.000
 296  297      0.153     -0.683      0.000
  -1   -2      0.160     -0.764      0.000
  -1   -2      0.170     -0.320      0.000
 297  300      0.171      0.397      0.000
 298  301      0.173     -0.129      0.000
 300  302      0.186     -0.784      0.000
 313   -2      0.192      1.062      0.000
  -1   -2      0.194      1.173      0.000
 301  304      0.197     -1.171      0.000
  -1   -2      0.205      1.146      0.000
 304  307      0.210      0.007      0.000
 305  308      0.215     -1.105      0.000
  -1  309      0.221     -0.360      0.000
 306  312      0.227     -0.977      0.000
 307  310      0.232     -0.195      0.000
 308  311      0.236      1.060      0.000
 314   -2      0.253     -0.996      0.000
 311  314      0.253     -0.438      0.000
 312   -2      0.256      0.809      0.000
 315  316      0.259      0.259      0.000
 309  317      0.267      0.168      0.000
 320   -2      0.272     -0.191      0.000
 319  313      0.278      0.644      0.000
 316   -2      0.288     -0.487      0.000
  -1  318      0.296      0.984      0.000
 321  319      0.298      0.041      0.000
  -1  315      0.303     -0.385      0.000
 323  320      0.305     -1.101      0.000
 322   -2      0.305     -0.244      0.000
 324  321      0.310      1.111      0.000
 325  322      0.316     -1.171      0.000
  -1   -2      0.340      1.159      0.000
 328  323      0.349      0.044      0.000
 329  324      0.354      0.318      0.000
 331  325      0.366      0.173      0.000
 330  326      0.366     -0.472      0.000
 332  327      0.370     -0.886      0.000
  -1  328      0.378     -1.172      0.000
 334  329      0.383     -0.525      0.000
 335   -2      0.391     -1.054      0.000
 336  330      0.396     -0.016      0.000
 327   -2      0.399      0.771      0.000
 339  334      0.416     -0.963      0.000
  -1   -2      0.419      1.154      0.000
 333  354      0.421      0.619      0.000
 345  335      0.429      0.344      0.000
 342   -2      0.429     -0.621      0.000
 341  336      0.429      0.810      0.000
 343  337      0.429     -0.669      0.000
 346  339      0.436     -0.486      0.000
 347  340      0.444     -0.048      0.000
 351  343      0.468      0.836      0.000
 350  344      0.469      0.982      0.000
 353  346      0.480     -0.685      0.000
 352  345      0.481     -0.858      0.000
 354  347      0.488     -0.981      0.000
 364  338      0.494     -1.176      0.000
  -1  351      0.513     -0.398      0.000
 357  349      0.516      0.919      0.000
 356  350      0.517     -0.054      0.000
 358  353      0.525     -0.626      0.000
 359   -2      0.527      0.573      0.000
 363  355      0.534     -0.968      0.000
 362  357      0.538      0.982      0.000
 375  342      0.553      0.361      0.000
 366  358      0.557      1.113      0.000
 373  341      0.559     -1.011      0.000
 367  359      0.561      0.882      0.000
 368  361      0.569      0.610      0.000
 369  362      0.574      0.534      0.000
 370  363      0.589     -0.792      0.000
 372  366      0.612     -1.039      0.000
 374  365      0.612      0.921      0.000
  -1   -2      0.613     -0.286      0.000
 377  368      0.618     -0.881      0.000
 376  367      0.618      1.006      0.000
  -1  369      0.622     -0.511      0.000
 378  370      0.622     -0.004      0.000
 380  371      0.657     -1.168      0.000
  -1   -2      0.659     -0.071      0.000
 382  372      0.670     -0.399      0.000
  -1  373      0.682     -0.931      0.000
 384  374      0.685     -1.065      0.000
 386  376      0.689      0.368      0.000
 388  375      0.690      0.421      0.000
 385  377      0.692     -0.893      0.000
 383  364      0.693     -0.728      0.000
 389  378      0.704      1.141      0.000
 390  379      0.709      0.687      0.000
 391  380      0.711     -0.080      0.000
  -1  383      0.719     -1.017      0.000
 392  381      0.726     -0.916      0.000
 394  382      0.732     -0.665      0.000
 395   -2      0.738     -0.981      0.000
  -1   -2      0.741      0.900      0.000
 396  384      0.744     -1.098      0.000
 397  385      0.750     -0.034      0.000
 398  386      0.757      0.105      0.000
 399   -2      0.775     -0.839      0.000
 402  388      0.785      0.179      0.000
 400   -2      0.787      0.664      0.000
 401  389      0.787     -1.041      0.000
 404  390      0.793      0.947      0.000
 407  391      0.802      0.453      0.000
 408  393      0.805     -0.154      0.000
 409  396      0.810     -0.977      0.000
 412  397      0.815      0.695      0.000
 432  395      0.816     -0.273      0.000
 413  421      0.819     -0.889      0.000
 414  398      0.823      0.745      0.000
 415  400      0.829      0.807      0.000
 405  403      0.830     -1.147      0.000
 416  401      0.831     -0.806      0.000
 417  404      0.836      0.252      0.000
 420  407      0.849     -0.461      0.000
 421  410      0.856     -1.076      0.000
 422  414      0.863      1.111      0.000
 423   -2      0.866     -0.281      0.000
  -1   -2      0.869     -0.220      0.000
 426  413      0.870      0.555      0.000
  -1   -2      0.874     -0.125      0.000
  -1  412      0.874     -0.324      0.000
 428  417      0.880     -0.545      0.000
 429  416      0.881      0.475      0.000
 431  418      0.885     -0.149      0.000
  -1  419      0.888     -0.247      0.000
 430   -2      0.892      1.137      0.000
 433   -2      0.895     -0.875      0.000
 434  422      0.900     -0.802      0.000
 441  424      0.902     -0.942      0.000
 436   -2      0.903     -1.006      0.000
  -1  425      0.906     -1.135      0.000
  -1  426      0.912      0.497      0.000
 439  427      0.918     -0.025      0.000
 440  429      0.931     -1.000      0.000
  -1  430      0.932     -0.860      0.000
 442  432      0.940     -1.077      0.000
 445  433      0.942      0.684      0.000
 444  431      0.945      0.790      0.000
 446  435      0.961      0.008      0.000
 448   -2      0.969     -0.320      0.000
 449   -2      0.971     -0.034      0.000
  -1  437      0.979     -0.123      0.000
 450  439      0.981     -0.581      0.000
  -1   -2      0.985      0.738      0.000
 452  440      0.987     -1.105      0.000
 454   -2      0.998      0.109      0.000
 456  443      1.003      0.855      0.000
 457  444      1.027     -0.672      0.000
 458  445      1.031      0.987      0.000
 424  468      1.034     -0.263      0.000
  -1  446      1.043     -0.314      0.000
  -1   -2      1.047     -0.367      0.000
 459  448      1.063     -0.622      0.000
  -1  447      1.066      0.714      0.000
 460  449      1.083     -1.175      0.000
 461  450      1.092      1.038      0.000
 451  460      1.098      0.615      0.000
 462  452      1.107     -0.940      0.000
 463  453      1.114     -0.517      0.000
  -1   -2      1.123      0.287      0.000
 465  454      1.125     -0.977      0.000
 466  456      1.128     -0.739      0.000
  -1  462      1.138      1.031      0.000
 467  459      1.138     -1.170      0.000
 468  458      1.138     -0.822      0.000
 470   -2      1.149      0.557      0.000
 471  461      1.152     -0.333      0.000
 473  463      1.161      0.394      0.000
 472  465      1.162     -1.037      0.000
  -1  466      1.164      1.105      0.000
 464   -2      1.172      0.023      0.000
 474  467      1.173     -0.454      0.000
  -1  470      1.200     -1.127      0.000
 477  469      1.200     -0.516      0.000
 478  471      1.203      0.984      0.000
  -1   -2      1.204      0.504      0.000
  -1  476      1.215     -1.038      0.000
  -1  472      1.215      0.422      0.000
 480  473      1.223      0.912      0.000
 481  474      1.227     -0.453      0.000
 482   -2      1.235     -1.061      0.000
 483  475      1.236     -0.546      0.000
 484   -2      1.249     -1.099      0.000
 488   -2      1.255     -0.425      0.000
 479  496      1.267     -0.084      0.000
  -1  481      1.272     -0.761      0.000
 487  482      1.280      0.177      0.000
 486  483      1.282     -0.499      0.000
  -1   -2      1.289      0.115      0.000
 490  485      1.316     -1.168      0.000
  -1   -2      1.320      0.029      0.000
 492  484      1.325      0.490      0.000
 493  486      1.328      0.236      0.000
 494  487      1.334     -0.181      0.000
 495  488      1.341     -0.997      0.000
 496  489      1.344     -0.277      0.000
 497  490      1.352      1.054      0.000
 498  492      1.362     -0.849      0.000
 499  491      1.363      1.161      0.000
 501  493      1.365      0.548      0.000
 500  494      1.366     -0.330      0.000
 502  495      1.368     -0.388      0.000
 503  497      1.379     -0.905      0.000
 504   -2      1.382     -0.130      0.000
 505  498      1.390     -1.136      0.000
 506  499      1.396      0.265      0.000
  -1  500      1.400     -0.300      0.000
 507  501      1.403     -0.851      0.000
 508  502      1.407      0.766      0.000
 509   -2      1.415      0.127      0.000
 512  507      1.430      0.995      0.000
 532  505      1.437      0.821      0.000
 513  506      1.438      0.399      0.000
 524  509      1.438     -0.014      0.000
 516  508      1.441     -0.952      0.000
 518  515      1.443     -1.168      0.000
 517  510      1.450     -0.141      0.000
 522  511      1.454     -0.193      0.000
 520   -2      1.458     -0.611      0.000
 538  504      1.462      0.090      0.000
 523  513      1.462     -0.647      0.000
 526  517      1.477      0.534      0.000
 525  516      1.478      0.646      0.000
  -1   -2      1.484     -0.381      0.000
 527  519      1.497      0.351      0.000
 519  524      1.498     -1.055      0.000
 528  520      1.500      1.017      0.000
 529  521      1.503      0.398      0.000
 510   -2      1.524     -1.119      0.000
  -1  518      1.528     -0.514      0.000
  -1   -2      1.533     -0.136      0.000
 533  526      1.534      0.415      0.000
 534  527      1.538      1.056      0.000
 535  528      1.541     -0.810      0.000
 536  525      1.541     -1.174      0.000
 537  529      1.542     -0.928      0.000
 539  530      1.550     -0.702      0.000
