537
   1    0     -1.574      0.936      0.000
   0    1     -1.574      0.413      0.000
   8   -2     -1.572     -0.044      0.000
  -1   -2     -1.570      0.717      0.000
   3    2     -1.560      0.051      0.000
  -1   -2     -1.554      0.984      0.000
  -1    3     -1.554     -0.638      0.000
   6    4     -1.535     -1.057      0.000
  -1   -2     -1.534     -0.382      0.000
   7    5     -1.530     -0.574      0.000
  19   -2     -1.525     -1.122      0.000
   9    9     -1.525      0.218      0.000
  -1    8     -1.525     -0.060      0.000
  10    7     -1.523     -0.003      0.000
  -1   -2     -1.517      0.447      0.000
  11   17     -1.514     -0.860      0.000
  13   11     -1.495      0.886      0.000
  16   12     -1.492     -0.612      0.000
  17   14     -1.482      0.542      0.000
  14   22     -1.466      1.020      0.000
  -1   -2     -1.460     -0.876      0.000
  -1   -2     -1.453      0.754      0.000
  21   21     -1.436     -0.524      0.000
  -1   -2     -1.434      0.926      0.000
  -1   23     -1.432      0.688      0.000
  22   24     -1.430     -0.217      0.000
  20   27     -1.428     -0.715      0.000
  -1   29     -1.425     -0.770      0.000
  23   -2     -1.411      0.872      0.000
  -1   15     -1.403      0.019      0.000
  24   26     -1.396     -0.972      0.000
  25   33     -1.366      0.513      0.000
  26   28     -1.356      0.555      0.000
  27   30     -1.354     -0.172      0.000
  43   20     -1.337     -1.156      0.000
  29   35     -1.327     -0.724      0.000
  31   34     -1.326      1.152      0.000
  30   36     -1.324      0.798      0.000
  33   39     -1.315     -0.486      0.000
  34   38     -1.311     -1.104      0.000
  35   40     -1.298     -0.836      0.000
  37   41     -1.296      0.897      0.000
  -1   -2     -1.296     -0.775      0.000
  36   42     -1.294      0.472      0.000
  39   44     -1.293      0.586      0.000
  38   43     -1.292     -0.228      0.000
  40   45     -1.288     -0.387      0.000
  -1   -2     -1.285     -0.957      0.000
  -1   -2     -1.274     -0.416      0.000
  44   48     -1.274      0.795      0.000
  41   50     -1.272      0.404      0.000
  45   51     -1.270     -0.497      0.000
  46   49     -1.270      1.014      0.000
  48   54     -1.255     -0.290      0.000
  49   53     -1.254     -1.045      0.000
  50   56     -1.239     -0.832      0.000
  51   59     -1.233      0.686      0.000
  54   58     -1.229     -1.067      0.000
  53   61     -1.223      0.352      0.000
  56   63     -1.211     -0.612      0.000
  58   -2     -1.204     -0.118      0.000
  61   62     -1.189     -1.039      0.000
  62   64     -1.174     -1.173      0.000
  63   -2     -1.170     -0.530      0.000
  64   65     -1.163      0.929      0.000
  66   66     -1.151      0.638      0.000
  67   67     -1.148     -0.162      0.000
  68   68     -1.144     -0.018      0.000
  -1   -2     -1.144      1.152      0.000
  69   69     -1.138      0.358      0.000
  72   70     -1.129     -1.015      0.000
  79   -2     -1.126     -0.932      0.000
  70   72     -1.126      0.278      0.000
  73   74     -1.120     -0.246      0.000
  74   73     -1.119     -1.052      0.000
  -1   -2     -1.117      0.512      0.000
  75   75     -1.111      0.336      0.000
  -1   -2     -1.106      0.450      0.000
  76   88     -1.105     -1.171      0.000
  -1   77     -1.098      0.417      0.000
  77   79     -1.084     -0.065      0.000
  78   80     -1.082      0.035      0.000
  -1   -2     -1.077      0.067      0.000
  -1   81     -1.074     -0.862      0.000
  80   82     -1.065      0.399      0.000
  -1   84     -1.061      0.741      0.000
  82   86     -1.055      0.142      0.000
  81   85     -1.054      1.008      0.000
  -1   76     -1.047      0.895      0.000
  83   87     -1.042     -0.489      0.000
  -1   95     -1.039     -1.097      0.000
  85   89     -1.023     -0.154      0.000
  -1   90     -1.017     -0.899      0.000
  -1   -2     -1.011     -1.171      0.000
  87   94     -1.004     -0.103      0.000
  89   91     -0.997     -0.993      0.000
  90   92     -0.996      1.115      0.000
  92   96     -0.983      0.953      0.000
  93   97     -0.980     -0.668      0.000
  95  101     -0.966     -0.462      0.000
  98  102     -0.937     -0.747      0.000
 102   -2     -0.933     -1.165      0.000
 100  103     -0.930     -0.806      0.000
  -1  104     -0.911     -1.111      0.000
 103  108     -0.903      0.049      0.000
 105  107     -0.899     -1.040      0.000
 104  110     -0.899     -0.290      0.000
 107  109     -0.896      1.133      0.000
 124   -2     -0.889      0.886      0.000
 109  112     -0.879     -1.113      0.000
  -1  113     -0.874      0.320      0.000
 110   -2     -0.874     -0.254      0.000
 111  114     -0.869      0.744      0.000
 118  105     -0.866     -1.169      0.000
 112  115     -0.862     -0.547      0.000
  -1   -2     -0.860      0.244      0.000
 113  116     -0.856     -0.781      0.000
 114  118     -0.848      0.990      0.000
 115  117     -0.847      1.056      0.000
  -1   -2     -0.836     -1.073      0.000
 119  122     -0.830     -0.400      0.000
 120   -2     -0.826     -0.544      0.000
 121  125     -0.824     -0.203      0.000
 122  123     -0.822      1.096      0.000
  -1  124     -0.818     -0.997      0.000
 123  127     -0.815      0.429      0.000
 125  128     -0.815      0.079      0.000
 126  129     -0.810      0.172      0.000
 101   -2     -0.809      0.570      0.000
 128  130     -0.805      0.949      0.000
 116   -2     -0.802     -0.675      0.000
 131  131     -0.798     -0.508      0.000
 132   -2     -0.795     -0.469      0.000
 133  132     -0.791      0.276      0.000
  -1   -2     -0.782     -1.030      0.000
 134  134     -0.780     -0.031      0.000
 135  133     -0.777     -1.169      0.000
 139  136     -0.755      0.947      0.000
  -1  138     -0.754     -1.151      0.000
 137  137     -0.751     -0.096      0.000
 140  139     -0.747      0.592      0.000
 141  140     -0.745     -0.453      0.000
 150  141     -0.739     -0.957      0.000
 143  142     -0.737      0.811      0.000
 145  144     -0.724      1.004      0.000
 146  145     -0.720     -0.722      0.000
 148  146     -0.712     -0.229      0.000
 149  148     -0.705      0.378      0.000
  -1  147     -0.704     -1.014      0.000
  -1  150     -0.698      0.713      0.000
  -1  149     -0.694     -1.099      0.000
 151  152     -0.681      0.271      0.000
 171  126     -0.664      0.980      0.000
 154  153     -0.663     -1.174      0.000
 153  155     -0.660     -0.132      0.000
 156  156     -0.648      1.057      0.000
 157  157     -0.643      1.163      0.000
 144   -2     -0.622     -0.953      0.000
 158  161     -0.621     -0.577      0.000
 161  160     -0.620      0.931      0.000
  -1   -2     -0.620     -0.215      0.000
 160  162     -0.618     -0.183      0.000
 162  163     -0.601     -1.028      0.000
  -1  165     -0.599     -0.413      0.000
 163  164     -0.598      1.144      0.000
 165  166     -0.591      0.608      0.000
 173  167     -0.582     -1.128      0.000
 167  168     -0.568     -0.947      0.000
 168  169     -0.566     -0.481      0.000
 169  170     -0.561      0.580      0.000
  -1   -2     -0.560     -0.644      0.000
 170  171     -0.556      0.245      0.000
  -1   -2     -0.553     -0.317      0.000
  -1   -2     -0.549      1.090      0.000
 172  172     -0.541      1.033      0.000
  -1   -2     -0.538      0.223      0.000
 175  173     -0.525     -0.526      0.000
 176  174     -0.515     -0.696      0.000
 177  175     -0.510     -0.122      0.000
 178  176     -0.493     -0.587      0.000
  -1  177     -0.491     -0.428      0.000
 180  178     -0.486     -0.802      0.000
 179  179     -0.486      0.314      0.000
 181  180     -0.483      0.683      0.000
 182   -2     -0.483      0.718      0.000
 187  181     -0.476     -1.163      0.000
 183  189     -0.471      0.103      0.000
 185  182     -0.456      0.608      0.000
 188  183     -0.455      0.782      0.000
 189  184     -0.445     -0.273      0.000
 190  185     -0.441      0.847      0.000
 192  186     -0.437      1.007      0.000
 193  187     -0.427     -0.780      0.000
 195  191     -0.416     -0.560      0.000
 196  190     -0.411     -1.127      0.000
 197   -2     -0.406      0.582      0.000
  -1   -2     -0.399     -0.969      0.000
  -1  192     -0.398      0.551      0.000
 199  193     -0.378      0.075      0.000
 200  194     -0.377     -0.483      0.000
 201  195     -0.368     -0.718      0.000
 203   -2     -0.367     -1.171      0.000
 202  196     -0.360      0.513      0.000
 204  198     -0.349     -0.159      0.000
 205  197     -0.340      1.002      0.000
 206  199     -0.338     -0.759      0.000
  -1  200     -0.331     -0.332      0.000
  -1   -2     -0.324     -0.639      0.000
  -1  201     -0.313      0.026      0.000
 207  202     -0.311     -0.101      0.000
 209  204     -0.295      0.272      0.000
 211  205     -0.293     -1.171      0.000
 213  206     -0.285     -0.825      0.000
 210  207     -0.284      0.341      0.000
 212  208     -0.284     -0.030      0.000
  -1   -2     -0.281     -0.918      0.000
 217  209     -0.264     -0.432      0.000
 219  210     -0.262      1.150      0.000
 218  211     -0.262      0.235      0.000
  -1   -2     -0.256     -0.186      0.000
  -1   -2     -0.252     -0.933      0.000
 220  212     -0.249      0.428      0.000
 233   -2     -0.243     -0.529      0.000
 223  214     -0.238      0.170      0.000
 224  215     -0.232     -0.077      0.000
 221   -2     -0.226     -1.093      0.000
 238   -2     -0.219     -0.445      0.000
  -1  218     -0.216     -1.173      0.000
  -1  217     -0.206     -1.044      0.000
 228  220     -0.199      0.245      0.000
 227  219     -0.199     -0.188      0.000
 247  213     -0.189      1.106      0.000
 230  221     -0.189      0.953      0.000
  -1   -2     -0.185     -1.067      0.000
 229  222     -0.184     -0.910      0.000
  -1  223     -0.175      0.021      0.000
  -1  225     -0.174     -0.398      0.000
 236  226     -0.167     -0.725      0.000
 237  227     -0.163      0.396      0.000
 239  228     -0.147     -1.120      0.000
 240  229     -0.140     -0.243      0.000
  -1  241     -0.130     -1.061      0.000
 241  231     -0.128      0.949      0.000
 242  232     -0.113     -0.056      0.000
 244  233     -0.110      0.799      0.000
 253  235     -0.110     -0.286      0.000
 245  236     -0.101     -0.771      0.000
 246  237     -0.100      0.217      0.000
  -1  238     -0.086      0.378      0.000
 250   -2     -0.080     -1.024      0.000
 249   -2     -0.080      0.056      0.000
 251  239     -0.079      0.897      0.000
  -1   -2     -0.072      0.780      0.000
  -1   -2     -0.069      0.253      0.000
 252  242     -0.064     -1.163      0.000
  -1  240     -0.063      0.136      0.000
  -1  243     -0.060      0.493      0.000
 255   -2     -0.040      0.840      0.000
 256  248     -0.034      0.231      0.000
  -1  247     -0.032      0.380      0.000
 257  249     -0.026      0.569      0.000
  -1  246     -0.020      0.765      0.000
 258  251     -0.020      0.653      0.000
 259  250     -0.019     -0.023      0.000
 261   -2     -0.016      0.904      0.000
 262  255      0.019      0.427      0.000
 263  260      0.039      0.594      0.000
 264  258      0.040      0.105      0.000
 265  259      0.040      1.020      0.000
 266  261      0.046     -0.594      0.000
 267  262      0.049     -0.734      0.000
  -1   -2      0.050      0.519      0.000
 268  263      0.053     -0.004      0.000
 274   -2      0.060      0.916      0.000
 269  267      0.064      0.301      0.000
  -1   -2      0.067      0.801      0.000
 270  268      0.073     -1.080      0.000
 271  270      0.086      0.270      0.000
  -1  271      0.094      0.775      0.000
 272  273      0.098     -0.155      0.000
  -1  274      0.099     -1.168      0.000
  -1  275      0.102     -0.960      0.000
  -1   -2      0.110      0.054      0.000
 276  276      0.113     -0.347      0.000
  -1  277      0.119     -0.272      0.000
 278  278      0.133     -1.040      0.000
  -1  286      0.137     -0.405      0.000
  -1  279      0.137      0.639      0.000
 273  280      0.138     -0.951      0.000
 280  281      0.140      0.554      0.000
 281  296      0.146      0.122      0.000
 283  284      0.173      0.247      0.000
 284  285      0.174      0.697      0.000
 285   -2      0.177     -0.421      0.000
 286  287      0.185     -0.851      0.000
 277   -2      0.188     -0.258      0.000
 288  290      0.200     -1.064      0.000
 289  291      0.212     -0.681      0.000
 290   -2      0.226      0.045      0.000
 291  297      0.227     -1.089      0.000
 292  298      0.229     -0.572      0.000
 293  299      0.233      0.880      0.000
 295  300      0.240      0.640      0.000
 296  282      0.242      0.367      0.000
  -1   -2      0.244     -1.145      0.000
 298  301      0.256     -0.068      0.000
 301  302      0.269     -1.042      0.000
 303  303      0.278     -1.117      0.000
 304  304      0.284     -0.209      0.000
 318   -2      0.306      0.646      0.000
 310  308      0.313      0.824      0.000
 311  309      0.327      0.760      0.000
 305   -2      0.330      0.173      0.000
 315  310      0.332     -1.168      0.000
 314  313      0.342     -1.029      0.000
 317  315      0.351      1.125      0.000
  -1  316      0.357     -0.963      0.000
 319  317      0.359     -0.882      0.000
 335   -2      0.366     -0.197      0.000
 323  319      0.378      0.386      0.000
 322  320      0.382     -0.942      0.000
 325  321      0.390      0.055      0.000
 327  322      0.397      0.695      0.000
 313  347      0.399      0.466      0.000
 320  334      0.401      0.019      0.000
 330  323      0.408     -0.705      0.000
 331  324      0.411     -0.554      0.000
 332  325      0.419      0.237      0.000
  -1  326      0.421     -0.842      0.000
 334  328      0.424     -0.251      0.000
  -1   -2      0.433     -1.101      0.000
 336  329      0.447      0.788      0.000
 337  330      0.453     -0.638      0.000
 338  331      0.459     -1.170      0.000
 339  332      0.470     -0.262      0.000
 340  344      0.472      0.624      0.000
 341  333      0.476     -0.302      0.000
  -1   -2      0.479     -1.122      0.000
 343  335      0.483      1.057      0.000
 344   -2      0.485     -0.460      0.000
 345  336      0.497      0.889      0.000
 347   -2      0.498     -0.577      0.000
 346  339      0.500     -1.144      0.000
 348  338      0.507      0.202      0.000
 357  340      0.513      0.715      0.000
 350  341      0.522     -0.416      0.000
 352  342      0.522      0.117      0.000
 351  343      0.522      1.127      0.000
  -1   -2      0.529      0.633      0.000
 353  346      0.533     -1.056      0.000
 355   -2      0.541      0.363      0.000
 356  348      0.545     -0.593      0.000
 358  350      0.557     -0.296      0.000
 360  351      0.561      0.006      0.000
  -1  352      0.563      0.990      0.000
 342   -2      0.566      0.473      0.000
 354  353      0.570     -0.700      0.000
 361   -2      0.584     -0.735      0.000
  -1   -2      0.588      0.342      0.000
 363  356      0.588     -0.767      0.000
  -1  359      0.591     -0.222      0.000
 359  367      0.591      1.125      0.000
  -1   -2      0.603      0.988      0.000
 365  360      0.608      0.506      0.000
 370  362      0.613     -0.252      0.000
 368  357      0.614      0.382      0.000
 369   -2      0.615      1.081      0.000
 372  366      0.620     -1.163      0.000
 371  364      0.622     -0.976      0.000
  -1   -2      0.624      0.759      0.000
 380   -2      0.624      0.215      0.000
  -1   -2      0.626     -0.824      0.000
  -1  363      0.630      0.142      0.000
 375  368      0.636     -0.020      0.000
 376   -2      0.638      1.050      0.000
  -1  369      0.642      0.460      0.000
 377   -2      0.646      0.997      0.000
 378  370      0.647     -0.435      0.000
 379  371      0.658      0.529      0.000
 381  372      0.673     -0.602      0.000
 382  373      0.682     -0.698      0.000
 383  374      0.687      0.761      0.000
  -1  376      0.689     -0.901      0.000
  -1  377      0.692     -0.165      0.000
 392   -2      0.711      0.652      0.000
 385   -2      0.714     -0.560      0.000
  -1   -2      0.722      0.909      0.000
 386  380      0.730     -0.978      0.000
 388  381      0.747     -0.041      0.000
 387  382      0.748     -0.759      0.000
 389   -2      0.753     -1.030      0.000
 390   -2      0.764     -0.862      0.000
  -1   -2      0.766      0.017      0.000
  -1  384      0.769      0.586      0.000
 393   -2      0.770      0.932      0.000
 391  385      0.771      0.693      0.000
 394  389      0.785     -0.397      0.000
 395  387      0.786      0.350      0.000
 396  388      0.786      0.379      0.000
  -1   -2      0.793     -0.564      0.000
 397  390      0.798     -0.618      0.000
  -1  386      0.799      0.923      0.000
 400  392      0.806      0.703      0.000
  -1  399      0.809      1.015      0.000
 403  394      0.819      0.632      0.000
  -1  393      0.820      0.515      0.000
 414  383      0.821     -1.090      0.000
  -1   -2      0.823      0.942      0.000
 406  395      0.823     -0.143      0.000
 405  397      0.825      0.843      0.000
 408  400      0.833     -0.229      0.000
 401  408      0.837     -1.034      0.000
 411  403      0.840     -0.762      0.000
 412  404      0.842     -0.397      0.000
  -1  405      0.849     -0.168      0.000
 413  406      0.852     -0.589      0.000
 416  407      0.858      0.345      0.000
  -1   -2      0.860     -1.122      0.000
 415  409      0.862     -0.843      0.000
 407   -2      0.870     -1.164      0.000
 417  410      0.870     -0.338      0.000
  -1  418      0.877      1.094      0.000
 419  412      0.902      1.034      0.000
 420  416      0.903     -0.032      0.000
 421   -2      0.909      1.135      0.000
  -1  426      0.931     -0.882      0.000
  -1  420      0.948     -1.077      0.000
  -1   -2      0.949     -0.538      0.000
 425  421      0.953      0.732      0.000
 440   -2      0.957     -0.670      0.000
 426  424      0.960     -0.823      0.000
 427  422      0.960     -0.609      0.000
 430  423      0.962      0.176      0.000
 429   -2      0.962     -0.050      0.000
  -1   -2      0.968      0.533      0.000
 431  425      0.969      1.017      0.000
 438   -2      0.977     -0.158      0.000
  -1   -2      0.978     -0.219      0.000
 432  427      0.978      0.207      0.000
 435  428      0.984      0.923      0.000
 447  417      0.985     -1.171      0.000
 439  431      1.008      0.496      0.000
 452   -2      1.024      0.289      0.000
 442  433      1.025      0.248      0.000
 436   -2      1.027     -1.128      0.000
 459  435      1.028     -0.483      0.000
 443  434      1.028     -0.580      0.000
 445  436      1.031      1.044      0.000
 446   -2      1.034     -0.896      0.000
 449  437      1.050     -0.080      0.000
 451  438      1.058     -0.297      0.000
  -1   -2      1.058      0.916      0.000
  -1   -2      1.080     -1.173      0.000
  -1   -2      1.081     -0.326      0.000
  -1  439      1.087      0.033      0.000
 454  441      1.097      0.648      0.000
 455  442      1.100     -1.092      0.000
 456  443      1.101     -0.675      0.000
 458  445      1.106     -0.380      0.000
 457  444      1.106      1.033      0.000
 460  446      1.114      0.598      0.000
 461  447      1.123      0.551      0.000
 464  449      1.133      0.100      0.000
 465  454      1.154     -0.769      0.000
 467  453      1.157      0.346      0.000
 468  452      1.158      0.230      0.000
 466  455      1.161     -1.006      0.000
 469  456      1.168     -0.224      0.000
 496   -2      1.169      0.991      0.000
 470  458      1.172     -0.922      0.000
 471   -2      1.184     -0.425      0.000
  -1  459      1.187     -0.325      0.000
 472  460      1.188      0.923      0.000
 474  461      1.194      0.169      0.000
 476  463      1.206      1.005      0.000
 484  448      1.211      0.709      0.000
 477  465      1.218      0.464      0.000
  -1  466      1.223     -1.087      0.000
 480  468      1.230      0.804      0.000
 479  469      1.231     -0.701      0.000
 481  467      1.233     -0.111      0.000
 482  470      1.235      0.396      0.000
 483  471      1.248     -0.461      0.000
  -1   -2      1.261     -0.173      0.000
 478   -2      1.272     -0.990      0.000
 485  474      1.277     -0.086      0.000
 487  476      1.288      0.983      0.000
 488  477      1.297     -0.677      0.000
  -1   -2      1.298     -1.171      0.000
 489  479      1.302     -0.758      0.000
 495   -2      1.312     -0.066      0.000
 493  481      1.317      0.909      0.000
 499  482      1.319      0.212      0.000
 494  483      1.324     -0.536      0.000
  -1  484      1.326      0.031      0.000
  -1  485      1.328      1.052      0.000
 497  478      1.329     -0.397      0.000
  -1  488      1.340     -0.706      0.000
 498   -2      1.340     -1.122      0.000
  -1   -2      1.343      0.006      0.000
 500   -2      1.345      0.738      0.000
  -1  486      1.359     -0.063      0.000
 501   -2      1.366     -1.168      0.000
 503  487      1.371     -0.788      0.000
 502   -2      1.371     -0.693      0.000
  -1   -2      1.387     -1.174      0.000
  -1  492      1.413     -0.293      0.000
  -1   -2      1.414      0.214      0.000
 504  494      1.414      0.247      0.000
 505  493      1.415      0.716      0.000
  -1  489      1.448     -1.173      0.000
 508  495      1.448      0.274      0.000
 507  503      1.449     -0.227      0.000
  -1  490      1.461      1.133      0.000
 511  497      1.470      0.186      0.000
 510  498      1.472     -0.710      0.000
 513  500      1.480     -0.564      0.000
 512  501      1.482     -0.638      0.000
 514  499      1.482      0.432      0.000
 515   -2      1.487      0.499      0.000
 516  502      1.494     -0.443      0.000
 517  508      1.496      0.862      0.000
 509   -2      1.500     -0.317      0.000
 519  504      1.502     -1.029      0.000
  -1   -2      1.506     -0.413      0.000
 520  505      1.523      0.502      0.000
 521  507      1.527     -1.174      0.000
  -1   -2      1.528     -0.059      0.000
  -1   -2      1.531      0.672      0.000
  -1  509      1.537      0.034      0.000
  -1   -2      1.541     -1.131      0.000
 523  510      1.542      0.148      0.000
 522   -2      1.542      0.116      0.000
  -1   -2      1.543     -0.366      0.000
  -1  513      1.566     -0.897      0.000
 524   -2      1.571      0.252      0.000
  -1  514      1.574     -0.479      0.000
