558
   0    0     -1.570     -0.821      0.000
  -1    9     -1.563      0.771      0.000
  -1    2     -1.560     -0.151      0.000
   2    4     -1.550      0.239      0.000
  -1    3     -1.550      0.877      0.000
   5    7     -1.536     -1.164      0.000
   6    5     -1.535      0.302      0.000
  -1   -2     -1.533     -0.448      0.000
   7    6     -1.529      0.575      0.000
   8   17     -1.524      0.448      0.000
   9   -2     -1.515      0.714      0.000
  10   11     -1.514     -0.327      0.000
  12   12     -1.507      0.166      0.000
  -1   -2     -1.500     -0.486      0.000
  13   13     -1.495      0.925      0.000
  16   15     -1.480      0.531      0.000
  11   16     -1.479     -1.132      0.000
  18   -2     -1.468      0.367      0.000
  19   19     -1.466      1.073      0.000
  21   18     -1.461     -0.589      0.000
  20   20     -1.461     -0.383      0.000
  22   22     -1.455     -0.658      0.000
  23   21     -1.455      0.226      0.000
  24   23     -1.446      0.763      0.000
  25   24     -1.443      0.309      0.000
  27   25     -1.431     -1.032      0.000
  26   27     -1.429      0.067      0.000
  28   26     -1.426      0.813      0.000
  29   28     -1.421     -0.421      0.000
  -1   30     -1.418     -0.239      0.000
  30   29     -1.415      0.687      0.000
  34   32     -1.408     -1.161      0.000
  33   -2     -1.401      0.652      0.000
  -1   -2     -1.398     -0.828      0.000
  36   34     -1.379     -0.011      0.000
  38   35     -1.373     -0.907      0.000
  37   36     -1.372      0.032      0.000
  39   37     -1.367      0.178      0.000
  -1   -2     -1.359     -0.758      0.000
  41   39     -1.356      1.161      0.000
  40   38     -1.356      0.741      0.000
  42   40     -1.346     -0.945      0.000
  43   43     -1.332      0.588      0.000
  44   42     -1.331     -0.366      0.000
  45   41     -1.330      0.973      0.000
  48   44     -1.323     -1.088      0.000
  -1   45     -1.322      0.697      0.000
  50   -2     -1.303     -1.046      0.000
  -1   -2     -1.301     -0.020      0.000
  51   46     -1.299     -0.863      0.000
  -1   -2     -1.298     -0.463      0.000
  46   -2     -1.289      0.540      0.000
  74   -2     -1.281     -1.175      0.000
  53   49     -1.280     -0.890      0.000
  54   50     -1.274     -0.661      0.000
  55   51     -1.271     -0.561      0.000
  56   52     -1.259     -0.135      0.000
  57   53     -1.253     -1.034      0.000
  58   54     -1.245      1.037      0.000
  -1   -2     -1.235     -0.117      0.000
  59   56     -1.229     -0.874      0.000
  60   57     -1.226      0.866      0.000
  61   59     -1.211     -0.675      0.000
  63   60     -1.207      0.757      0.000
  64   61     -1.203      0.658      0.000
  66   63     -1.191      0.421      0.000
  67   64     -1.181     -0.367      0.000
  -1   65     -1.176     -0.589      0.000
  68   66     -1.170     -1.169      0.000
  73   69     -1.164      1.067      0.000
  70   68     -1.162     -0.867      0.000
  71   67     -1.161     -0.905      0.000
  -1   70     -1.157     -1.124      0.000
  72   71     -1.154     -0.112      0.000
  75   72     -1.150      0.673      0.000
  77   73     -1.132     -0.389      0.000
  86   -2     -1.126     -1.043      0.000
  78   75     -1.126      0.412      0.000
  -1   77     -1.119      0.269      0.000
  80   78     -1.119     -0.295      0.000
  81   79     -1.115      1.071      0.000
  -1   80     -1.107     -1.154      0.000
  82   81     -1.104      0.492      0.000
  83   84     -1.087     -0.167      0.000
  85   83     -1.086      0.823      0.000
  84   85     -1.081     -1.095      0.000
  88   87     -1.078      0.400      0.000
  89   90     -1.066      0.592      0.000
  90   92     -1.057     -0.226      0.000
  -1   91     -1.056     -0.670      0.000
  91   93     -1.049     -0.752      0.000
  93   94     -1.042      0.347      0.000
  94   95     -1.035     -0.443      0.000
  95   96     -1.016     -0.888      0.000
  -1   97     -1.009     -1.084      0.000
  96   98     -1.009      0.929      0.000
  98   -2     -1.008     -0.795      0.000
  97   -2     -1.006     -1.171      0.000
 100  101     -1.000      1.045      0.000
 101   99     -0.994      0.793      0.000
 103  103     -0.980      0.312      0.000
  -1   -2     -0.978      0.607      0.000
 102  119     -0.973     -0.674      0.000
 105  109     -0.971     -1.023      0.000
 108  105     -0.967      1.069      0.000
 106  106     -0.966      0.577      0.000
 107  107     -0.965     -0.089      0.000
  -1  108     -0.957      0.510      0.000
 110   -2     -0.936     -0.963      0.000
 113  111     -0.910      0.696      0.000
  -1   -2     -0.910     -1.067      0.000
 115  110     -0.908      1.095      0.000
 114  112     -0.908     -0.135      0.000
 126  114     -0.895     -1.160      0.000
 116  115     -0.894     -0.215      0.000
 112  116     -0.890     -0.011      0.000
 120  117     -0.885     -0.443      0.000
 121  118     -0.883     -0.618      0.000
 122   -2     -0.881     -0.750      0.000
 118  120     -0.874     -0.037      0.000
  -1   -2     -0.869      0.445      0.000
  -1  113     -0.868      0.420      0.000
 123  121     -0.867     -0.698      0.000
  -1  122     -0.865      0.260      0.000
 124  124     -0.860      0.738      0.000
 125  123     -0.851      0.313      0.000
 127  130     -0.849      0.394      0.000
 130  126     -0.827      1.046      0.000
  -1  125     -0.826     -0.378      0.000
 128  129     -0.824     -0.054      0.000
 131  127     -0.823      0.814      0.000
 132  128     -0.821      1.093      0.000
  -1   -2     -0.818      0.382      0.000
 133  131     -0.810      0.038      0.000
 129  132     -0.802     -0.948      0.000
 134  133     -0.799      0.880      0.000
 136  134     -0.797      0.991      0.000
 137  135     -0.796     -0.799      0.000
 135  136     -0.796     -0.442      0.000
 138  137     -0.795     -1.102      0.000
 139   -2     -0.795     -0.754      0.000
 140  138     -0.782      0.140      0.000
 141   -2     -0.778     -0.598      0.000
  -1  141     -0.772     -1.034      0.000
 142  139     -0.771     -0.144      0.000
  -1   -2     -0.754      0.526      0.000
 145  144     -0.742      0.970      0.000
 144  145     -0.741     -0.098      0.000
 143  150     -0.733     -0.963      0.000
 146  148     -0.733     -0.484      0.000
 155  146     -0.731      0.765      0.000
 150  149     -0.729      0.066      0.000
 151   -2     -0.726     -1.009      0.000
 152  143     -0.723     -1.168      0.000
 153  152     -0.718     -0.546      0.000
  -1   -2     -0.703      1.101      0.000
  -1  155     -0.701     -0.678      0.000
  -1  156     -0.688      1.049      0.000
 156  157     -0.684      0.916      0.000
 162  158     -0.680     -1.125      0.000
  -1  165     -0.678      1.177      0.000
 161  160     -0.676     -0.297      0.000
 165  166     -0.646     -0.268      0.000
 158   -2     -0.643      1.129      0.000
 166  167     -0.640     -0.418      0.000
 169  164     -0.640     -1.107      0.000
 168  168     -0.638     -0.752      0.000
 170  170     -0.631      0.048      0.000
  -1  169     -0.628     -1.064      0.000
 171  172     -0.628     -0.495      0.000
 172  171     -0.627      0.868      0.000
  -1  175     -0.619      1.060      0.000
 175  176     -0.615      0.338      0.000
 176  174     -0.609     -0.986      0.000
 177  177     -0.607     -1.102      0.000
 179  178     -0.596     -0.756      0.000
 178  180     -0.595      0.262      0.000
 180  181     -0.586     -0.222      0.000
 181  182     -0.585      0.464      0.000
  -1   -2     -0.578      0.524      0.000
 182  183     -0.575     -0.492      0.000
 183  185     -0.564      0.652      0.000
 184  184     -0.562      1.029      0.000
 185  187     -0.548      0.081      0.000
 186  188     -0.544      0.183      0.000
 173   -2     -0.537     -1.088      0.000
 188  189     -0.530      1.151      0.000
 189  190     -0.523     -0.042      0.000
 208  161     -0.509     -1.173      0.000
 191  192     -0.504     -0.119      0.000
 193   -2     -0.498      0.938      0.000
 192  193     -0.496      0.988      0.000
 194  194     -0.495     -0.650      0.000
 195  196     -0.488     -0.268      0.000
 196  199     -0.472      0.426      0.000
 197  201     -0.440      0.309      0.000
 198  200     -0.440     -0.915      0.000
 199  202     -0.434     -0.804      0.000
 201   -2     -0.434      0.491      0.000
 200  203     -0.432     -0.483      0.000
 202  204     -0.431      0.717      0.000
 203  205     -0.428     -0.167      0.000
 204   -2     -0.424      1.172      0.000
 205  207     -0.419     -0.571      0.000
 206  208     -0.413     -1.126      0.000
 207  210     -0.404     -0.245      0.000
 209  211     -0.399      0.692      0.000
 210  212     -0.396     -0.633      0.000
 226   -2     -0.392     -0.190      0.000
  -1  213     -0.381     -0.703      0.000
 212  215     -0.379     -0.920      0.000
 213  214     -0.379      1.019      0.000
 214  216     -0.366      0.945      0.000
  -1  217     -0.363     -0.629      0.000
 216  218     -0.361      0.830      0.000
 215  223     -0.360     -1.171      0.000
 217   -2     -0.358     -1.131      0.000
 219  219     -0.340     -0.537      0.000
 220  220     -0.339      0.181      0.000
 221  221     -0.337      0.293      0.000
 222  222     -0.333      0.505      0.000
  -1   -2     -0.329     -0.747      0.000
 223  224     -0.318      0.754      0.000
  -1  225     -0.318      0.267      0.000
 225  226     -0.308     -0.883      0.000
 224  227     -0.308     -0.704      0.000
  -1  228     -0.303     -0.441      0.000
 227  230     -0.291     -0.934      0.000
 228  232     -0.288      0.390      0.000
 234   -2     -0.274      0.737      0.000
 231  234     -0.272     -0.367      0.000
 237   -2     -0.261     -1.128      0.000
 235  235     -0.261     -1.019      0.000
 236  237     -0.257     -0.630      0.000
 230  238     -0.256     -1.167      0.000
 244   -2     -0.244     -0.815      0.000
 252   -2     -0.233     -1.089      0.000
 240  242     -0.225      0.015      0.000
 241  240     -0.224      0.665      0.000
 233  243     -0.196      0.074      0.000
 245   -2     -0.195     -0.113      0.000
 246   -2     -0.194     -0.042      0.000
 239   -2     -0.193     -1.074      0.000
 247  244     -0.187     -0.236      0.000
 249  245     -0.183     -1.132      0.000
  -1  265     -0.183      1.168      0.000
 251  247     -0.157     -0.165      0.000
 267   -2     -0.155     -0.600      0.000
 265   -2     -0.144     -1.119      0.000
 254  251     -0.144      0.448      0.000
 256  250     -0.142      0.357      0.000
 258  252     -0.130     -0.957      0.000
 259  253     -0.129     -0.071      0.000
 260  254     -0.127      0.575      0.000
  -1  249     -0.120     -1.172      0.000
 262  255     -0.118      0.306      0.000
 250  261     -0.114     -0.623      0.000
  -1   -2     -0.096     -0.597      0.000
 263  256     -0.096      0.213      0.000
 264  258     -0.091     -0.139      0.000
 268  259     -0.083      1.069      0.000
  -1  262     -0.077     -1.023      0.000
 270  263     -0.076     -0.289      0.000
 269  264     -0.075     -0.166      0.000
 271  266     -0.073      0.325      0.000
 272   -2     -0.073      1.174      0.000
  -1   -2     -0.067     -0.642      0.000
 273  267     -0.060      0.538      0.000
  -1  273     -0.051     -1.172      0.000
 274  268     -0.050     -0.001      0.000
  -1   -2     -0.043      1.087      0.000
 275  269     -0.038      1.134      0.000
  -1  270     -0.034     -0.377      0.000
 277   -2     -0.022     -0.462      0.000
 278  272     -0.019     -0.117      0.000
  -1   -2     -0.016     -0.426      0.000
 276  271     -0.015     -1.076      0.000
  -1   -2     -0.012      0.482      0.000
 280  274     -0.007      0.522      0.000
 281  275     -0.004      0.292      0.000
  -1  278      0.001      0.115      0.000
 282  276      0.012      0.904      0.000
 283  277      0.014      0.342      0.000
 284  279      0.015      0.793      0.000
 285   -2      0.016      0.043      0.000
 286  281      0.022     -1.122      0.000
 287  283      0.031      0.529      0.000
 289  285      0.041      0.309      0.000
 290   -2      0.049     -0.041      0.000
  -1   -2      0.051      1.095      0.000
 279   -2      0.052     -1.168      0.000
 291  287      0.062      0.600      0.000
 292  288      0.063      0.832      0.000
 293  289      0.067     -1.005      0.000
 296   -2      0.073      0.541      0.000
 297  290      0.075     -0.845      0.000
  -1  284      0.090      1.063      0.000
 299  291      0.090      0.142      0.000
 300  292      0.092     -0.648      0.000
 301   -2      0.096      1.127      0.000
 303  293      0.101      0.102      0.000
 308   -2      0.103     -1.025      0.000
  -1  286      0.104     -0.046      0.000
 310  294      0.111     -1.084      0.000
 304  304      0.118      0.369      0.000
  -1   -2      0.138     -0.952      0.000
 307  297      0.139      0.781      0.000
  -1   -2      0.142     -0.532      0.000
 311  299      0.146     -0.429      0.000
 312  300      0.149      0.614      0.000
 314  302      0.157     -0.610      0.000
 315  303      0.159      0.967      0.000
  -1  301      0.161     -1.164      0.000
 329   -2      0.178      0.337      0.000
 318  306      0.192     -1.123      0.000
 319  307      0.198     -0.408      0.000
 321   -2      0.207      0.995      0.000
 322  309      0.211      0.890      0.000
 324  310      0.215     -0.938      0.000
 325  311      0.217      0.029      0.000
 313   -2      0.218     -1.152      0.000
 326  323      0.223     -0.267      0.000
  -1  319      0.225     -0.508      0.000
 327  314      0.230     -0.809      0.000
 330  315      0.242     -0.131      0.000
  -1  318      0.256     -1.111      0.000
 331  320      0.261     -0.830      0.000
 332  321      0.262      0.893      0.000
 333   -2      0.265     -0.332      0.000
  -1  322      0.266      0.125      0.000
 334  324      0.276      1.109      0.000
 335  325      0.283      1.034      0.000
 336  326      0.285      0.227      0.000
 340  329      0.313     -1.164      0.000
  -1   -2      0.318     -1.088      0.000
 343  328      0.326     -0.295      0.000
 345  330      0.329      0.054      0.000
  -1  331      0.333      0.834      0.000
 346   -2      0.364      0.992      0.000
 347  335      0.366     -1.118      0.000
 348  336      0.368     -0.367      0.000
 350  338      0.381     -0.747      0.000
 349   -2      0.385     -0.999      0.000
 351   -2      0.388      1.051      0.000
  -1  339      0.392      0.053      0.000
 353  340      0.393     -1.170      0.000
 354  341      0.404     -0.374      0.000
 355  342      0.405      0.273      0.000
 356  343      0.411     -0.420      0.000
 352   -2      0.416     -0.968      0.000
 357  344      0.417      0.154      0.000
 358  345      0.419     -1.057      0.000
 359  346      0.424     -0.829      0.000
 361   -2      0.430      0.823      0.000
 363  349      0.445     -1.163      0.000
 365  348      0.447      1.147      0.000
  -1   -2      0.452     -0.936      0.000
 367  352      0.454      0.002      0.000
  -1  347      0.456      0.766      0.000
 368  351      0.457     -0.559      0.000
  -1  334      0.459      1.035      0.000
 372  353      0.475     -0.397      0.000
 374  355      0.481     -1.116      0.000
 375   -2      0.483      0.572      0.000
 370  366      0.487      0.518      0.000
 377  356      0.488      0.686      0.000
 381  357      0.498      0.293      0.000
  -1  350      0.498     -0.901      0.000
 380  358      0.499     -0.747      0.000
 371  359      0.510     -0.025      0.000
  -1   -2      0.513     -0.325      0.000
 383  361      0.517      0.840      0.000
 385  362      0.520     -0.582      0.000
  -1  365      0.535     -0.344      0.000
  -1  364      0.537     -0.852      0.000
  -1  374      0.538      0.987      0.000
 387   -2      0.552     -0.880      0.000
 388  367      0.563     -0.912      0.000
 389  369      0.565     -0.538      0.000
 390  371      0.574      0.445      0.000
 391  370      0.574      0.789      0.000
 392  372      0.589      0.848      0.000
 393   -2      0.593      0.976      0.000
 394  373      0.596     -0.036      0.000
 395  375      0.608     -0.953      0.000
 396  376      0.611      0.468      0.000
 397  378      0.615     -0.708      0.000
 398  379      0.616      0.505      0.000
 399  383      0.625      0.760      0.000
 401   -2      0.630     -0.602      0.000
 400  389      0.632     -1.158      0.000
  -1  385      0.633     -1.038      0.000
 402  386      0.637     -0.803      0.000
 403  388      0.637     -1.101      0.000
  -1  384      0.644     -0.650      0.000
  -1   -2      0.653     -1.172      0.000
 404  390      0.660      0.524      0.000
  -1  399      0.665     -0.150      0.000
 405  393      0.669      0.885      0.000
 406  392      0.670      0.456      0.000
  -1  394      0.673     -0.430      0.000
 407  395      0.677      0.803      0.000
 408  396      0.677     -0.469      0.000
  -1   -2      0.681     -1.000      0.000
  -1  398      0.688     -0.768      0.000
 410   -2      0.691     -0.169      0.000
 412  400      0.709     -0.833      0.000
 413  401      0.712      1.130      0.000
  -1  402      0.716     -0.623      0.000
 416  404      0.729     -0.674      0.000
 417  405      0.731      1.031      0.000
  -1  406      0.732     -1.054      0.000
 419  407      0.737      1.113      0.000
 420  408      0.740     -0.359      0.000
 421  409      0.743     -0.864      0.000
 422  411      0.761      0.240      0.000
 423  412      0.766     -1.093      0.000
 424   -2      0.768      1.124      0.000
 426  413      0.775     -0.624      0.000
  -1   -2      0.780     -1.007      0.000
 427  414      0.789     -1.047      0.000
  -1   -2      0.797      0.272      0.000
 428  417      0.798     -0.983      0.000
 429  416      0.802     -0.136      0.000
  -1  418      0.804      1.014      0.000
  -1  422      0.806     -0.167      0.000
 430  419      0.807      0.366      0.000
 432  420      0.808      0.318      0.000
  -1  424      0.808      0.922      0.000
 431  421      0.809      0.606      0.000
 433   -2      0.813      0.800      0.000
 414   -2      0.814     -0.076      0.000
  -1   -2      0.817      0.873      0.000
 435  425      0.833     -0.864      0.000
  -1  426      0.840     -1.121      0.000
 437  428      0.849      1.037      0.000
 436  427      0.850     -1.061      0.000
 438  429      0.854     -0.536      0.000
  -1   -2      0.856     -0.786      0.000
 440  432      0.859      0.859      0.000
 441  431      0.860     -0.045      0.000
 439  433      0.864     -1.157      0.000
  -1  435      0.875     -0.606      0.000
 450   -2      0.876      0.085      0.000
 442   -2      0.891     -0.662      0.000
 445  436      0.901     -1.005      0.000
 446  438      0.903     -0.262      0.000
 444  437      0.904      1.040      0.000
 449   -2      0.909      1.086      0.000
 447  440      0.910     -0.158      0.000
  -1  439      0.913      0.153      0.000
 448  441      0.917     -0.454      0.000
 453   -2      0.923      0.732      0.000
 455  442      0.924      0.626      0.000
 452  443      0.924      1.141      0.000
 470  430      0.924     -0.802      0.000
 457   -2      0.925      0.105      0.000
 456  444      0.925      0.676      0.000
 451  445      0.926     -0.872      0.000
 458  448      0.930     -1.079      0.000
 459  446      0.931      0.405      0.000
 460  449      0.938     -0.545      0.000
  -1   -2      0.941      0.455      0.000
 462  450      0.963      0.778      0.000
 466  451      0.969      0.219      0.000
 465   -2      0.969     -0.228      0.000
 464   -2      0.973     -1.124      0.000
 461  454      0.978     -0.614      0.000
  -1  452      0.984     -1.171      0.000
  -1   -2      0.985     -0.259      0.000
 475  453      0.986     -0.540      0.000
 468  455      0.994     -0.163      0.000
 469  456      0.998      0.507      0.000
 454  483      1.012     -0.835      0.000
 471  459      1.013      0.436      0.000
 463   -2      1.023     -0.302      0.000
 472  461      1.030     -0.605      0.000
 473  462      1.034     -0.253      0.000
  -1  463      1.042     -0.045      0.000
 485   -2      1.042      0.744      0.000
 478  465      1.055     -0.345      0.000
 476   -2      1.056     -1.171      0.000
 488   -2      1.064      0.649      0.000
 481  468      1.082     -0.018      0.000
 483  470      1.085      0.952      0.000
 482  469      1.088      0.821      0.000
 486  472      1.102      1.026      0.000
 487  473      1.104     -0.667      0.000
 489  475      1.112     -0.995      0.000
 490  476      1.116      0.248      0.000
  -1  477      1.122     -0.000      0.000
 491  478      1.126      0.088      0.000
 492  480      1.137      1.024      0.000
 497  467      1.138     -1.175      0.000
  -1  482      1.149     -0.802      0.000
 495  484      1.155     -1.105      0.000
  -1   -2      1.156     -0.886      0.000
  -1  485      1.167     -0.572      0.000
  -1  471      1.176      0.712      0.000
 494   -2      1.185     -0.715      0.000
  -1  487      1.200      0.879      0.000
  -1   -2      1.200      0.960      0.000
 480   -2      1.202     -0.218      0.000
  -1  488      1.204     -0.270      0.000
  -1  491      1.229     -0.392      0.000
  -1   -2      1.229     -0.083      0.000
 499  492      1.231     -0.522      0.000
 500   -2      1.249     -0.593      0.000
 498  494      1.254      0.274      0.000
 502  495      1.257      1.004      0.000
 505  496      1.277     -1.166      0.000
 503  497      1.278     -0.165      0.000
 504  499      1.280     -0.534      0.000
  -1  500      1.291     -0.481      0.000
 506  501      1.294      0.398      0.000
  -1   -2      1.295      0.945      0.000
  -1  502      1.308     -0.999      0.000
 501   -2      1.312      0.611      0.000
 507  503      1.312     -0.510      0.000
 508  504      1.327     -0.595      0.000
 509  506      1.342     -1.108      0.000
 510  505      1.345      0.436      0.000
 525  498      1.357     -0.749      0.000
 512  507      1.371     -0.969      0.000
 513   -2      1.377      1.140      0.000
 514  508      1.388     -1.027      0.000
 515  509      1.393      1.113      0.000
 516  510      1.393      0.164      0.000
 519  512      1.409     -0.366      0.000
 520  513      1.410     -0.258      0.000
 521  514      1.412     -0.979      0.000
 522  515      1.417     -0.495      0.000
 524  516      1.421     -0.428      0.000
 517  521      1.425     -1.172      0.000
 527  517      1.436      0.236      0.000
 528  518      1.439      0.535      0.000
 529   -2      1.446     -0.394      0.000
 531  522      1.453     -1.090      0.000
 532  523      1.454     -1.132      0.000
 533  524      1.472      0.608      0.000
 534  525      1.483     -0.786      0.000
 535  526      1.493      0.850      0.000
 536  527      1.495      0.277      0.000
  -1  520      1.499      1.042      0.000
 538  528      1.512     -0.064      0.000
 539  529      1.513     -0.223      0.000
  -1  530      1.520     -0.287      0.000
  -1   -2      1.532     -1.138      0.000
  -1   -2      1.532     -0.517      0.000
 542  531      1.537      0.444      0.000
 541  532      1.538      0.064      0.000
 540  533      1.542     -1.175      0.000
 544  535      1.549      1.117      0.000
 543  534      1.549     -0.650      0.000
 546  536      1.555     -1.072      0.000
 545  537      1.555     -0.960      0.000
 547  539      1.566     -0.857      0.000
 550  540      1.572      0.607      0.000
