533
  -1   17     -1.572     -0.763      0.000
   1    0     -1.570     -0.040      0.000
  -1    2     -1.567      0.866      0.000
   2    5     -1.565      0.263      0.000
  -1   22     -1.555     -0.436      0.000
  -1    7     -1.552     -0.236      0.000
   7    8     -1.532     -1.067      0.000
  -1   -2     -1.531     -0.124      0.000
   3   21     -1.523     -1.016      0.000
   6   12     -1.516      0.222      0.000
   8   13     -1.510      0.326      0.000
   9   14     -1.500      0.280      0.000
  10   15     -1.497      0.531      0.000
  11   16     -1.491      0.661      0.000
  12   18     -1.490      0.413      0.000
  13   19     -1.488     -0.291      0.000
  15   20     -1.485      0.866      0.000
  18   23     -1.470      0.157      0.000
  19   24     -1.465      1.016      0.000
  20   25     -1.456     -0.979      0.000
  21   26     -1.449     -0.609      0.000
  -1   27     -1.443      0.491      0.000
  16   -2     -1.441     -1.096      0.000
  23   28     -1.436      0.346      0.000
  26   29     -1.433     -0.345      0.000
  33   -2     -1.432     -0.297      0.000
  27   31     -1.419      0.712      0.000
  14   30     -1.418     -0.712      0.000
  -1   32     -1.414      0.137      0.000
  30   34     -1.395     -0.384      0.000
  29   35     -1.395      0.287      0.000
  31   37     -1.385      0.641      0.000
  32   40     -1.383      0.066      0.000
  50   36     -1.374     -1.160      0.000
  37   39     -1.367      1.114      0.000
  35   41     -1.366      0.610      0.000
  34   -2     -1.360     -0.486      0.000
  38   42     -1.358     -0.897      0.000
  39   43     -1.345     -1.040      0.000
  40   45     -1.330     -0.005      0.000
  42   -2     -1.330      0.695      0.000
  43   46     -1.323      0.926      0.000
  45   47     -1.319      1.083      0.000
  44   48     -1.317      0.169      0.000
  46   49     -1.304     -0.979      0.000
  49   50     -1.296     -0.826      0.000
  48   51     -1.296     -0.335      0.000
  51   52     -1.289      0.553      0.000
  -1   -2     -1.284      0.656      0.000
  56   55     -1.268     -0.983      0.000
  54   -2     -1.267      0.393      0.000
  -1   54     -1.264      0.699      0.000
  58   -2     -1.262     -0.019      0.000
  57   56     -1.262     -0.629      0.000
  59   57     -1.247     -0.526      0.000
  60   58     -1.242      0.996      0.000
  -1   59     -1.233     -0.836      0.000
  61   -2     -1.231     -0.591      0.000
  -1   -2     -1.210     -0.774      0.000
  63   61     -1.208     -0.123      0.000
  64   62     -1.205      0.827      0.000
  87   -2     -1.198     -0.644      0.000
  -1   63     -1.195     -1.124      0.000
  -1   70     -1.183      0.599      0.000
  65   -2     -1.180     -1.088      0.000
  66   64     -1.176      0.726      0.000
  -1   66     -1.172     -1.173      0.000
  68   65     -1.167     -0.869      0.000
  70   67     -1.165     -0.833      0.000
  69   68     -1.163      1.040      0.000
  71   -2     -1.159      0.635      0.000
  -1   69     -1.158      0.999      0.000
  74   72     -1.141     -1.008      0.000
  73   74     -1.139     -0.349      0.000
  75   73     -1.138     -1.101      0.000
  76   75     -1.132      0.401      0.000
  77   76     -1.115      1.042      0.000
  84   -2     -1.109      0.651      0.000
  78   78     -1.105     -1.022      0.000
  79   79     -1.103     -1.063      0.000
  80   81     -1.094     -0.105      0.000
  81   82     -1.090     -0.373      0.000
  -1   -2     -1.077     -0.056      0.000
  82   -2     -1.076     -0.483      0.000
  83   83     -1.069     -0.285      0.000
  85   84     -1.065      0.397      0.000
  86   85     -1.061      0.800      0.000
  88   -2     -1.060      0.258      0.000
  -1   80     -1.045     -1.171      0.000
  89   86     -1.045      0.478      0.000
  93   88     -1.030     -1.061      0.000
  92   89     -1.027     -0.161      0.000
  94   91     -1.020      0.580      0.000
  96   90     -1.018     -0.864      0.000
  95   92     -1.017      0.388      0.000
  97   93     -1.013      0.190      0.000
  98   -2     -1.002     -0.221      0.000
 101   98     -0.996     -0.432      0.000
 100   95     -0.996     -0.180      0.000
 102   96     -0.996      1.027      0.000
 103   97     -0.994      0.911      0.000
 104  105     -0.982     -0.937      0.000
 105  101     -0.976      0.338      0.000
  -1  100     -0.969     -1.104      0.000
 107  102     -0.968      1.058      0.000
  -1  104     -0.952      0.779      0.000
 108   -2     -0.940     -0.938      0.000
 110  107     -0.915      0.569      0.000
 111  109     -0.911      0.306      0.000
 113  108     -0.910      1.084      0.000
 116   -2     -0.901      0.748      0.000
 114  110     -0.899     -0.090      0.000
  -1   -2     -0.897      0.901      0.000
  -1  123     -0.881     -1.090      0.000
  -1  117     -0.880     -1.169      0.000
 117  111     -0.870      0.690      0.000
 118  112     -0.864     -0.742      0.000
 112  113     -0.856     -0.613      0.000
 121  114     -0.846     -0.694      0.000
 120  115     -0.844     -0.136      0.000
 122  116     -0.843     -0.443      0.000
 125  121     -0.824      0.330      0.000
  -1  137     -0.824     -0.907      0.000
 127   -2     -0.822      0.736      0.000
 129  120     -0.821      1.089      0.000
 126  119     -0.820     -0.049      0.000
 128  122     -0.817     -0.010      0.000
 123  130     -0.808      0.445      0.000
  -1  135     -0.798     -0.280      0.000
 132  125     -0.795      0.257      0.000
 133  126     -0.791      0.816      0.000
 136  127     -0.787      0.992      0.000
  -1   -2     -0.787      0.026      0.000
 135  131     -0.786      0.316      0.000
 134   -2     -0.786      0.394      0.000
  -1  128     -0.785     -0.799      0.000
 138  129     -0.781     -1.029      0.000
 139  132     -0.779     -0.754      0.000
 140  134     -0.775      0.886      0.000
  -1   -2     -0.769     -1.073      0.000
 124  156     -0.768     -0.232      0.000
 141   -2     -0.768     -1.164      0.000
 143  138     -0.759     -0.058      0.000
 145   -2     -0.754     -0.931      0.000
  -1  140     -0.753      0.382      0.000
 144  139     -0.753     -0.447      0.000
 146  141     -0.743      0.035      0.000
  -1   -2     -0.738     -0.964      0.000
 131  142     -0.734     -1.010      0.000
 149  144     -0.724      0.980      0.000
  -1   -2     -0.716     -0.928      0.000
 150  145     -0.712      0.139      0.000
 151  146     -0.709     -0.151      0.000
  -1  147     -0.702      1.113      0.000
  -1  148     -0.695     -0.490      0.000
 154  143     -0.693     -0.993      0.000
  -1  149     -0.689      0.874      0.000
 155  151     -0.684     -0.556      0.000
 157  150     -0.683      1.062      0.000
  -1  152     -0.681     -0.688      0.000
 152  155     -0.677      0.731      0.000
 156  154     -0.676     -0.103      0.000
  -1   -2     -0.656     -1.173      0.000
 163  159     -0.643      1.146      0.000
 160  161     -0.643     -1.076      0.000
 165   -2     -0.635     -1.116      0.000
 166  163     -0.624     -0.308      0.000
 167  162     -0.623     -1.003      0.000
 168  164     -0.618     -0.765      0.000
 153   -2     -0.616      1.071      0.000
 161  180     -0.616      0.425      0.000
  -1  166     -0.608     -0.546      0.000
 170  167     -0.602      0.888      0.000
 171  168     -0.597     -0.432      0.000
 172  169     -0.589     -0.513      0.000
 173  171     -0.588     -0.282      0.000
 174   -2     -0.586     -1.111      0.000
  -1  172     -0.571      0.410      0.000
 176  173     -0.569      0.042      0.000
 178  165     -0.554      1.053      0.000
 177  175     -0.554      0.346      0.000
 179  176     -0.548     -1.175      0.000
 181  170     -0.542     -1.088      0.000
 180  177     -0.538     -0.514      0.000
  -1  178     -0.532     -0.236      0.000
  -1  179     -0.530      0.265      0.000
 183   -2     -0.528      0.542      0.000
 182   -2     -0.523      0.481      0.000
 184  181     -0.522      0.675      0.000
 185   -2     -0.497     -0.703      0.000
  -1  185     -0.493     -0.644      0.000
 186  182     -0.487      0.079      0.000
 187  183     -0.484      0.185      0.000
 188  184     -0.483      0.973      0.000
 189  186     -0.481     -1.174      0.000
 190   -2     -0.472     -0.679      0.000
 191  187     -0.465     -0.050      0.000
 192  188     -0.448     -0.131      0.000
 195   -2     -0.441     -1.139      0.000
 193  191     -0.439     -0.289      0.000
 194  190     -0.439     -0.950      0.000
 197  193     -0.424      0.447      0.000
 199  192     -0.422     -0.841      0.000
 200  194     -0.400      0.752      0.000
 201   -2     -0.396     -0.516      0.000
  -1  196     -0.396      0.636      0.000
 202  195     -0.394      1.070      0.000
 203  198     -0.389     -0.608      0.000
 205  200     -0.386      0.323      0.000
 206  202     -0.378     -0.185      0.000
 207  201     -0.377     -0.962      0.000
 208  203     -0.371     -0.673      0.000
 212  205     -0.367      1.065      0.000
 211  206     -0.367      0.728      0.000
 210  204     -0.364     -1.172      0.000
 209  210     -0.356     -0.266      0.000
 214  208     -0.354     -1.076      0.000
 215  209     -0.352      0.991      0.000
 217  212     -0.340      0.875      0.000
 204  234     -0.338      0.520      0.000
 218  214     -0.312     -0.577      0.000
 219  215     -0.303     -0.933      0.000
 234  199     -0.296      0.536      0.000
 220  217     -0.296      0.799      0.000
 222  218     -0.290     -0.987      0.000
  -1   -2     -0.289     -0.752      0.000
 221  220     -0.289      0.308      0.000
  -1  222     -0.272     -0.482      0.000
  -1  221     -0.272      0.282      0.000
 223  223     -0.265     -1.167      0.000
 226  224     -0.265     -1.073      0.000
 225  225     -0.262     -0.193      0.000
 227  226     -0.249      0.416      0.000
 228  227     -0.239     -0.405      0.000
 229  228     -0.238     -0.681      0.000
  -1   -2     -0.234      0.755      0.000
  -1  229     -0.229     -1.091      0.000
 232  230     -0.219      0.123      0.000
  -1   -2     -0.212      0.333      0.000
 235  233     -0.200      0.712      0.000
  -1  231     -0.177      0.385      0.000
 240  236     -0.157      0.069      0.000
  -1   -2     -0.156     -0.056      0.000
 242  237     -0.152     -0.775      0.000
 241  239     -0.147     -0.272      0.000
 238   -2     -0.145     -0.609      0.000
  -1  240     -0.138     -0.656      0.000
 244  241     -0.130     -1.024      0.000
 245  242     -0.123     -0.192      0.000
 246  243     -0.116      0.485      0.000
 248  244     -0.115      0.382      0.000
 247  253     -0.111     -1.158      0.000
 249  245     -0.105      0.621      0.000
 250  246     -0.098     -0.087      0.000
  -1  247     -0.091      0.326      0.000
 252  248     -0.087      1.139      0.000
  -1  250     -0.078     -1.094      0.000
 254  251     -0.071      0.223      0.000
 255  252     -0.068     -0.166      0.000
  -1   -2     -0.067      0.695      0.000
 257  249     -0.065     -0.630      0.000
  -1  254     -0.051     -0.332      0.000
 259  255     -0.051      0.347      0.000
 260   -2     -0.048     -1.173      0.000
 261  256     -0.045      0.586      0.000
 262  257     -0.029     -0.013      0.000
 277   -2     -0.019     -1.015      0.000
 263   -2     -0.016     -0.426      0.000
 264   -2     -0.003     -1.169      0.000
  -1  259     -0.003     -0.479      0.000
 272   -2      0.005      0.564      0.000
 266  261      0.009      0.319      0.000
 267  262      0.012      0.978      0.000
 268  263      0.019      0.856      0.000
  -1  264      0.027      0.367      0.000
 265  284      0.029      0.042      0.000
 271  265      0.030     -1.118      0.000
  -1  268      0.040      0.574      0.000
 274  271      0.051      0.330      0.000
  -1  274      0.061     -1.076      0.000
 276  272      0.062      0.904      0.000
 278   -2      0.067      0.650      0.000
 280  287      0.077      0.791      0.000
 279  276      0.078     -0.920      0.000
  -1   -2      0.081      1.143      0.000
 282  281      0.090     -0.975      0.000
 283  277      0.095     -0.714      0.000
 284  278      0.097      0.145      0.000
 299   -2      0.104     -1.163      0.000
 285  280      0.106      0.448      0.000
 287  283      0.109      0.101      0.000
 289   -2      0.113     -0.062      0.000
  -1  297      0.126      0.963      0.000
 290   -2      0.136      0.846      0.000
 291  288      0.137     -0.949      0.000
 295   -2      0.144      0.195      0.000
  -1  273      0.145      0.677      0.000
 294  289      0.145     -0.593      0.000
 292  290      0.151     -0.482      0.000
 293  291      0.152      1.042      0.000
 298  292      0.173     -0.684      0.000
 297  294      0.174      0.357      0.000
  -1  296      0.195     -1.173      0.000
  -1   -2      0.199     -0.459      0.000
 301  298      0.212      0.554      0.000
 302  300      0.214      0.021      0.000
 303  299      0.215     -1.009      0.000
 306  302      0.237     -0.157      0.000
 307  303      0.251      0.962      0.000
 310  304      0.259     -0.375      0.000
 309  305      0.260     -0.899      0.000
  -1  306      0.269      0.721      0.000
 313  307      0.273      1.108      0.000
 308   -2      0.273      0.239      0.000
 288   -2      0.275     -0.238      0.000
  -1   -2      0.301     -1.133      0.000
 316  312      0.302     -1.010      0.000
 317   -2      0.303     -0.081      0.000
 319  313      0.316      0.049      0.000
 320  315      0.317     -0.202      0.000
  -1   -2      0.320     -0.036      0.000
  -1  316      0.321     -0.399      0.000
 321  317      0.327      1.015      0.000
 322  318      0.330     -0.595      0.000
 323  314      0.339     -1.176      0.000
  -1   -2      0.353      1.063      0.000
  -1   -2      0.354     -1.020      0.000
 325   -2      0.355     -0.408      0.000
 326  320      0.372      0.051      0.000
 327  321      0.373     -0.807      0.000
  -1   -2      0.376      1.122      0.000
 328  322      0.383      0.289      0.000
  -1  331      0.390     -0.973      0.000
 330  323      0.390     -0.413      0.000
 331  324      0.394      0.162      0.000
 332  325      0.400     -0.462      0.000
 334  328      0.420     -0.887      0.000
  -1  329      0.422     -1.115      0.000
 337  330      0.424     -0.005      0.000
  -1   -2      0.425     -1.026      0.000
  -1   -2      0.434     -0.927      0.000
 336  334      0.442     -0.606      0.000
  -1   -2      0.450     -0.562      0.000
 342  342      0.457      0.616      0.000
 340  335      0.458     -0.432      0.000
  -1   -2      0.460      0.557      0.000
 338   -2      0.461      0.738      0.000
 335   -2      0.463     -1.172      0.000
 344  338      0.470      0.315      0.000
 347  339      0.479     -0.033      0.000
 343  351      0.481      0.678      0.000
 345  340      0.482     -1.111      0.000
 349  341      0.490     -0.794      0.000
 350  346      0.493      0.431      0.000
 351  345      0.495      0.900      0.000
 367   -2      0.496     -0.360      0.000
 354  347      0.501      0.759      0.000
 355  349      0.503     -0.964      0.000
 353  348      0.503     -0.622      0.000
 356  350      0.530      0.325      0.000
 357  352      0.538     -0.909      0.000
 358  353      0.544     -0.576      0.000
 360  354      0.559     -0.043      0.000
  -1   -2      0.560     -0.956      0.000
 361  356      0.561     -0.438      0.000
 362  357      0.565      0.904      0.000
 363   -2      0.571     -1.167      0.000
 364  359      0.574      1.035      0.000
 365  360      0.577      0.541      0.000
 366   -2      0.581      0.317      0.000
 368  362      0.595      0.809      0.000
 369  363      0.600     -0.743      0.000
 370  365      0.604     -0.989      0.000
  -1  364      0.607      0.330      0.000
 371  367      0.622      0.556      0.000
 373  369      0.626     -0.681      0.000
 376  368      0.626      0.488      0.000
 374  371      0.627     -0.837      0.000
 375  372      0.628     -1.068      0.000
 377   -2      0.628     -1.138      0.000
 378  374      0.644      0.935      0.000
 379  375      0.648      0.852      0.000
 386   -2      0.652      1.176      0.000
 380   -2      0.654     -0.482      0.000
  -1  384      0.679     -0.005      0.000
 381   -2      0.683     -1.029      0.000
 383  373      0.688     -1.170      0.000
 382  377      0.694     -0.501      0.000
  -1  380      0.703     -0.859      0.000
 385  381      0.703     -0.449      0.000
 387  383      0.709     -0.375      0.000
  -1  382      0.710      0.255      0.000
 388  386      0.715     -0.697      0.000
 389  385      0.717      0.291      0.000
 390  387      0.721      1.076      0.000
 402  378      0.727     -0.988      0.000
 384  403      0.736     -0.885      0.000
 393  389      0.738     -1.075      0.000
  -1   -2      0.743      0.292      0.000
 396  390      0.754      0.389      0.000
 395  392      0.755     -0.640      0.000
 397  391      0.757      0.339      0.000
 398  395      0.765      0.637      0.000
 399  406      0.785      1.058      0.000
  -1   -2      0.787     -0.817      0.000
 401  398      0.791      0.913      0.000
 403  400      0.811     -0.038      0.000
 404  402      0.822     -1.136      0.000
 405  401      0.826      0.094      0.000
 400  421      0.828     -0.874      0.000
 407  404      0.829      0.896      0.000
 409  407      0.844     -0.794      0.000
 412   -2      0.847     -0.202      0.000
 394  422      0.849      1.118      0.000
 411  410      0.852     -1.066      0.000
 413  411      0.856      0.164      0.000
 414   -2      0.861     -0.266      0.000
  -1  409      0.864     -0.149      0.000
 416  413      0.871      0.516      0.000
 418  414      0.875      0.424      0.000
 417  415      0.875      0.654      0.000
 421  416      0.879      0.704      0.000
 420  417      0.880      0.763      0.000
 423  418      0.881      1.065      0.000
 422  419      0.887     -0.455      0.000
 424  412      0.890     -0.292      0.000
  -1   -2      0.900      1.105      0.000
 425   -2      0.901     -0.875      0.000
 419  430      0.902     -1.006      0.000
 429  423      0.910      0.234      0.000
 427  424      0.913     -0.544      0.000
 428  425      0.914     -0.801      0.000
 430  426      0.917      1.171      0.000
  -1   -2      0.930     -1.000      0.000
  -1  420      0.932     -0.967      0.000
 432  429      0.933      0.024      0.000
 434  431      0.942      0.526      0.000
 435   -2      0.942     -0.249      0.000
 433   -2      0.943     -0.868      0.000
 436  434      0.946     -0.154      0.000
 437  435      0.955      0.453      0.000
 431  450      0.979     -1.120      0.000
  -1  438      0.984     -0.290      0.000
 439  437      0.985     -0.037      0.000
 441  439      1.005     -0.824      0.000
 442  440      1.010     -0.592      0.000
 443  441      1.014      0.670      0.000
 444  443      1.019     -0.330      0.000
  -1   -2      1.025      0.251      0.000
  -1   -2      1.026      1.035      0.000
 445  445      1.040     -0.003      0.000
 440  452      1.047      0.717      0.000
 448  447      1.050      0.834      0.000
 450  446      1.060      0.259      0.000
 438   -2      1.062     -1.169      0.000
 451  448      1.063      0.969      0.000
 452  451      1.071      0.099      0.000
 454   -2      1.079      1.038      0.000
 455  453      1.087     -0.647      0.000
 456  454      1.104     -0.563      0.000
 457  449      1.109      0.203      0.000
 458  456      1.112     -0.971      0.000
 459  455      1.115      1.029      0.000
  -1   -2      1.129      0.024      0.000
  -1  462      1.132     -1.118      0.000
 463   -2      1.142     -0.773      0.000
 462  461      1.146     -0.547      0.000
 465   -2      1.154     -1.073      0.000
  -1  463      1.156      1.027      0.000
 467  464      1.165      0.879      0.000
 468  465      1.167     -0.244      0.000
  -1  466      1.172      0.960      0.000
 464  460      1.193     -1.170      0.000
 471  468      1.197      0.281      0.000
 472  470      1.207     -0.490      0.000
 474  471      1.221      0.561      0.000
 475  473      1.231     -0.559      0.000
 476  474      1.235      0.994      0.000
 477  472      1.238      0.391      0.000
  -1  467      1.238     -0.144      0.000
 478  476      1.258     -0.498      0.000
  -1   -2      1.270     -0.084      0.000
  -1  479      1.270     -0.997      0.000
  -1  459      1.272     -0.761      0.000
  -1  481      1.284     -1.165      0.000
 480  478      1.289     -0.470      0.000
 481   -2      1.305     -0.951      0.000
 482  480      1.309     -0.552      0.000
 483  484      1.343     -1.061      0.000
 484  483      1.345      0.176      0.000
  -1   -2      1.349      0.153      0.000
 485  486      1.368     -0.917      0.000
 488  487      1.375      1.087      0.000
 489  488      1.379     -0.222      0.000
 491  489      1.382     -0.326      0.000
  -1  490      1.384     -0.976      0.000
 492  491      1.389      0.239      0.000
 493  492      1.391      0.512      0.000
 501   -2      1.398     -0.446      0.000
 495  494      1.400     -0.384      0.000
 496  495      1.409     -0.924      0.000
  -1   -2      1.411      0.436      0.000
 487  511      1.425     -1.165      0.000
 497  496      1.427      0.578      0.000
  -1   -2      1.438     -0.761      0.000
  -1  497      1.451     -1.076      0.000
  -1  500      1.453     -1.038      0.000
 498  498      1.454      0.269      0.000
 500  499      1.458      0.811      0.000
 502  501      1.476     -0.725      0.000
 512  502      1.481     -0.040      0.000
 504   -2      1.489     -0.189      0.000
 505  505      1.492     -0.243      0.000
 506  506      1.497      0.421      0.000
 510   -2      1.505      0.360      0.000
 507   -2      1.505     -0.312      0.000
 509  507      1.506      0.075      0.000
 514  508      1.529      0.694      0.000
 513   -2      1.530     -1.168      0.000
 515  509      1.531      1.075      0.000
 516  510      1.534      0.573      0.000
 517   -2      1.540     -1.117      0.000
 518  512      1.541     -0.592      0.000
 520  513      1.547      0.374      0.000
 508   -2      1.548     -1.013      0.000
  -1  515      1.549      0.023      0.000
 521  517      1.550     -0.894      0.000
  -1   -2      1.553      0.778      0.000
  -1   -2      1.559      1.004      0.000
 522  518      1.560     -0.792      0.000
  -1  504      1.563      0.815      0.000
 523  519      1.566      1.118      0.000
 524  520      1.567      0.440      0.000
