531
   1   -2     -1.572     -0.669      0.000
   2   -2     -1.558      0.503      0.000
   3   -2     -1.558     -0.979      0.000
  -1   -2     -1.549     -1.090      0.000
   0   -2     -1.542      0.766      0.000
   5   -2     -1.539      0.361      0.000
   6   -2     -1.539     -0.954      0.000
  -1   -2     -1.524      0.976      0.000
   7   -2     -1.522     -0.007      0.000
   9   -2     -1.511      0.234      0.000
  -1   -2     -1.510     -0.187      0.000
  -1   -2     -1.508     -1.162      0.000
  -1   -2     -1.483     -1.085      0.000
  11   -2     -1.467     -0.895      0.000
  12   -2     -1.459      0.924      0.000
  13   -2     -1.459      0.782      0.000
  14   -2     -1.453      0.201      0.000
  15   -2     -1.446      0.290      0.000
  -1   -2     -1.445      1.030      0.000
  16   -2     -1.442      0.585      0.000
   8   -2     -1.438     -0.241      0.000
  19   -2     -1.433      0.250      0.000
  20   -2     -1.425     -0.534      0.000
  21   -2     -1.424      0.365      0.000
  -1   -2     -1.417      0.211      0.000
  24   -2     -1.400      0.144      0.000
  -1   -2     -1.392     -1.090      0.000
  18   -2     -1.382     -0.296      0.000
  22   -2     -1.377     -1.170      0.000
  29   -2     -1.372     -0.963      0.000
  28   -2     -1.372      0.638      0.000
  -1   -2     -1.368      1.033      0.000
  -1   -2     -1.368     -0.820      0.000
  32   -2     -1.360      0.687      0.000
  33   -2     -1.360      0.309      0.000
  34   -2     -1.358     -1.064      0.000
  25   -2     -1.357     -0.690      0.000
  36   -2     -1.343     -0.333      0.000
  27   -2     -1.340      0.478      0.000
  37   -2     -1.339      0.128      0.000
  -1   -2     -1.334     -0.471      0.000
  -1   -2     -1.330     -1.174      0.000
  39   -2     -1.325      0.948      0.000
  38   -2     -1.323      0.579      0.000
  41   -2     -1.322      1.008      0.000
  42   -2     -1.315      0.258      0.000
  52   -2     -1.311     -0.179      0.000
  44   -2     -1.303      0.069      0.000
  45   -2     -1.301      0.552      0.000
  49   -2     -1.300      1.148      0.000
  47   -2     -1.299      0.855      0.000
  31   -2     -1.299     -0.759      0.000
  51   -2     -1.289     -0.915      0.000
  -1   -2     -1.281      0.028      0.000
  53   -2     -1.275     -1.163      0.000
  54   -2     -1.272      0.637      0.000
  74   -2     -1.243      0.003      0.000
  56   -2     -1.242      0.036      0.000
  -1   -2     -1.238     -1.062      0.000
  58   -2     -1.233     -0.572      0.000
  60   -2     -1.233     -0.774      0.000
  64   -2     -1.230     -0.299      0.000
  61   -2     -1.229      0.934      0.000
  62   -2     -1.224      0.157      0.000
  -1   -2     -1.217     -1.026      0.000
  63   -2     -1.213      0.509      0.000
  -1   -2     -1.206     -0.482      0.000
  65   -2     -1.186      0.581      0.000
  -1   -2     -1.180     -0.419      0.000
  67   -2     -1.171     -0.596      0.000
  68   -2     -1.169     -0.815      0.000
  69   -2     -1.164      0.778      0.000
  71   -2     -1.163     -1.157      0.000
  72   -2     -1.162     -0.782      0.000
  73   -2     -1.157      0.985      0.000
  75   -2     -1.132     -1.008      0.000
  76   -2     -1.127     -0.969      0.000
  77   -2     -1.118      0.684      0.000
  -1   -2     -1.116     -0.112      0.000
  78   -2     -1.108     -0.524      0.000
  79   -2     -1.107      0.994      0.000
  -1   -2     -1.105     -0.590      0.000
  80   -2     -1.088      0.599      0.000
  82   -2     -1.065     -0.328      0.000
  81   -2     -1.060     -1.168      0.000
  83   -2     -1.059     -1.015      0.000
  66   -2     -1.032      0.381      0.000
  87   -2     -1.017     -0.832      0.000
  85   -2     -1.017     -0.355      0.000
  86   -2     -1.017     -0.700      0.000
  -1   -2     -1.017     -0.884      0.000
  89   -2     -1.012      0.772      0.000
  90   -2     -1.009     -1.076      0.000
  -1   -2     -1.001      0.654      0.000
  91   -2     -1.000     -0.958      0.000
  92   -2     -0.994     -0.101      0.000
  94   -2     -0.985      0.998      0.000
  93   -2     -0.985     -0.271      0.000
  95   -2     -0.973     -0.980      0.000
  96   -2     -0.963      0.382      0.000
  97   -2     -0.963      0.887      0.000
  98   -2     -0.950      0.461      0.000
  99   -2     -0.949     -0.913      0.000
 102   -2     -0.928     -0.423      0.000
 114   -2     -0.927     -0.158      0.000
  -1   -2     -0.919     -0.566      0.000
 103   -2     -0.912      0.379      0.000
 105   -2     -0.909      1.068      0.000
  88   -2     -0.908     -1.163      0.000
 104   -2     -0.906     -0.215      0.000
 108   -2     -0.902     -0.759      0.000
 107   -2     -0.901      0.184      0.000
 109   -2     -0.898     -0.177      0.000
 111   -2     -0.868      0.331      0.000
  -1   -2     -0.867      0.428      0.000
 113   -2     -0.864      0.892      0.000
  -1   -2     -0.852     -0.117      0.000
 115   -2     -0.839     -0.735      0.000
 116   -2     -0.832     -1.083      0.000
 117   -2     -0.827      0.565      0.000
 118   -2     -0.821      1.087      0.000
 120   -2     -0.814     -0.692      0.000
  -1   -2     -0.814      1.044      0.000
 121   -2     -0.812     -0.612      0.000
 112   -2     -0.807     -0.941      0.000
 123   -2     -0.804      0.693      0.000
  -1   -2     -0.803     -1.089      0.000
  -1   -2     -0.801      0.303      0.000
  -1   -2     -0.792     -0.095      0.000
  -1   -2     -0.777      1.170      0.000
 125   -2     -0.772     -0.449      0.000
 126   -2     -0.771      0.996      0.000
 119   -2     -0.769     -1.160      0.000
 128   -2     -0.768     -0.801      0.000
 130   -2     -0.758     -0.933      0.000
 131   -2     -0.753     -0.756      0.000
 132   -2     -0.747     -1.011      0.000
 136   -2     -0.744     -0.967      0.000
 127   -2     -0.742      0.823      0.000
 133   -2     -0.741     -0.144      0.000
 134   -2     -0.740      0.478      0.000
 138   -2     -0.740      0.896      0.000
 137   -2     -0.736     -0.223      0.000
 139   -2     -0.720     -0.063      0.000
 140   -2     -0.717      0.335      0.000
 145   -2     -0.715      0.455      0.000
 122   -2     -0.707      0.995      0.000
 141   -2     -0.706     -0.016      0.000
 143   -2     -0.697     -1.128      0.000
 146   -2     -0.686      0.258      0.000
 147   -2     -0.684     -0.463      0.000
  -1   -2     -0.682     -1.055      0.000
 149   -2     -0.676      1.084      0.000
 148   -2     -0.675      0.319      0.000
 150   -2     -0.670     -1.090      0.000
 151   -2     -0.663      1.029      0.000
  -1   -2     -0.656      0.815      0.000
 152   -2     -0.653     -0.068      0.000
 153   -2     -0.651      1.171      0.000
 154   -2     -0.644     -0.708      0.000
 156   -2     -0.639     -1.024      0.000
 155   -2     -0.635      0.029      0.000
  -1   -2     -0.629     -0.668      0.000
 157   -2     -0.629     -0.579      0.000
 158   -2     -0.618      0.757      0.000
  -1   -2     -0.614      1.110      0.000
 159   -2     -0.611     -0.166      0.000
 170   -2     -0.604      0.139      0.000
 162   -2     -0.596     -0.596      0.000
 163   -2     -0.595     -0.795      0.000
 165   -2     -0.592     -1.120      0.000
 166   -2     -0.579     -0.120      0.000
 169   -2     -0.575     -0.952      0.000
 167   -2     -0.570      0.927      0.000
  -1   -2     -0.556     -0.810      0.000
 172   -2     -0.548      1.099      0.000
 173   -2     -0.542     -0.336      0.000
 177   -2     -0.542     -1.170      0.000
 174   -2     -0.540     -1.092      0.000
 175   -2     -0.532     -0.547      0.000
 176   -2     -0.529     -0.467      0.000
 178   -2     -0.507     -0.311      0.000
 182   -2     -0.483     -1.176      0.000
 180   -2     -0.481     -0.557      0.000
 181   -2     -0.470      0.037      0.000
 185   -2     -0.465      1.032      0.000
 184   -2     -0.463      0.720      0.000
 183   -2     -0.463      0.366      0.000
 187   -2     -0.449      0.512      0.000
 179   -2     -0.448     -0.267      0.000
 168   -2     -0.439     -1.008      0.000
 190   -2     -0.439      0.282      0.000
 191   -2     -0.436     -0.735      0.000
  -1   -2     -0.414     -1.121      0.000
 192   -2     -0.409     -0.904      0.000
 195   -2     -0.396      1.145      0.000
 193   -2     -0.396      0.073      0.000
 194   -2     -0.393      0.192      0.000
 198   -2     -0.379     -1.031      0.000
 196   -2     -0.377     -0.069      0.000
 197   -2     -0.374     -1.155      0.000
 208   -2     -0.368     -0.331      0.000
 200   -2     -0.367      1.144      0.000
  -1   -2     -0.367     -0.157      0.000
 201   -2     -0.359      0.818      0.000
 203   -2     -0.349     -0.673      0.000
 202   -2     -0.349      0.483      0.000
 204   -2     -0.347     -0.577      0.000
  -1   -2     -0.344      0.190      0.000
 233   -2     -0.341      1.072      0.000
 207   -2     -0.338     -0.742      0.000
  -1   -2     -0.337     -0.027      0.000
  -1   -2     -0.329     -0.409      0.000
 209   -2     -0.324      0.797      0.000
 210   -2     -0.324      0.565      0.000
 211   -2     -0.317      0.955      0.000
 212   -2     -0.311      0.349      0.000
 213   -2     -0.307     -0.225      0.000
 214   -2     -0.302     -1.015      0.000
 215   -2     -0.298     -0.342      0.000
 216   -2     -0.296     -1.068      0.000
 217   -2     -0.286     -0.304      0.000
 218   -2     -0.284     -0.927      0.000
 219   -2     -0.280      0.569      0.000
 221   -2     -0.279     -1.160      0.000
 220   -2     -0.274     -0.653      0.000
 206   -2     -0.272     -0.839      0.000
 223   -2     -0.266      0.882      0.000
  -1   -2     -0.262      0.510      0.000
  -1   -2     -0.241      0.592      0.000
 224   -2     -0.232     -0.967      0.000
  -1   -2     -0.227     -0.551      0.000
 226   -2     -0.226      0.335      0.000
 227   -2     -0.221     -1.092      0.000
 237   -2     -0.212     -0.771      0.000
 242   -2     -0.202     -0.232      0.000
 230   -2     -0.195     -1.069      0.000
 232   -2     -0.192     -0.474      0.000
 231   -2     -0.192      0.459      0.000
  -1   -2     -0.177     -0.906      0.000
 234   -2     -0.171      0.797      0.000
  -1   -2     -0.149     -0.992      0.000
  -1   -2     -0.145     -0.635      0.000
  -1   -2     -0.134     -0.597      0.000
  -1   -2     -0.131     -0.081      0.000
 236   -2     -0.131     -1.141      0.000
 238   -2     -0.130     -0.012      0.000
  -1   -2     -0.114     -1.007      0.000
 239   -2     -0.113     -0.172      0.000
 240   -2     -0.111     -0.760      0.000
  -1   -2     -0.108      0.064      0.000
  -1   -2     -0.102     -0.326      0.000
 235   -2     -0.082      0.547      0.000
 244   -2     -0.081      0.702      0.000
 245   -2     -0.079     -0.240      0.000
 249   -2     -0.054      0.364      0.000
 250   -2     -0.052      0.789      0.000
  -1   -2     -0.052     -0.956      0.000
 248   -2     -0.051     -0.121      0.000
 251   -2     -0.046     -0.734      0.000
  -1   -2     -0.037     -0.603      0.000
 253   -2     -0.036      0.241      0.000
  -1   -2     -0.031     -0.212      0.000
 241   -2     -0.029     -0.009      0.000
 255   -2     -0.025      0.665      0.000
 247   -2     -0.023     -0.407      0.000
 257   -2     -0.022      0.337      0.000
 246   -2     -0.021      0.389      0.000
 259   -2     -0.020     -0.999      0.000
 260   -2      0.002     -0.034      0.000
 261   -2      0.003      0.122      0.000
 262   -2      0.009      1.097      0.000
  -1   -2      0.010     -0.609      0.000
 264   -2      0.016     -0.570      0.000
  -1   -2      0.019      0.735      0.000
 265   -2      0.022      0.642      0.000
  -1   -2      0.033      0.202      0.000
 268   -2      0.034     -0.183      0.000
 267   -2      0.034      0.345      0.000
  -1   -2      0.045      0.414      0.000
 270   -2      0.052      0.651      0.000
 282   -2      0.056      0.028      0.000
 266   -2      0.057      1.019      0.000
  -1   -2      0.060     -0.294      0.000
 263   -2      0.061     -1.167      0.000
 273   -2      0.065      0.372      0.000
 274   -2      0.069      0.743      0.000
 277   -2      0.081     -1.046      0.000
  -1   -2      0.092     -1.001      0.000
  -1   -2      0.101     -0.829      0.000
 278   -2      0.108      0.149      0.000
 279   -2      0.112      0.508      0.000
 271   -2      0.118      0.098      0.000
 292   -2      0.123     -0.099      0.000
 284   -2      0.127      0.961      0.000
 276   -2      0.138     -0.951      0.000
 286   -2      0.140      0.768      0.000
 287   -2      0.141      1.166      0.000
  -1   -2      0.153     -0.701      0.000
 288   -2      0.154     -0.577      0.000
 290   -2      0.159     -0.784      0.000
 291   -2      0.170      0.403      0.000
 293   -2      0.187     -0.805      0.000
 294   -2      0.190      1.082      0.000
  -1   -2      0.196     -1.173      0.000
 295   -2      0.199     -0.548      0.000
 296   -2      0.199      0.631      0.000
  -1   -2      0.202      1.164      0.000
 297   -2      0.209      0.003      0.000
 298   -2      0.216     -1.126      0.000
 299   -2      0.217     -0.370      0.000
 300   -2      0.231     -0.203      0.000
 301   -2      0.235      1.081      0.000
 302   -2      0.236     -1.000      0.000
 304   -2      0.251     -0.451      0.000
 303   -2      0.254      0.818      0.000
 305   -2      0.257      0.262      0.000
 307   -2      0.279     -0.954      0.000
  -1   -2      0.287     -0.183      0.000
 309   -2      0.296      0.039      0.000
 310   -2      0.300     -0.251      0.000
 311   -2      0.301     -0.400      0.000
 312   -2      0.305     -1.119      0.000
 314   -2      0.309      1.131      0.000
  -1   -2      0.321     -0.689      0.000
 308   -2      0.322     -1.173      0.000
 324   -2      0.337      0.744      0.000
 320   -2      0.343      0.042      0.000
 337   -2      0.349      0.322      0.000
 306   -2      0.360      0.174      0.000
 313   -2      0.363     -0.484      0.000
  -1   -2      0.366      1.035      0.000
 325   -2      0.369     -0.905      0.000
 322   -2      0.380     -0.538      0.000
 328   -2      0.384      0.985      0.000
 329   -2      0.389     -0.019      0.000
 330   -2      0.391     -1.071      0.000
 332   -2      0.395     -1.166      0.000
 343   -2      0.396      0.790      0.000
  -1   -2      0.404      0.927      0.000
 336   -2      0.414      0.695      0.000
 334   -2      0.416     -0.977      0.000
  -1   -2      0.419      0.350      0.000
 339   -2      0.420      0.824      0.000
 333   -2      0.425     -0.683      0.000
  -1   -2      0.426      0.052      0.000
 340   -2      0.431     -0.498      0.000
 341   -2      0.437     -0.052      0.000
  -1   -2      0.463      0.849      0.000
 345   -2      0.465      0.998      0.000
 350   -2      0.475     -1.174      0.000
 347   -2      0.480     -0.872      0.000
 346   -2      0.480     -0.694      0.000
  -1   -2      0.481      0.532      0.000
 344   -2      0.486     -1.113      0.000
  -1   -2      0.490     -0.981      0.000
 349   -2      0.492     -1.153      0.000
 351   -2      0.507     -0.056      0.000
 352   -2      0.510      0.932      0.000
 353   -2      0.512     -0.404      0.000
  -1   -2      0.515      0.564      0.000
 355   -2      0.521     -0.635      0.000
 356   -2      0.521      0.605      0.000
 357   -2      0.530     -0.982      0.000
 358   -2      0.532      0.998      0.000
  -1   -2      0.547      0.363      0.000
 359   -2      0.554      1.130      0.000
 360   -2      0.555      0.897      0.000
 361   -2      0.558     -1.022      0.000
 363   -2      0.563      0.543      0.000
 354   -2      0.564      0.680      0.000
  -1   -2      0.572     -1.173      0.000
 364   -2      0.587     -0.801      0.000
  -1   -2      0.591     -0.443      0.000
  -1   -2      0.605     -0.731      0.000
 365   -2      0.605      0.935      0.000
 366   -2      0.612     -1.046      0.000
 367   -2      0.612      1.022      0.000
 369   -2      0.617     -0.536      0.000
 370   -2      0.617     -0.890      0.000
 371   -2      0.634      0.284      0.000
  -1   -2      0.639      0.325      0.000
  -1   -2      0.652      0.929      0.000
 372   -2      0.658     -0.026      0.000
 374   -2      0.661     -0.405      0.000
 373   -2      0.669     -1.171      0.000
 376   -2      0.677      0.374      0.000
 377   -2      0.677      0.429      0.000
 378   -2      0.686     -1.071      0.000
  -1   -2      0.689     -0.734      0.000
 379   -2      0.690     -0.899      0.000
 381   -2      0.697      0.698      0.000
 380   -2      0.699     -0.082      0.000
  -1   -2      0.715      0.473      0.000
  -1   -2      0.727     -0.822      0.000
 384   -2      0.727     -0.920      0.000
 375   -2      0.729     -0.670      0.000
  -1   -2      0.734      0.909      0.000
 387   -2      0.736     -0.033      0.000
 386   -2      0.738     -0.981      0.000
 389   -2      0.746     -1.101      0.000
  -1   -2      0.750      0.980      0.000
 388   -2      0.772      0.183      0.000
 393   -2      0.780      0.670      0.000
  -1   -2      0.784      0.327      0.000
 395   -2      0.785      0.957      0.000
 394   -2      0.788     -1.046      0.000
 396   -2      0.788      0.559      0.000
 397   -2      0.788      0.459      0.000
 398   -2      0.792     -0.155      0.000
  -1   -2      0.799      0.516      0.000
 390   -2      0.801     -0.269      0.000
 399   -2      0.803      0.704      0.000
 400   -2      0.809     -0.979      0.000
 401   -2      0.810     -1.146      0.000
 402   -2      0.811      0.754      0.000
  -1   -2      0.818      0.033      0.000
 403   -2      0.819      0.816      0.000
 392   -2      0.820      0.256      0.000
  -1   -2      0.821     -0.625      0.000
 405   -2      0.827     -0.808      0.000
 407   -2      0.841     -0.463      0.000
 408   -2      0.857     -1.077      0.000
 416   -2      0.857      0.560      0.000
 413   -2      0.860      1.119      0.000
 423   -2      0.864      0.483      0.000
 411   -2      0.867     -0.283      0.000
 414   -2      0.873     -0.546      0.000
 415   -2      0.875     -0.149      0.000
  -1   -2      0.877      1.169      0.000
 427   -2      0.878     -0.248      0.000
  -1   -2      0.889      1.145      0.000
  -1   -2      0.892     -0.874      0.000
 406   -2      0.897     -0.803      0.000
 421   -2      0.902     -1.006      0.000
 424   -2      0.903     -0.024      0.000
 425   -2      0.908     -1.136      0.000
 426   -2      0.919     -0.696      0.000
 419   -2      0.929     -0.861      0.000
 428   -2      0.930     -0.997      0.000
 430   -2      0.933      0.697      0.000
 417   -2      0.934      0.795      0.000
  -1   -2      0.941     -1.076      0.000
 433   -2      0.944      0.010      0.000
 437   -2      0.958     -0.321      0.000
  -1   -2      0.964     -0.034      0.000
 434   -2      0.965      0.277      0.000
 432   -2      0.967     -1.128      0.000
 438   -2      0.969      0.741      0.000
 439   -2      0.975     -0.579      0.000
 440   -2      0.980      0.114      0.000
 441   -2      0.980      0.021      0.000
 443   -2      0.989     -1.106      0.000
 436   -2      0.989     -1.175      0.000
 444   -2      0.992      0.860      0.000
  -1   -2      1.013      0.215      0.000
 445   -2      1.021     -0.669      0.000
 446   -2      1.025      0.993      0.000
 447   -2      1.033     -0.312      0.000
  -1   -2      1.055      0.720      0.000
 453   -2      1.057     -0.618      0.000
  -1   -2      1.065     -0.550      0.000
 449   -2      1.072     -1.174      0.000
 450   -2      1.089      1.040      0.000
  -1   -2      1.106     -0.935      0.000
  -1   -2      1.107     -0.510      0.000
 452   -2      1.108      0.289      0.000
  -1   -2      1.114      0.653      0.000
  -1   -2      1.123     -0.733      0.000
  -1   -2      1.132      0.557      0.000
  -1   -2      1.132      0.959      0.000
  -1   -2      1.137     -0.813      0.000
  -1   -2      1.140     -1.167      0.000
 455   -2      1.142      0.394      0.000
 454   -2      1.144     -0.325      0.000
  -1   -2      1.161     -1.029      0.000
 457   -2      1.166     -0.450      0.000
 451   -2      1.193     -0.508      0.000
 460   -2      1.196      0.982      0.000
  -1   -2      1.200      0.423      0.000
  -1   -2      1.242      0.702      0.000
  -1   -2      1.247      0.527      0.000
 465   -2      1.247     -0.417      0.000
 456   -2      1.249     -1.089      0.000
 467   -2      1.263      0.185      0.000
 469   -2      1.274      0.115      0.000
 468   -2      1.275     -0.489      0.000
 472   -2      1.309      0.486      0.000
 470   -2      1.312      0.238      0.000
 458   -2      1.323     -0.177      0.000
 476   -2      1.335     -0.268      0.000
 466   -2      1.341     -0.983      0.000
 478   -2      1.344      1.048      0.000
 489   -2      1.348     -1.171      0.000
 479   -2      1.352      0.543      0.000
  -1   -2      1.358      1.150      0.000
 487   -2      1.359     -0.319      0.000
 481   -2      1.359     -0.836      0.000
 482   -2      1.364     -0.375      0.000
  -1   -2      1.373     -0.125      0.000
 484   -2      1.376     -0.897      0.000
 486   -2      1.383      0.263      0.000
 488   -2      1.395      0.758      0.000
 490   -2      1.400     -0.837      0.000
 477   -2      1.405     -1.087      0.000
 485   -2      1.425      0.990      0.000
 493   -2      1.425      0.394      0.000
  -1   -2      1.427     -0.923      0.000
 495   -2      1.428     -0.009      0.000
 498   -2      1.443     -0.134      0.000
 499   -2      1.443     -0.947      0.000
 500   -2      1.446     -0.182      0.000
 502   -2      1.451      0.093      0.000
 504   -2      1.466      0.638      0.000
  -1   -2      1.466     -1.068      0.000
 503   -2      1.466     -0.632      0.000
 505   -2      1.468      0.525      0.000
 506   -2      1.477     -0.378      0.000
 507   -2      1.486      0.348      0.000
 508   -2      1.495      1.005      0.000
 509   -2      1.500      1.126      0.000
  -1   -2      1.512     -0.491      0.000
  -1   -2      1.516      0.929      0.000
 512   -2      1.523      0.770      0.000
 511   -2      1.524      0.409      0.000
 513   -2      1.533      1.044      0.000
 510   -2      1.533     -1.137      0.000
 516   -2      1.537     -0.793      0.000
 515   -2      1.539     -0.912      0.000
 514   -2      1.539     -1.174      0.000
 517   -2      1.546     -0.686      0.000
