521
   0    2     -1.572      0.914      0.000
   1    3     -1.566      0.399      0.000
   3    4     -1.549     -0.614      0.000
   2    5     -1.547      0.051      0.000
   5    6     -1.541     -1.032      0.000
   4    7     -1.541      0.741      0.000
   7    8     -1.526     -0.552      0.000
  -1   20     -1.526     -1.173      0.000
  -1   -2     -1.520     -0.365      0.000
   6    9     -1.517      0.001      0.000
   9   10     -1.514     -0.054      0.000
  10   11     -1.512      0.214      0.000
  -1   12     -1.505     -1.023      0.000
  -1   13     -1.502      1.128      0.000
  12   -2     -1.497      0.950      0.000
  22   -2     -1.496     -0.750      0.000
  13   14     -1.490      0.863      0.000
  14   15     -1.488     -0.589      0.000
  -1   16     -1.487      0.822      0.000
  -1   -2     -1.469     -1.128      0.000
  15   17     -1.466      0.523      0.000
  16   -2     -1.466      0.997      0.000
  17   18     -1.461     -0.851      0.000
  19   19     -1.460     -0.993      0.000
  20   21     -1.456     -0.059      0.000
  -1   22     -1.444      0.734      0.000
  -1   -2     -1.433     -1.133      0.000
  -1   24     -1.428     -0.504      0.000
  21   23     -1.427      0.905      0.000
  -1   -2     -1.423     -1.172      0.000
  -1   27     -1.417     -0.206      0.000
  23   28     -1.404      0.854      0.000
  24   30     -1.365      0.508      0.000
  28   32     -1.337     -0.164      0.000
  30   31     -1.333      1.133      0.000
  29   -2     -1.329     -0.098      0.000
  31   56     -1.325     -0.706      0.000
  -1   -2     -1.320     -1.083      0.000
  33   33     -1.317      0.779      0.000
  34   34     -1.312      0.485      0.000
  35   35     -1.302     -0.469      0.000
  27   54     -1.300     -0.817      0.000
  52   26     -1.294     -0.758      0.000
  -1   37     -1.293      0.220      0.000
  37   38     -1.289      0.882      0.000
  38   39     -1.287     -1.117      0.000
  40   42     -1.275      0.573      0.000
  42   44     -1.274      0.465      0.000
  41   43     -1.274     -0.219      0.000
  43   45     -1.274     -0.374      0.000
  44   46     -1.268      0.998      0.000
  45   47     -1.265      0.781      0.000
  48   48     -1.262     -1.026      0.000
  46   50     -1.258     -0.483      0.000
  47   51     -1.252      0.395      0.000
  50   52     -1.244     -0.233      0.000
  -1   53     -1.238     -1.049      0.000
  51   55     -1.237     -0.281      0.000
  53   57     -1.227      1.172      0.000
  -1   -2     -1.225      0.504      0.000
  54   60     -1.218      0.673      0.000
  55   59     -1.218      0.788      0.000
  59   58     -1.215     -1.172      0.000
  -1   61     -1.206     -0.601      0.000
  56   62     -1.203      0.347      0.000
  58   64     -1.196     -1.021      0.000
  -1   -2     -1.189      1.079      0.000
  -1   -2     -1.184      0.594      0.000
  -1   65     -1.182     -0.113      0.000
  60   66     -1.167     -0.517      0.000
  61   67     -1.158      0.917      0.000
  64   69     -1.134     -0.999      0.000
  63   70     -1.133      0.628      0.000
  66   71     -1.126     -1.036      0.000
  65   72     -1.126     -0.157      0.000
  -1   73     -1.121      0.358      0.000
  67   74     -1.112     -0.019      0.000
  69   -2     -1.101      0.274      0.000
  70   77     -1.099     -0.241      0.000
  -1   78     -1.097      0.509      0.000
  71   76     -1.093      1.169      0.000
  68   -2     -1.086      0.333      0.000
  72   80     -1.074      0.413      0.000
  73   79     -1.073     -0.849      0.000
  74   81     -1.060     -0.063      0.000
  75   83     -1.055      0.035      0.000
  76   82     -1.054      0.998      0.000
  78   84     -1.047      0.733      0.000
  79   -2     -1.045      0.795      0.000
  -1   85     -1.028     -0.482      0.000
  81   86     -1.028      0.141      0.000
  80   -2     -1.026     -1.169      0.000
  -1   88     -1.017     -0.886      0.000
  84   89     -1.000     -0.980      0.000
  85   90     -0.999      1.108      0.000
  83   91     -0.998     -0.151      0.000
  -1   -2     -0.986      0.759      0.000
  94   -2     -0.976     -0.100      0.000
  88   -2     -0.974      0.063      0.000
  89   93     -0.972     -0.661      0.000
  -1   -2     -0.967      0.386      0.000
  -1   96     -0.967     -0.847      0.000
  91   99     -0.949     -0.459      0.000
  92   98     -0.948     -0.976      0.000
  95  100     -0.932     -0.743      0.000
  93  102     -0.927      0.823      0.000
  98  103     -0.925     -0.798      0.000
  99  104     -0.918     -1.104      0.000
 100   -2     -0.904     -1.031      0.000
  97   -2     -0.886     -1.172      0.000
  -1  109     -0.885     -1.104      0.000
  -1  105     -0.882     -0.996      0.000
 102  110     -0.881      0.883      0.000
 104  111     -0.875     -0.288      0.000
 103  112     -0.875      0.049      0.000
  -1  114     -0.853     -0.774      0.000
  -1   -2     -0.851      0.692      0.000
 108  116     -0.847     -0.544      0.000
 106  117     -0.847     -0.254      0.000
 107  118     -0.847      0.321      0.000
  -1   -2     -0.846     -1.077      0.000
 109  115     -0.846      1.055      0.000
 110  119     -0.844      0.989      0.000
 112   -2     -0.837     -0.824      0.000
  -1  122     -0.822     -0.931      0.000
 101  143     -0.822      1.096      0.000
  -1   -2     -0.820     -0.991      0.000
  -1   -2     -0.819      1.000      0.000
 114  124     -0.813     -0.398      0.000
  -1  123     -0.811      0.837      0.000
 117   -2     -0.804     -0.789      0.000
 118   -2     -0.798     -0.630      0.000
 116  120     -0.798      0.949      0.000
 119  126     -0.798     -0.202      0.000
 121  128     -0.795      0.431      0.000
 122  125     -0.792     -0.674      0.000
  -1   -2     -0.789     -1.022      0.000
 123  129     -0.787      0.080      0.000
 126  121     -0.787     -1.168      0.000
 125  130     -0.782      0.172      0.000
 127  131     -0.779     -0.470      0.000
  -1  133     -0.756     -0.945      0.000
 129  135     -0.754     -0.245      0.000
 138   -2     -0.754     -1.153      0.000
 128  136     -0.753     -0.028      0.000
 131  137     -0.729     -0.969      0.000
 133  138     -0.727     -0.454      0.000
 132  139     -0.727      0.597      0.000
 162  113     -0.727      0.814      0.000
 135  141     -0.725     -0.097      0.000
 137  142     -0.720      1.007      0.000
 139  144     -0.711     -0.724      0.000
  -1   -2     -0.709      1.062      0.000
  -1  146     -0.707      0.003      0.000
 140   -2     -0.706     -1.013      0.000
 145  145     -0.694     -1.094      0.000
 142  148     -0.687     -0.230      0.000
 143  149     -0.679      0.385      0.000
 144   -2     -0.672     -0.715      0.000
 148  151     -0.654      0.273      0.000
 149  152     -0.648      1.065      0.000
 150  153     -0.646      1.168      0.000
 146  167     -0.640     -0.772      0.000
 151  156     -0.637     -0.136      0.000
 152  154     -0.635      0.147      0.000
 154  157     -0.623     -0.958      0.000
 153  158     -0.622      0.423      0.000
 147  166     -0.611      0.943      0.000
 156  160     -0.606     -0.582      0.000
 157  161     -0.603     -1.032      0.000
  -1  162     -0.601     -0.220      0.000
 158  163     -0.592     -0.186      0.000
  -1   -2     -0.591      0.516      0.000
 161  164     -0.584     -0.921      0.000
 160  165     -0.584     -0.415      0.000
 163  168     -0.573      0.618      0.000
 164  169     -0.565      0.415      0.000
 165  171     -0.549     -0.488      0.000
  -1  172     -0.544     -0.598      0.000
 166  173     -0.543      0.588      0.000
 167  174     -0.537      1.046      0.000
 168  170     -0.536     -1.088      0.000
 169  175     -0.533      0.249      0.000
 170  176     -0.512     -0.533      0.000
 172  177     -0.505     -0.705      0.000
 173  181     -0.489     -1.168      0.000
  -1  178     -0.485     -0.124      0.000
 174  179     -0.480     -0.812      0.000
 175  180     -0.477     -0.595      0.000
 176  183     -0.473     -0.436      0.000
 177  184     -0.469      0.700      0.000
  -1   -2     -0.469      1.152      0.000
 178  185     -0.462      0.321      0.000
 179  186     -0.443      0.795      0.000
 180  187     -0.442      0.107      0.000
 181  188     -0.439      0.619      0.000
 184  190     -0.433      1.025      0.000
 182  189     -0.432      0.862      0.000
 185  191     -0.426     -0.279      0.000
 186  192     -0.421     -0.794      0.000
 187  193     -0.421      0.257      0.000
  -1  202     -0.412     -1.050      0.000
 188  201     -0.411     -1.131      0.000
 189  194     -0.399     -0.573      0.000
  -1  196     -0.382      0.565      0.000
 190  197     -0.362     -0.495      0.000
 192  198     -0.360     -0.733      0.000
 193  199     -0.357      0.073      0.000
  -1   -2     -0.355     -1.171      0.000
 194  204     -0.344      0.526      0.000
 195  203     -0.343      1.023      0.000
 197  205     -0.332     -0.773      0.000
  -1  208     -0.331     -0.171      0.000
  -1  219     -0.290     -1.169      0.000
 199  209     -0.279     -0.844      0.000
 200  210     -0.276      0.279      0.000
 206   -2     -0.267     -1.033      0.000
 191  236     -0.267     -0.034      0.000
 201  212     -0.264      1.170      0.000
 205  216     -0.251     -0.446      0.000
  -1  215     -0.250     -0.955      0.000
 213   -2     -0.248     -1.121      0.000
 207  217     -0.242      0.243      0.000
 222   -2     -0.238     -0.546      0.000
 210  222     -0.233      0.441      0.000
 211  223     -0.232     -1.091      0.000
 203   -2     -0.230     -1.170      0.000
 212  224     -0.224      0.173      0.000
  -1  225     -0.216     -0.083      0.000
 214  227     -0.213     -0.473      0.000
  -1  226     -0.211      0.897      0.000
  -1   -2     -0.207     -1.136      0.000
 215  228     -0.201     -1.060      0.000
 216  229     -0.188      0.976      0.000
 219  231     -0.184      0.253      0.000
 220  230     -0.183     -0.930      0.000
 218  232     -0.182     -0.196      0.000
  -1  233     -0.169      0.486      0.000
  -1  220     -0.165     -0.563      0.000
 223  235     -0.164     -0.407      0.000
 225  234     -0.162     -0.747      0.000
 224   -2     -0.159      0.020      0.000
 226  237     -0.150      0.409      0.000
 232   -2     -0.145     -1.116      0.000
  -1  242     -0.125     -0.254      0.000
  -1  239     -0.125     -1.076      0.000
 229  241     -0.124      0.978      0.000
 230  243     -0.116     -1.174      0.000
 217   -2     -0.105      0.825      0.000
 233  245     -0.101     -0.063      0.000
 234  247     -0.099     -0.314      0.000
  -1  249     -0.090      0.226      0.000
 236  251     -0.079     -1.052      0.000
 237  252     -0.077      0.923      0.000
 238  253     -0.075      0.391      0.000
 239  255     -0.069      0.056      0.000
 240  256     -0.058      0.262      0.000
 241  258     -0.046      0.873      0.000
  -1   -2     -0.043     -0.969      0.000
  -1  265     -0.039     -0.124      0.000
 242  261     -0.026      0.394      0.000
 243  264     -0.025      0.238      0.000
 247  263     -0.024      0.857      0.000
  -1  260     -0.023      0.897      0.000
 250  259     -0.023     -1.073      0.000
 244   -2     -0.021     -0.006      0.000
 248  271     -0.020     -1.171      0.000
 246   -2     -0.019      0.595      0.000
 251  267     -0.014      0.677      0.000
 253  268      0.024      0.442      0.000
 255  272      0.039      1.051      0.000
 256  273      0.043      0.616      0.000
 257  274      0.049      0.107      0.000
 258  276      0.052     -0.616      0.000
 259  278      0.052      0.540      0.000
 261  277      0.053     -0.760      0.000
  -1  262      0.059     -0.007      0.000
 264  282      0.070      0.308      0.000
 265  283      0.073     -1.107      0.000
  -1   -2      0.090     -0.783      0.000
  -1  284      0.092     -1.166      0.000
 267   -2      0.093      0.280      0.000
 268  285      0.094      0.801      0.000
 270  286      0.098     -0.159      0.000
  -1  293      0.099     -1.052      0.000
 271  287      0.103     -0.987      0.000
 272  289      0.116     -0.362      0.000
 273  290      0.118     -0.285      0.000
 274  292      0.130      1.071      0.000
 277   -2      0.134     -1.068      0.000
 290  279      0.136     -0.948      0.000
 280  296      0.140      0.577      0.000
 281  294      0.151     -0.914      0.000
 283  297      0.172      0.723      0.000
 282  298      0.174      0.255      0.000
 286  301      0.191     -0.272      0.000
 288   -2      0.200     -1.092      0.000
 289  303      0.212     -0.706      0.000
 291  305      0.222      0.911      0.000
  -1   -2      0.224      0.043      0.000
 294  307      0.229     -0.592      0.000
 287   -2      0.231     -1.112      0.000
 296  308      0.237      0.665      0.000
 297  309      0.240      0.381      0.000
  -1   -2      0.254      0.902      0.000
 300  310      0.254     -0.072      0.000
 306  306      0.258      0.079      0.000
 301  311      0.265     -0.616      0.000
 303  312      0.270     -1.068      0.000
 304  313      0.280     -0.219      0.000
 327  302      0.289     -1.152      0.000
  -1  315      0.289      1.069      0.000
  -1  316      0.299     -0.578      0.000
 315  317      0.305      0.664      0.000
 308  319      0.307     -0.724      0.000
 309  320      0.308      0.852      0.000
 313   -2      0.311      0.993      0.000
 312  322      0.319      0.787      0.000
 314  323      0.324      0.178      0.000
 317  325      0.343     -1.055      0.000
 318  326      0.348      1.156      0.000
 320   -2      0.358     -0.986      0.000
 321  327      0.359     -0.907      0.000
 322  328      0.360     -0.196      0.000
 323   -2      0.365     -0.234      0.000
  -1   -2      0.369      0.401      0.000
 324   -2      0.371     -0.589      0.000
 325  330      0.374     -0.111      0.000
 328  329      0.382     -0.965      0.000
  -1  324      0.382     -1.175      0.000
 292  361      0.385      0.052      0.000
 330  332      0.389      0.720      0.000
  -1   -2      0.389      0.483      0.000
  -1   -2      0.404     -0.722      0.000
 331  334      0.407     -0.572      0.000
 332   -2      0.415      0.761      0.000
 333  335      0.417     -0.260      0.000
 334  336      0.420     -0.864      0.000
 335  337      0.432     -1.123      0.000
 336  338      0.438      0.816      0.000
 337  340      0.449     -0.656      0.000
  -1   -2      0.450      0.436      0.000
 338  341      0.459     -1.174      0.000
 339  342      0.462     -0.270      0.000
 342  343      0.467      0.621      0.000
 340  344      0.469     -0.311      0.000
 341  345      0.470      0.051      0.000
  -1   -2      0.470      0.457      0.000
 343  346      0.479      1.085      0.000
 344  347      0.481     -0.476      0.000
 345  348      0.489      0.910      0.000
 346  349      0.491     -0.598      0.000
 347   -2      0.495      0.208      0.000
  -1  351      0.502     -1.159      0.000
 349  352      0.505      0.736      0.000
 350  353      0.507      0.123      0.000
  -1  354      0.510      0.622      0.000
 352  355      0.513     -0.426      0.000
  -1  356      0.517      0.658      0.000
  -1  350      0.517      0.311      0.000
 353  357      0.521      1.154      0.000
  -1  358      0.522      0.812      0.000
 354  360      0.539     -0.605      0.000
 356  362      0.546     -0.304      0.000
 355   -2      0.547      0.005      0.000
 357  363      0.554      1.015      0.000
  -1  359      0.560     -1.102      0.000
 360  364      0.573     -0.741      0.000
 361  369      0.588      1.150      0.000
 362  370      0.591      0.527      0.000
 364  372      0.600      0.389      0.000
 363  371      0.600      0.434      0.000
  -1  379      0.605     -1.052      0.000
 366  375      0.607      0.222      0.000
 365  374      0.608     -0.258      0.000
 368  376      0.612      0.651      0.000
 369  381      0.618     -0.986      0.000
 370  380      0.621     -0.020      0.000
 367  378      0.623     -1.165      0.000
 359  384      0.636     -0.445      0.000
 373  383      0.640      1.021      0.000
 374  385      0.643      0.545      0.000
  -1  386      0.651      0.221      0.000
 376  389      0.666     -0.612      0.000
 378  390      0.675      0.781      0.000
 377  391      0.676     -0.707      0.000
  -1   -2      0.679     -0.343      0.000
  -1   -2      0.685      0.614      0.000
 379  394      0.685     -0.913      0.000
 381  395      0.695      0.669      0.000
 380  396      0.697     -1.173      0.000
  -1  399      0.701     -0.069      0.000
 382  397      0.706     -0.567      0.000
 384  400      0.727     -0.988      0.000
 385   -2      0.728     -0.037      0.000
 386   -2      0.735     -0.206      0.000
 387  401      0.744     -0.765      0.000
  -1  403      0.752     -1.037      0.000
 389  402      0.753      0.602      0.000
 390   -2      0.757      0.710      0.000
  -1  404      0.758     -0.332      0.000
 392  405      0.764      0.361      0.000
 394  406      0.766      0.391      0.000
  -1   -2      0.770     -0.808      0.000
 395  407      0.771     -0.403      0.000
 383   -2      0.772      0.949      0.000
 396  411      0.784     -0.570      0.000
 398  410      0.789      0.719      0.000
 399   -2      0.794     -0.622      0.000
 388  414      0.801     -0.978      0.000
  -1   -2      0.801      1.032      0.000
  -1  412      0.802      0.529      0.000
 401  413      0.803      0.648      0.000
 402  415      0.805     -0.142      0.000
 403  416      0.811      0.863      0.000
  -1   -2      0.813     -0.231      0.000
 404  417      0.818      0.961      0.000
 405  418      0.821     -1.093      0.000
  -1  421      0.834     -0.767      0.000
 407  422      0.836     -1.035      0.000
 409  420      0.836      0.356      0.000
 410  423      0.843     -0.590      0.000
 411  424      0.853     -0.337      0.000
 412  425      0.858     -0.844      0.000
  -1   -2      0.863     -1.123      0.000
 413  426      0.877     -1.164      0.000
 415  428      0.884     -0.024      0.000
 414  429      0.887      1.049      0.000
 416  430      0.892     -0.775      0.000
  -1   -2      0.898     -1.007      0.000
 417  431      0.910      1.150      0.000
  -1  442      0.929     -0.879      0.000
 424  434      0.938      0.182      0.000
  -1  436      0.944      0.671      0.000
 422  437      0.947     -0.608      0.000
 423  440      0.955     -0.819      0.000
  -1  439      0.956     -0.665      0.000
 425  441      0.961      1.029      0.000
 429  443      0.975      0.932      0.000
 419  456      0.976     -0.044      0.000
 430  447      0.983      0.746      0.000
 431  448      0.984      0.507      0.000
 432  449      1.000      0.295      0.000
 433  450      1.002      0.253      0.000
 434  451      1.018     -0.479      0.000
 435  452      1.019     -0.573      0.000
 436  453      1.031     -0.076      0.000
 427  454      1.034     -0.888      0.000
 437   -2      1.040     -0.291      0.000
 438  446      1.049      0.924      0.000
 439   -2      1.062      0.041      0.000
  -1  457      1.078      0.654      0.000
 441  458      1.078     -1.174      0.000
 442  460      1.093     -0.666      0.000
  -1  459      1.094      0.606      0.000
  -1  461      1.099     -0.231      0.000
 444  463      1.100     -1.083      0.000
 445  462      1.102      0.558      0.000
 446  464      1.105      0.104      0.000
  -1   -2      1.107      0.711      0.000
  -1  465      1.112     -0.271      0.000
  -1   -2      1.121      0.174      0.000
 459  455      1.122     -0.308      0.000
 451  467      1.133      0.350      0.000
  -1  468      1.138     -0.029      0.000
 452  471      1.149     -0.757      0.000
 453  470      1.151     -0.214      0.000
  -1   -2      1.156      0.574      0.000
 456  480      1.158      0.995      0.000
 454  472      1.160     -0.996      0.000
 460  474      1.169      0.174      0.000
 457  476      1.170     -0.909      0.000
  -1  477      1.178      0.923      0.000
 462  479      1.194      0.467      0.000
 463   -2      1.198      1.006      0.000
 464  481      1.201     -1.145      0.000
 465  482      1.213     -0.103      0.000
 468  484      1.218      0.802      0.000
 467  486      1.225     -0.686      0.000
 474  488      1.232      0.633      0.000
  -1   -2      1.233      0.052      0.000
 490   -2      1.249      0.692      0.000
  -1  493      1.255     -1.172      0.000
 471  489      1.260     -0.079      0.000
 472  491      1.280      0.978      0.000
 473  495      1.293     -0.657      0.000
 475  496      1.295     -0.960      0.000
  -1  494      1.295     -0.061      0.000
 476  492      1.298     -0.739      0.000
 485   -2      1.299     -1.155      0.000
 469   -2      1.300     -1.090      0.000
 479  499      1.305      0.036      0.000
 478  497      1.310      0.214      0.000
 481  501      1.315     -0.519      0.000
 483   -2      1.322      1.043      0.000
 484  503      1.335     -0.687      0.000
  -1  506      1.363     -1.152      0.000
 492   -2      1.367     -0.676      0.000
 488  505      1.368     -0.767      0.000
 491   -2      1.375     -0.168      0.000
 489  502      1.375      1.014      0.000
 493  508      1.414     -1.170      0.000
 495  510      1.428      0.274      0.000
 494   -2      1.429      0.026      0.000
  -1  507      1.441     -0.132      0.000
 497  511      1.465      0.419      0.000
  -1  512      1.465     -0.685      0.000
 499   -2      1.466      0.493      0.000
 500  513      1.474     -0.541      0.000
 501  514      1.476     -0.614      0.000
 502  516      1.486     -0.422      0.000
 505  518      1.505      0.491      0.000
 504  519      1.506     -1.008      0.000
 509   -2      1.506     -0.971      0.000
 508  517      1.518     -1.177      0.000
 507  521      1.529      0.150      0.000
  -1   -2      1.560     -0.799      0.000
 510  522      1.566      0.246      0.000
 511  524      1.567     -0.457      0.000
 512  515      1.575     -1.077      0.000
 513  525      1.575     -0.383      0.000
