520
   2    1     -1.563     -0.433      0.000
   7    2     -1.558      0.845      0.000
   5    3     -1.556     -0.964      0.000
   6   -2     -1.547      0.737      0.000
  -1    7     -1.539      0.159      0.000
  -1   -2     -1.536      1.155      0.000
   8    9     -1.530      0.366      0.000
  -1   -2     -1.520     -0.951      0.000
   9   11     -1.515      0.056      0.000
  10   13     -1.510     -0.491      0.000
  11   24     -1.507      1.062      0.000
  19   12     -1.502     -0.979      0.000
  15   17     -1.475     -0.038      0.000
  23   10     -1.473     -0.930      0.000
  17   18     -1.472      0.801      0.000
  16   20     -1.471      0.200      0.000
  18   19     -1.471     -0.530      0.000
  13   21     -1.470      0.017      0.000
  20   22     -1.464     -0.787      0.000
  24   -2     -1.462      0.761      0.000
  -1   25     -1.462      0.397      0.000
  -1   28     -1.461      0.696      0.000
  -1   26     -1.424      0.484      0.000
  -1   27     -1.423     -0.052      0.000
  25   29     -1.408      0.848      0.000
  26   30     -1.401     -0.451      0.000
  28   -2     -1.390      0.274      0.000
  -1   36     -1.356     -0.761      0.000
  31   35     -1.353      0.910      0.000
  -1   -2     -1.352     -0.555      0.000
  -1   37     -1.341     -1.026      0.000
  -1   38     -1.336     -0.337      0.000
  33   32     -1.336     -1.156      0.000
  32   39     -1.335      1.082      0.000
  34   42     -1.312      0.471      0.000
  35   40     -1.311     -0.653      0.000
  36   -2     -1.309      1.002      0.000
  37   41     -1.309     -1.061      0.000
  38   43     -1.295     -0.763      0.000
  -1   45     -1.292      0.505      0.000
  40   46     -1.285      0.736      0.000
  -1   -2     -1.282     -0.712      0.000
  41   47     -1.281     -0.140      0.000
  39   48     -1.281     -0.971      0.000
  45   44     -1.268      0.837      0.000
  44   50     -1.268     -0.431      0.000
  46   51     -1.260      0.954      0.000
  47   52     -1.256      0.457      0.000
  48   -2     -1.251     -0.995      0.000
  68   -2     -1.240      0.974      0.000
  49   -2     -1.236      1.129      0.000
  -1   53     -1.236     -1.128      0.000
  -1   56     -1.234     -0.513      0.000
  50   55     -1.234     -0.763      0.000
  51   57     -1.233      0.741      0.000
  52   -2     -1.230      0.213      0.000
  53   58     -1.227     -0.343      0.000
  54   59     -1.224      0.539      0.000
  55   60     -1.221     -0.446      0.000
  56   61     -1.218     -0.198      0.000
  -1   54     -1.216      1.174      0.000
  57   62     -1.215      0.438      0.000
  58   63     -1.210     -0.972      0.000
  -1   -2     -1.206      0.796      0.000
  60   66     -1.189      0.375      0.000
  61   -2     -1.186     -0.214      0.000
  62   68     -1.181     -0.258      0.000
  64   70     -1.172      0.641      0.000
  66   71     -1.153      1.131      0.000
  67   73     -1.146     -0.956      0.000
  69   74     -1.139     -0.993      0.000
  77   -2     -1.138      0.883      0.000
  70   76     -1.135      0.332      0.000
  71   77     -1.122     -0.490      0.000
  72   78     -1.114     -0.102      0.000
  73   79     -1.103      1.135      0.000
  75   80     -1.082      0.608      0.000
  -1   81     -1.074     -1.128      0.000
  78   82     -1.068     -0.815      0.000
  79   83     -1.056     -0.145      0.000
  -1   -2     -1.056     -1.043      0.000
  84   85     -1.043      0.972      0.000
  82   86     -1.042     -0.013      0.000
  86   89     -1.033     -0.227      0.000
  90   88     -1.029     -1.168      0.000
  81   91     -1.023      0.330      0.000
  92   92     -1.008     -0.950      0.000
  -1   94     -1.004      0.717      0.000
  93   96     -1.002      0.400      0.000
  94   95     -1.000      1.086      0.000
  91   -2     -0.983     -0.055      0.000
  97   97     -0.978      0.039      0.000
  -1  110     -0.974     -0.780      0.000
  99   98     -0.968      0.383      0.000
 100   99     -0.959      0.932      0.000
 102  101     -0.952     -0.976      0.000
 103   -2     -0.952     -1.012      0.000
 112  100     -0.950     -1.157      0.000
 101  103     -0.949      0.140      0.000
  -1  105     -0.945      0.749      0.000
 105  104     -0.944     -0.644      0.000
 106  108     -0.924     -0.145      0.000
  -1  106     -0.920      1.170      0.000
 109  107     -0.913     -1.009      0.000
 108  109     -0.912     -0.726      0.000
 110   -2     -0.911     -0.778      0.000
 115  111     -0.904     -1.077      0.000
 114  112     -0.903      1.118      0.000
 113  113     -0.902     -0.098      0.000
 116  114     -0.899     -0.448      0.000
 104   -2     -0.894      0.815      0.000
 117   -2     -0.894      0.062      0.000
  -1  116     -0.892     -1.173      0.000
 119  117     -0.855      0.879      0.000
  -1  118     -0.851      0.036      0.000
 121  123     -0.840      1.051      0.000
 125   -2     -0.838     -1.167      0.000
 122  120     -0.833     -0.765      0.000
 123  121     -0.829      0.986      0.000
 124   -2     -0.822      1.095      0.000
  -1  122     -0.822     -0.976      0.000
  -1  127     -0.822      0.712      0.000
 126  124     -0.814     -0.917      0.000
  -1   -2     -0.810      0.737      0.000
 127  125     -0.809     -0.285      0.000
 128  126     -0.805     -0.539      0.000
 129   -2     -0.802      0.695      0.000
 120  137     -0.794     -0.974      0.000
 131  130     -0.793      0.050      0.000
  -1  132     -0.777      0.841      0.000
 133  133     -0.773      0.955      0.000
 136  135     -0.763     -0.670      0.000
 138   -2     -0.755     -0.939      0.000
 137  138     -0.754     -0.401      0.000
 134   -2     -0.753      0.251      0.000
 140  140     -0.729     -0.966      0.000
  -1  155     -0.728      0.578      0.000
 141  141     -0.728     -0.472      0.000
 142  142     -0.726     -0.205      0.000
 145  143     -0.722     -1.082      0.000
 144  144     -0.722      0.438      0.000
 162   -2     -0.711      1.073      0.000
 155   -2     -0.710     -1.012      0.000
 149  146     -0.708      1.020      0.000
 146  147     -0.707      0.081      0.000
 150  148     -0.700      0.174      0.000
 175  119     -0.696     -1.171      0.000
 151  149     -0.691      0.827      0.000
 153  151     -0.684     -0.728      0.000
 152  152     -0.681     -0.255      0.000
 157  153     -0.675     -0.461      0.000
 156  154     -0.674     -0.031      0.000
 158   -2     -0.671      0.610      0.000
 160  156     -0.648     -0.102      0.000
 161  157     -0.644     -0.723      0.000
 163   -2     -0.644      1.083      0.000
 165   -2     -0.636      0.737      0.000
 167  159     -0.619     -0.967      0.000
 166  160     -0.617     -0.237      0.000
  -1  161     -0.613      0.422      0.000
 169  162     -0.609     -1.043      0.000
 168  163     -0.607      0.390      0.000
  -1  172     -0.606      1.142      0.000
 176  158     -0.593      0.968      0.000
 170  165     -0.580      0.283      0.000
  -1   -2     -0.577     -0.949      0.000
  -1  166     -0.576     -0.053      0.000
 172  168     -0.567     -0.599      0.000
 173  167     -0.563     -0.920      0.000
  -1  170     -0.562     -0.140      0.000
 174   -2     -0.556      0.443      0.000
 181   -2     -0.556     -1.171      0.000
 177   -2     -0.531     -0.230      0.000
  -1  177     -0.530      0.542      0.000
 178  173     -0.529      1.081      0.000
 179  174     -0.525     -0.197      0.000
 180  175     -0.521      0.646      0.000
 183  176     -0.502     -0.509      0.000
  -1  171     -0.501      0.435      0.000
 184   -2     -0.490      0.617      0.000
 196  169     -0.478     -1.172      0.000
 182   -2     -0.476     -0.734      0.000
 197   -2     -0.473     -1.124      0.000
 190   -2     -0.470     -0.561      0.000
 188  183     -0.462      0.261      0.000
 189  182     -0.462     -0.843      0.000
  -1  189     -0.451     -0.959      0.000
  -1  186     -0.440      0.443      0.000
  -1  181     -0.435     -0.551      0.000
  -1   -2     -0.434      0.923      0.000
 192  190     -0.428      0.734      0.000
 194  192     -0.426     -0.464      0.000
 195  191     -0.425      1.073      0.000
 193  193     -0.421     -0.132      0.000
 198  196     -0.409      0.838      0.000
 199  194     -0.407      0.908      0.000
 200  197     -0.402     -0.831      0.000
 201  198     -0.399      0.342      0.000
 202  199     -0.394      0.658      0.000
 203  200     -0.369     -0.301      0.000
 204  202     -0.367     -0.611      0.000
 205  203     -0.343      0.639      0.000
 208  204     -0.337     -0.778      0.000
 222  187     -0.334      1.085      0.000
 209  210     -0.331      0.025      0.000
 211  207     -0.322     -0.533      0.000
 212  208     -0.313     -0.822      0.000
 214  209     -0.296      0.565      0.000
  -1  212     -0.278      0.828      0.000
 218  213     -0.278     -1.171      0.000
 217  219     -0.276     -0.182      0.000
 219  214     -0.268     -0.899      0.000
 206   -2     -0.253     -1.123      0.000
 220  217     -0.247     -1.012      0.000
 221   -2     -0.241     -0.120      0.000
  -1  218     -0.239      0.865      0.000
 224  220     -0.227      0.301      0.000
 233  216     -0.221     -1.089      0.000
 227  222     -0.214     -0.042      0.000
 228  223     -0.211     -0.490      0.000
 229   -2     -0.206     -0.595      0.000
 230  226     -0.196      0.263      0.000
  -1  227     -0.192     -0.219      0.000
 231  229     -0.191      0.481      0.000
 232  245     -0.182     -1.168      0.000
 235  231     -0.178      1.055      0.000
 234  232     -0.176      0.187      0.000
 236  230     -0.175     -0.999      0.000
  -1  233     -0.173     -0.506      0.000
 237  234     -0.170     -0.098      0.000
 238  235     -0.146     -0.811      0.000
 240  240     -0.142      0.275      0.000
 239  239     -0.142     -0.222      0.000
 247  224     -0.140     -0.619      0.000
 242  242     -0.131     -0.455      0.000
 256  225     -0.130      0.978      0.000
 243  243     -0.120      1.059      0.000
 244   -2     -0.117     -1.173      0.000
 245  246     -0.115      0.448      0.000
  -1   -2     -0.111     -0.518      0.000
 246  247     -0.100     -0.926      0.000
 248  248     -0.091      0.901      0.000
  -1   -2     -0.091      1.110      0.000
  -1  249     -0.089     -0.288      0.000
 249  251     -0.084     -0.868      0.000
 252  253     -0.069      1.006      0.000
  -1  254     -0.068     -0.326      0.000
 250  252     -0.066     -1.137      0.000
 253  256     -0.056      0.247      0.000
 254  257     -0.048      0.429      0.000
 255  258     -0.035      0.052      0.000
  -1   -2     -0.034      0.960      0.000
 257  261     -0.030      0.286      0.000
  -1  255     -0.016     -0.144      0.000
  -1   -2     -0.016      0.941      0.000
  -1  260     -0.015      0.906      0.000
  -1  274     -0.006      0.653      0.000
 259  263     -0.002      0.434      0.000
 260  264     -0.000      0.747      0.000
 261  265      0.000      0.261      0.000
  -1  266      0.003      0.115      0.000
 262  267      0.006     -0.022      0.000
 263  268      0.012     -0.986      0.000
 264  269      0.018     -1.109      0.000
 265  270      0.037      1.145      0.000
 266  272      0.040      0.490      0.000
 268   -2      0.053      0.683      0.000
 270  275      0.059     -0.838      0.000
 269  276      0.059      0.128      0.000
 271  277      0.062     -0.686      0.000
 276  280      0.074      0.098      0.000
 274  282      0.075     -0.012      0.000
 272  283      0.085      0.342      0.000
  -1  285      0.093     -0.962      0.000
 279   -2      0.099     -0.163      0.000
 267  303      0.104     -1.158      0.000
 273  287      0.105     -1.071      0.000
 285  290      0.132     -0.326      0.000
 287  293      0.141     -0.951      0.000
 288  294      0.142      0.638      0.000
 283   -2      0.147     -0.479      0.000
 289  296      0.150      0.509      0.000
  -1  297      0.157     -0.992      0.000
 290  298      0.168      0.799      0.000
 291  299      0.175      0.278      0.000
 292  300      0.183     -0.497      0.000
 293  301      0.187     -0.957      0.000
 294  302      0.197     -0.311      0.000
 295   -2      0.202     -1.169      0.000
 296  304      0.213     -0.777      0.000
 298  305      0.222      0.997      0.000
 297  306      0.223      0.040      0.000
  -1  321      0.224     -0.196      0.000
 299  308      0.225     -0.994      0.000
 301  311      0.230     -0.660      0.000
 302  312      0.234      0.420      0.000
  -1  313      0.235     -0.295      0.000
 303  315      0.250     -0.088      0.000
  -1  316      0.256      0.078      0.000
 305  320      0.274     -1.145      0.000
 306  318      0.277     -0.248      0.000
 307  319      0.282      0.115      0.000
 308  322      0.287      0.737      0.000
 309  324      0.298      0.934      0.000
 310   -2      0.300      1.079      0.000
 312  341      0.305     -0.793      0.000
 313  325      0.307      0.865      0.000
 311   -2      0.308     -1.171      0.000
 314  326      0.312      0.194      0.000
  -1   -2      0.315      0.721      0.000
 315   -2      0.331      0.652      0.000
 317  330      0.346     -1.125      0.000
 318  331      0.352     -0.264      0.000
 319  332      0.357     -0.125      0.000
 320  334      0.358     -0.976      0.000
  -1   -2      0.363      0.685      0.000
 322  335      0.365      0.056      0.000
 323  336      0.370      0.790      0.000
 331   -2      0.377     -1.175      0.000
 324  337      0.377     -1.042      0.000
 326  339      0.395      0.833      0.000
 325  340      0.398     -0.625      0.000
 327   -2      0.398     -0.787      0.000
  -1  342      0.400     -0.291      0.000
 329  343      0.418     -0.925      0.000
 330  344      0.420      0.889      0.000
  -1  357      0.422      0.482      0.000
  -1  345      0.437     -1.170      0.000
 332  346      0.438     -0.709      0.000
 328  362      0.443     -0.298      0.000
 335  349      0.450     -0.343      0.000
  -1   -2      0.456     -0.147      0.000
  -1   -2      0.459      0.378      0.000
 337   -2      0.464     -0.518      0.000
 336   -2      0.465      0.228      0.000
 338  353      0.472      0.989      0.000
 339  354      0.476      0.134      0.000
 340   -2      0.480     -0.637      0.000
 341  355      0.481      0.685      0.000
  -1  352      0.486     -1.145      0.000
 342  358      0.490     -0.467      0.000
 344  360      0.511      0.008      0.000
 346  359      0.517      0.784      0.000
 347   -2      0.524     -0.329      0.000
 348  363      0.524     -0.648      0.000
 349  364      0.537     -1.124      0.000
  -1  365      0.542      1.092      0.000
  -1   -2      0.545      0.395      0.000
 353  366      0.550     -0.503      0.000
 351  367      0.554     -0.758      0.000
 350  368      0.557      0.572      0.000
 352  370      0.561      0.431      0.000
 370  351      0.563      0.246      0.000
  -1   -2      0.569     -0.787      0.000
 356  373      0.572      0.169      0.000
 355  372      0.576     -0.823      0.000
 357  375      0.577      0.711      0.000
 359  376      0.581     -0.019      0.000
 361  377      0.597     -0.986      0.000
 362  378      0.602      0.596      0.000
 363  379      0.610     -0.470      0.000
 364  380      0.616     -0.873      0.000
  -1  381      0.618     -0.771      0.000
  -1   -2      0.625      1.145      0.000
 365  383      0.626      1.090      0.000
 366  384      0.628     -1.027      0.000
 377   -2      0.638     -1.169      0.000
 367  386      0.645      0.843      0.000
 368   -2      0.646      0.669      0.000
 369  387      0.648     -0.639      0.000
 371  388      0.657      0.726      0.000
 372  389      0.662     -0.736      0.000
 374  390      0.681     -0.543      0.000
 375  392      0.683     -0.034      0.000
  -1  393      0.684     -0.938      0.000
  -1   -2      0.696     -0.209      0.000
 378  395      0.704      0.650      0.000
 379  396      0.713      0.394      0.000
 381   -2      0.715      0.425      0.000
 382   -2      0.721      0.058      0.000
 383  400      0.728     -1.007      0.000
 384  401      0.732     -0.784      0.000
 386  402      0.739     -0.411      0.000
 385  404      0.741      0.769      0.000
 387  409      0.750      1.005      0.000
  -1   -2      0.757     -0.824      0.000
 390  406      0.758      0.695      0.000
 380  412      0.758     -1.057      0.000
 391   -2      0.760     -0.134      0.000
 392  407      0.761      0.257      0.000
  -1   -2      0.771     -1.007      0.000
 393  411      0.771     -0.233      0.000
 394  413      0.780      0.386      0.000
 388  420      0.782     -0.730      0.000
 395  414      0.783      0.912      0.000
  -1  405      0.784     -0.163      0.000
 396  415      0.789     -0.978      0.000
 397  416      0.797      1.014      0.000
  -1   -2      0.805      0.890      0.000
 399  418      0.815     -0.340      0.000
 398  419      0.817     -0.780      0.000
 400   -2      0.821     -0.598      0.000
 401   -2      0.826     -1.103      0.000
 403  423      0.840     -1.045      0.000
  -1  422      0.847     -1.083      0.000
 405  424      0.851      0.913      0.000
 404  425      0.851     -0.849      0.000
 407  427      0.875      1.093      0.000
 406   -2      0.879     -1.155      0.000
  -1   -2      0.880     -0.776      0.000
 410  428      0.885      0.218      0.000
 413  430      0.897     -1.006      0.000
 414   -2      0.903      1.094      0.000
 416  444      0.923     -0.875      0.000
 418  433      0.924      0.536      0.000
 411  450      0.924     -0.091      0.000
 420  426      0.926     -1.094      0.000
 419  434      0.926     -0.603      0.000
 421  435      0.936      0.317      0.000
 422  436      0.937      0.273      0.000
 423  439      0.940      0.779      0.000
 427  440      0.944      0.953      0.000
 408   -2      0.946     -0.812      0.000
 426  442      0.947      1.065      0.000
 424  443      0.953      0.999      0.000
 428  445      0.974     -0.059      0.000
 429  446      0.985     -0.466      0.000
 431  447      0.994     -0.560      0.000
 430  441      0.994     -0.726      0.000
  -1  448      0.996     -0.278      0.000
 433  449      1.001      0.060      0.000
 415   -2      1.019     -0.175      0.000
 432   -2      1.020     -0.310      0.000
 436  452      1.026      0.676      0.000
 438  453      1.036      0.623      0.000
 439  455      1.043      0.575      0.000
 441  475      1.056     -0.942      0.000
 442  451      1.056     -0.346      0.000
 444  456      1.056      0.451      0.000
 446   -2      1.057     -0.209      0.000
 447  457      1.059      0.185      0.000
 445  458      1.059      0.727      0.000
 448  459      1.067      0.366      0.000
 450  462      1.075     -0.642      0.000
  -1  461      1.075     -1.175      0.000
 451  463      1.079     -0.290      0.000
  -1  465      1.101     -0.193      0.000
 453  466      1.107      0.187      0.000
 452  467      1.107     -1.055      0.000
  -1   -2      1.128     -0.288      0.000
 456  468      1.133      0.474      0.000
 458   -2      1.135     -0.386      0.000
 457  469      1.137     -0.725      0.000
 455  470      1.137     -1.167      0.000
  -1  473      1.148      0.933      0.000
 468   -2      1.151      0.406      0.000
 462  474      1.159     -0.080      0.000
 461   -2      1.162     -0.959      0.000
 463  476      1.166     -0.872      0.000
 464   -2      1.169     -0.653      0.000
 465  477      1.175      0.804      0.000
 466  479      1.178      1.012      0.000
  -1   -2      1.184      0.435      0.000
  -1   -2      1.187     -0.461      0.000
  -1   -2      1.191     -0.140      0.000
 471  482      1.205     -0.053      0.000
 472  483      1.211     -0.646      0.000
  -1   -2      1.223      1.124      0.000
 467  486      1.232      0.568      0.000
 475  489      1.249      0.055      0.000
 476  488      1.253      0.228      0.000
  -1   -2      1.263     -1.132      0.000
 477  491      1.277     -0.609      0.000
 478   -2      1.280      0.721      0.000
  -1  492      1.283      0.866      0.000
 479  493      1.286     -0.688      0.000
 480  495      1.292     -0.471      0.000
 481  497      1.303     -1.100      0.000
 482  496      1.305      1.029      0.000
 484  499      1.321     -0.634      0.000
 486   -2      1.329     -0.136      0.000
 485  500      1.336     -0.582      0.000
  -1  501      1.344      0.250      0.000
  -1  502      1.352     -0.617      0.000
 493  508      1.354      0.988      0.000
 490  505      1.359     -0.706      0.000
 492  506      1.372     -1.091      0.000
 494  507      1.374      0.271      0.000
 489  503      1.375     -1.163      0.000
 491  504      1.380      0.589      0.000
  -1  511      1.381      1.151      0.000
  -1  509      1.405      0.194      0.000
 495  510      1.411      0.409      0.000
 496  512      1.415     -1.108      0.000
 497   -2      1.417      1.172      0.000
 483   -2      1.438     -0.213      0.000
 500  513      1.453     -0.621      0.000
 501  516      1.457     -0.479      0.000
 502  515      1.459      0.468      0.000
 503   -2      1.461     -0.548      0.000
 504  517      1.466     -0.366      0.000
 506   -2      1.487      0.132      0.000
 505   -2      1.487      0.062      0.000
 507  518      1.488      0.157      0.000
 508  519      1.497     -0.934      0.000
  -1   -2      1.499     -0.064      0.000
 511  522      1.525      0.242      0.000
  -1  523      1.528     -0.936      0.000
 512  525      1.537      1.138      0.000
 513  529      1.539     -1.115      0.000
 515  524      1.539      0.595      0.000
 499   -2      1.540     -1.173      0.000
  -1   -2      1.557     -0.716      0.000
 516  527      1.558     -0.323      0.000
 517  528      1.562      0.947      0.000
 518  530      1.565      0.687      0.000
  -1   -2      1.566     -1.111      0.000
 519  531      1.570     -0.131      0.000
 521  533      1.575     -1.010      0.000
 520  532      1.575      0.294      0.000
