516
  -1    0     -1.573     -1.174      0.000
   0    2     -1.567     -0.440      0.000
   1    3     -1.562      0.450      0.000
   2    4     -1.561      0.854      0.000
   3    5     -1.554     -0.973      0.000
  -1   -2     -1.538     -0.557      0.000
   6    8     -1.536      0.370      0.000
  -1   -2     -1.531     -1.172      0.000
   8    9     -1.519      0.056      0.000
  10   10     -1.512     -0.497      0.000
   9   12     -1.505     -0.318      0.000
  -1   -2     -1.496     -1.139      0.000
  27   -2     -1.492     -0.690      0.000
  12   15     -1.481     -0.039      0.000
  14   16     -1.477      0.202      0.000
  16   17     -1.475      0.809      0.000
  15   18     -1.475     -0.536      0.000
  -1   -2     -1.466      0.700      0.000
  18   20     -1.465     -0.794      0.000
  21   19     -1.464     -1.166      0.000
  19   22     -1.460      0.943      0.000
  -1   -2     -1.451     -1.082      0.000
  20   -2     -1.429      0.491      0.000
  23   -2     -1.417      0.689      0.000
  -1   25     -1.412      0.852      0.000
  24   26     -1.406     -0.456      0.000
  22   27     -1.400     -0.824      0.000
  26   28     -1.395      0.275      0.000
  -1   24     -1.388      0.626      0.000
  -1   29     -1.387      0.804      0.000
  29   30     -1.377     -0.180      0.000
  28   -2     -1.369      0.755      0.000
  59   -2     -1.343     -1.168      0.000
  30   -2     -1.340     -1.032      0.000
  31   32     -1.334      1.088      0.000
  32   34     -1.320      0.477      0.000
  25   35     -1.314     -0.659      0.000
  35   36     -1.311      1.010      0.000
  -1   37     -1.307     -1.067      0.000
  37   38     -1.296     -0.770      0.000
  40   40     -1.292      0.740      0.000
  38   39     -1.292     -0.957      0.000
  39   41     -1.289     -0.144      0.000
  41   42     -1.277     -0.979      0.000
  42   44     -1.273     -0.435      0.000
  43   45     -1.271      0.844      0.000
  44   47     -1.264      0.461      0.000
  45   46     -1.261      0.958      0.000
  46   48     -1.252     -1.000      0.000
  48   51     -1.236      0.745      0.000
  51   49     -1.236      1.134      0.000
  50   50     -1.236     -0.772      0.000
  49   53     -1.234     -0.346      0.000
  36   -2     -1.233     -1.132      0.000
  52   54     -1.231      0.544      0.000
  53   55     -1.226     -0.451      0.000
  54   56     -1.225     -0.199      0.000
  55   57     -1.223      0.440      0.000
  57   58     -1.209     -0.979      0.000
  63   -2     -1.207     -0.910      0.000
  60   60     -1.197      0.379      0.000
  61   61     -1.194     -0.215      0.000
  -1   76     -1.194     -1.147      0.000
  62   62     -1.190     -0.260      0.000
  -1   -2     -1.183      0.601      0.000
  64   -2     -1.181     -0.563      0.000
  65   64     -1.180      0.645      0.000
  66   65     -1.157      1.115      0.000
  67   66     -1.149      1.152      0.000
  68   67     -1.146     -0.958      0.000
  -1   63     -1.143      0.607      0.000
  70   -2     -1.141      0.887      0.000
  69   70     -1.141      0.333      0.000
  71   69     -1.138     -0.998      0.000
  72   71     -1.126     -0.493      0.000
  73   73     -1.103      1.142      0.000
  78   -2     -1.099     -1.174      0.000
  -1   74     -1.095      0.535      0.000
  75   75     -1.090      0.611      0.000
  82   -2     -1.070     -1.131      0.000
  76   78     -1.069     -0.818      0.000
  86   68     -1.068      0.833      0.000
  77   79     -1.065     -0.145      0.000
  -1   -2     -1.063      1.028      0.000
  81   82     -1.057     -0.010      0.000
  84   84     -1.044      0.978      0.000
  -1   85     -1.043      0.493      0.000
  83   86     -1.042     -0.227      0.000
  85   88     -1.037      0.266      0.000
  88   89     -1.019      0.323      0.000
  87   91     -1.018     -0.026      0.000
  74   -2     -1.015     -1.173      0.000
  90   93     -1.012      0.405      0.000
  -1  104     -1.009      0.719      0.000
 104   -2     -1.009     -0.957      0.000
  93   94     -1.002      1.090      0.000
  94   95     -0.994     -0.057      0.000
  95   96     -0.989     -0.465      0.000
  96   97     -0.987      0.039      0.000
  98   99     -0.977      0.386      0.000
 100  100     -0.962      0.934      0.000
  99  101     -0.958      0.140      0.000
 102  102     -0.952     -0.976      0.000
  -1  103     -0.951     -1.016      0.000
 103  105     -0.949     -0.646      0.000
 105   -2     -0.948     -1.158      0.000
 107  106     -0.933     -0.144      0.000
 109  107     -0.929     -0.946      0.000
 110  108     -0.915     -0.727      0.000
 113  109     -0.913     -1.012      0.000
 111  110     -0.913     -0.780      0.000
 112  113     -0.911     -0.098      0.000
 114  116     -0.906     -0.449      0.000
 116  114     -0.904      1.120      0.000
 115  117     -0.903      0.068      0.000
 101  120     -0.903     -1.080      0.000
 118  118     -0.898      0.815      0.000
 119  112     -0.889     -1.171      0.000
 120  119     -0.858      0.879      0.000
 122  122     -0.835     -0.766      0.000
 123  123     -0.832      0.987      0.000
 124  125     -0.829     -1.163      0.000
  -1  129     -0.829      0.712      0.000
 125   -2     -0.825     -0.815      0.000
 121  124     -0.823      1.095      0.000
 126   -2     -0.819      0.771      0.000
 127  127     -0.818     -0.285      0.000
 154   -2     -0.815     -0.916      0.000
 129  128     -0.811     -0.540      0.000
  -1   -2     -0.808     -0.156      0.000
 133  131     -0.804      0.050      0.000
 135   -2     -0.788     -0.253      0.000
 137  133     -0.776      0.954      0.000
 138  136     -0.770     -0.669      0.000
 140  137     -0.764     -0.401      0.000
 136   -2     -0.762      0.249      0.000
 141  138     -0.755     -0.939      0.000
 142  139     -0.750     -1.149      0.000
 145  142     -0.735     -0.205      0.000
 130   -2     -0.734      0.574      0.000
 146  141     -0.733     -0.472      0.000
 147  144     -0.731      0.437      0.000
 148  140     -0.730     -0.966      0.000
 149  143     -0.728      0.962      0.000
 143  145     -0.726     -1.082      0.000
 151  146     -0.717      0.080      0.000
 152  150     -0.712      0.174      0.000
  -1  148     -0.711     -1.013      0.000
 153  149     -0.709      1.018      0.000
 155  151     -0.696      0.827      0.000
 157  152     -0.692     -0.252      0.000
 160   -2     -0.689     -1.175      0.000
 158  153     -0.689     -0.727      0.000
 162  155     -0.684     -1.055      0.000
 159  156     -0.684     -0.031      0.000
 161  157     -0.682     -0.460      0.000
 163  158     -0.678      0.608      0.000
 164  159     -0.667     -0.876      0.000
 165  160     -0.658     -0.101      0.000
 166  161     -0.649     -0.722      0.000
 167  163     -0.649      1.041      0.000
 168  164     -0.643      1.084      0.000
  -1   -2     -0.641      0.157      0.000
 169  154     -0.635     -1.163      0.000
 170  166     -0.626     -0.236      0.000
 171  167     -0.620     -0.966      0.000
 172  168     -0.617      0.397      0.000
 173   -2     -0.611      1.176      0.000
 174  169     -0.609     -1.043      0.000
 175  162     -0.595      0.966      0.000
 176  170     -0.589      0.282      0.000
  -1  171     -0.578     -0.050      0.000
  -1  173     -0.577     -0.951      0.000
 179  172     -0.572     -0.598      0.000
  -1   -2     -0.571     -0.139      0.000
 181   -2     -0.563     -0.918      0.000
 182   -2     -0.558     -1.171      0.000
 177   -2     -0.549      1.129      0.000
 178  177     -0.543     -0.227      0.000
  -1   -2     -0.536     -1.088      0.000
 186  179     -0.534     -0.196      0.000
 187  178     -0.531      1.076      0.000
 188  180     -0.528      0.641      0.000
 190  183     -0.509     -0.506      0.000
 191  184     -0.498      0.615      0.000
 196   -2     -0.490      0.563      0.000
 192  186     -0.482     -0.729      0.000
 204  175     -0.479     -1.174      0.000
 193  187     -0.474     -0.556      0.000
 194  188     -0.471      0.260      0.000
 202   -2     -0.465     -0.838      0.000
 213   -2     -0.446     -0.622      0.000
 189   -2     -0.437      0.765      0.000
 199  192     -0.433      0.731      0.000
  -1   -2     -0.432     -1.172      0.000
 200  194     -0.431     -0.459      0.000
 201  193     -0.429     -0.133      0.000
 203  195     -0.426      1.067      0.000
 205  198     -0.413      0.834      0.000
 206  199     -0.410      0.903      0.000
 207  201     -0.408      0.339      0.000
 209  200     -0.405     -0.826      0.000
 208  197     -0.404     -1.123      0.000
 210  202     -0.399      0.653      0.000
 211  203     -0.376     -0.299      0.000
  -1  204     -0.371     -0.607      0.000
  -1  196     -0.364     -1.170      0.000
  -1  216     -0.355     -0.689      0.000
 214  205     -0.351      0.630      0.000
 215  206     -0.345     -1.074      0.000
 216  207     -0.341      0.600      0.000
 218  208     -0.340     -0.772      0.000
 217  209     -0.339      0.025      0.000
 219  226     -0.331      0.429      0.000
 220  210     -0.330      1.077      0.000
 221  211     -0.327     -0.530      0.000
 222  212     -0.315     -0.818      0.000
  -1   -2     -0.308     -0.074      0.000
  -1  213     -0.305      0.074      0.000
 223  214     -0.302      0.561      0.000
  -1   -2     -0.289     -0.696      0.000
  -1  217     -0.284     -0.181      0.000
 226  218     -0.271     -1.170      0.000
 225  219     -0.269     -0.892      0.000
 227  221     -0.249     -0.117      0.000
 229  220     -0.248     -1.005      0.000
 224   -2     -0.246      0.852      0.000
  -1  223     -0.237     -0.965      0.000
 231   -2     -0.226      0.377      0.000
 232  227     -0.224     -0.039      0.000
 233  225     -0.218     -1.094      0.000
 235  228     -0.212     -0.485      0.000
 234  229     -0.210     -0.584      0.000
 237  230     -0.201      0.260      0.000
 238  231     -0.198      0.476      0.000
  -1  233     -0.187     -1.073      0.000
 240  234     -0.181      0.185      0.000
  -1  232     -0.181     -1.166      0.000
 243  235     -0.177      1.050      0.000
 244  236     -0.176     -0.990      0.000
 236  239     -0.149     -0.214      0.000
 247  238     -0.148     -0.804      0.000
 248  240     -0.147      0.273      0.000
 249  247     -0.145     -0.620      0.000
  -1   -2     -0.139      0.527      0.000
 239   -2     -0.135      0.963      0.000
 250  242     -0.135     -0.449      0.000
 251  241     -0.126     -1.131      0.000
 252  243     -0.121      1.050      0.000
 253  245     -0.119      0.446      0.000
 254  244     -0.107     -1.173      0.000
 255  246     -0.102     -0.908      0.000
 256  248     -0.094      0.892      0.000
  -1  251     -0.092     -0.282      0.000
 257  250     -0.081     -1.117      0.000
 258  252     -0.070      0.997      0.000
  -1   -2     -0.069     -0.074      0.000
  -1  254     -0.050      0.426      0.000
 260  255     -0.040      0.053      0.000
 263   -2     -0.035      0.952      0.000
 262  257     -0.034      0.284      0.000
  -1  264     -0.024     -1.073      0.000
  -1  259     -0.006      0.430      0.000
  -1   -2     -0.005      0.858      0.000
 267  260     -0.003      0.739      0.000
 266  261     -0.002      0.257      0.000
 268  262      0.000     -0.008      0.000
  -1  269      0.002      0.115      0.000
 264  258      0.004     -1.171      0.000
 270  263      0.008     -0.978      0.000
 271  265      0.036      1.131      0.000
 272  266      0.037      0.484      0.000
 273  267      0.040     -1.123      0.000
 274  268      0.051      0.675      0.000
  -1  273      0.052     -1.060      0.000
 269   -2      0.052     -1.018      0.000
  -1  271      0.053     -0.643      0.000
 275   -2      0.056      0.128      0.000
 276  270      0.058     -0.828      0.000
  -1  256      0.059      0.904      0.000
 278   -2      0.063     -0.677      0.000
 280  276      0.071      0.098      0.000
 279  274      0.072     -0.014      0.000
 281  277      0.072     -0.502      0.000
 284  281      0.085     -1.172      0.000
 283  279      0.098     -0.167      0.000
  -1   -2      0.105      0.935      0.000
 285  280      0.106     -1.065      0.000
 287  282      0.115     -0.131      0.000
 288  283      0.126     -0.402      0.000
 289  285      0.131     -0.320      0.000
 292   -2      0.135     -1.138      0.000
 291  287      0.140     -0.945      0.000
 290  288      0.141      0.631      0.000
 293  290      0.168      0.789      0.000
 294  291      0.174      0.277      0.000
 295  292      0.181     -0.489      0.000
 297  293      0.184     -0.948      0.000
 298  294      0.195     -0.304      0.000
 307  295      0.202     -1.162      0.000
 299  296      0.209     -0.767      0.000
  -1   -2      0.212     -0.977      0.000
 302  298      0.222      0.986      0.000
 301  297      0.223      0.040      0.000
 300  299      0.228     -0.989      0.000
 304  301      0.229     -0.652      0.000
 305  300      0.230      0.725      0.000
 306  302      0.234      0.415      0.000
  -1   -2      0.242      0.793      0.000
 309  303      0.249     -0.086      0.000
 312  304      0.270     -0.461      0.000
 313  305      0.273     -1.135      0.000
 314   -2      0.276     -0.248      0.000
  -1  306      0.283     -0.224      0.000
 316  308      0.288      0.729      0.000
 318  309      0.298      0.924      0.000
  -1  310      0.304      1.073      0.000
  -1  312      0.305     -0.784      0.000
 319  313      0.308      0.855      0.000
 320  314      0.312      0.192      0.000
  -1  311      0.318     -1.172      0.000
 296  345      0.318      0.540      0.000
  -1   -2      0.324     -1.000      0.000
  -1  316      0.334      0.643      0.000
 322  317      0.345     -1.116      0.000
  -1  318      0.346     -0.221      0.000
 323  328      0.351     -0.262      0.000
 325  320      0.358     -0.967      0.000
 326  321      0.359     -1.049      0.000
 327  322      0.366      0.057      0.000
 328  323      0.373      0.781      0.000
 329  324      0.382     -1.024      0.000
  -1  326      0.396      0.826      0.000
 331  325      0.397     -0.618      0.000
 332   -2      0.401     -0.286      0.000
 333  329      0.417     -0.918      0.000
 351   -2      0.421      0.881      0.000
 347   -2      0.435     -1.176      0.000
 336  332      0.439     -0.702      0.000
 337   -2      0.442      0.053      0.000
 338  333      0.444     -0.295      0.000
  -1  334      0.455      0.720      0.000
 339  337      0.464     -0.511      0.000
 342  338      0.473      0.982      0.000
 341   -2      0.474      1.154      0.000
 345  339      0.479      0.133      0.000
 348   -2      0.489     -0.466      0.000
 343  331      0.492     -1.153      0.000
 353  344      0.513      0.009      0.000
  -1  346      0.522      0.776      0.000
 354  347      0.524     -0.325      0.000
 355  348      0.525     -0.644      0.000
 356   -2      0.543      1.082      0.000
 358   -2      0.555     -0.753      0.000
 344   -2      0.556     -0.494      0.000
  -1  350      0.559      0.569      0.000
 349  352      0.564      0.418      0.000
  -1  351      0.569     -0.785      0.000
 361   -2      0.574     -0.268      0.000
 363  355      0.575     -0.817      0.000
 364  356      0.575      0.167      0.000
 365  357      0.580      0.702      0.000
 369  354      0.584      0.243      0.000
 366  359      0.585     -0.019      0.000
 346   -2      0.589      0.838      0.000
 367  361      0.596     -0.987      0.000
 368  362      0.608      0.587      0.000
 370  363      0.613     -0.467      0.000
  -1   -2      0.625      1.138      0.000
  -1  366      0.626     -1.021      0.000
 373  365      0.626      1.083      0.000
  -1  360      0.645     -1.169      0.000
 374  367      0.646      0.836      0.000
  -1  376      0.648     -0.164      0.000
 375  369      0.650     -0.636      0.000
 378  371      0.660      0.719      0.000
 379  372      0.662     -0.733      0.000
 372  388      0.683     -0.937      0.000
  -1  374      0.685     -0.587      0.000
 381  375      0.687     -0.034      0.000
 382   -2      0.693      0.984      0.000
 383   -2      0.702     -0.214      0.000
 386  378      0.712      0.644      0.000
 410   -2      0.715     -1.098      0.000
 388  379      0.719      0.389      0.000
  -1   -2      0.719      1.042      0.000
 389  381      0.720      0.421      0.000
 391  382      0.727      0.062      0.000
 387  373      0.730     -1.004      0.000
  -1  384      0.731     -0.781      0.000
 401  370      0.732      0.244      0.000
 411   -2      0.741     -0.409      0.000
 397  385      0.743      0.763      0.000
 396  387      0.744      1.001      0.000
 385  389      0.756     -1.056      0.000
 399  390      0.761      0.689      0.000
 400  391      0.762     -0.136      0.000
  -1   -2      0.771     -0.634      0.000
 404  393      0.776     -0.232      0.000
 407  394      0.785      0.383      0.000
 406  395      0.785      0.909      0.000
 408  396      0.789     -0.976      0.000
 409  397      0.798      1.009      0.000
 393  408      0.819     -0.778      0.000
 418   -2      0.820     -0.341      0.000
 414  400      0.822     -0.598      0.000
 413  401      0.824     -1.102      0.000
  -1  402      0.834     -0.014      0.000
  -1  403      0.838     -1.044      0.000
  -1   -2      0.848     -1.085      0.000
 416  404      0.852     -0.848      0.000
  -1   -2      0.866      1.153      0.000
  -1  406      0.875     -1.153      0.000
 419  407      0.876      1.089      0.000
 420   -2      0.880     -0.776      0.000
 417   -2      0.884      0.195      0.000
 422  416      0.923     -0.876      0.000
 424  419      0.929     -0.603      0.000
 425  418      0.931      0.532      0.000
 426  421      0.943      0.315      0.000
 427  423      0.944      0.774      0.000
 429  422      0.944      0.271      0.000
 428  425      0.946     -0.813      0.000
 430  426      0.948      1.061      0.000
 431  427      0.951      0.963      0.000
 434  428      0.979     -0.063      0.000
 436  429      0.988     -0.468      0.000
  -1  430      0.995     -0.728      0.000
 438  431      0.995     -0.562      0.000
 439   -2      1.000     -0.278      0.000
 453  432      1.024     -0.178      0.000
  -1  434      1.029     -0.312      0.000
 442  436      1.030      0.671      0.000
 444  438      1.043      0.620      0.000
 445  439      1.049      0.574      0.000
  -1   -2      1.051      0.120      0.000
 447  441      1.054     -0.944      0.000
 469   -2      1.057     -0.347      0.000
 443  440      1.060      0.071      0.000
 471   -2      1.063      0.722      0.000
 451  447      1.064      0.183      0.000
 448   -2      1.072     -0.254      0.000
 454  448      1.073      0.364      0.000
 455  450      1.077     -0.645      0.000
 435  455      1.078     -1.169      0.000
 456  451      1.083     -0.291      0.000
 459  446      1.105     -0.194      0.000
 458  452      1.106     -1.057      0.000
 461  453      1.112      0.186      0.000
 464   -2      1.132     -0.291      0.000
 465  457      1.136     -0.729      0.000
 467  456      1.137      0.473      0.000
 466   -2      1.139     -1.172      0.000
 470   -2      1.149      0.932      0.000
 478  454      1.155      0.404      0.000
 472  461      1.159     -0.963      0.000
 475  462      1.164     -0.082      0.000
 474  463      1.166     -0.876      0.000
  -1  464      1.168     -0.659      0.000
 476  465      1.179      0.803      0.000
 477  466      1.180      1.011      0.000
  -1  467      1.184      0.630      0.000
  -1   -2      1.190     -0.140      0.000
  -1   -2      1.207      0.688      0.000
 480  471      1.211     -0.057      0.000
 479  472      1.211     -0.651      0.000
 481  473      1.224     -1.044      0.000
 484  475      1.255      0.054      0.000
 482  476      1.257      0.228      0.000
 483   -2      1.259     -1.173      0.000
  -1  477      1.276     -0.617      0.000
 485   -2      1.283      0.991      0.000
  -1  478      1.286      0.724      0.000
 487  479      1.287     -0.694      0.000
 488  480      1.293     -0.476      0.000
 489  481      1.301     -1.104      0.000
 490  482      1.305      1.031      0.000
  -1  489      1.315     -1.174      0.000
 491  484      1.322     -0.640      0.000
 502   -2      1.333     -0.588      0.000
 494   -2      1.353     -0.622      0.000
 495  488      1.354      0.990      0.000
 496  490      1.359     -0.714      0.000
 497  492      1.370     -1.097      0.000
 499  493      1.375      1.027      0.000
  -1   -2      1.377     -0.879      0.000
 501  494      1.379      0.270      0.000
  -1  487      1.393     -0.605      0.000
 498  499      1.396     -1.164      0.000
 492   -2      1.396     -0.065      0.000
 504  496      1.414     -1.116      0.000
 505  497      1.416      1.173      0.000
 506  495      1.418      0.412      0.000
 500   -2      1.420      0.470      0.000
  -1   -2      1.446     -0.394      0.000
 508  500      1.455     -0.626      0.000
 509  501      1.458     -0.485      0.000
 511  503      1.463     -0.557      0.000
 512  504      1.468     -0.372      0.000
 518  498      1.476     -0.344      0.000
  -1  505      1.490      0.057      0.000
  -1  506      1.491      0.129      0.000
 515  507      1.492      0.156      0.000
 516  508      1.496     -0.942      0.000
  -1   -2      1.506      0.325      0.000
 521  511      1.530      0.242      0.000
 523  512      1.537      1.141      0.000
 507   -2      1.540     -1.174      0.000
 524  515      1.543      0.601      0.000
  -1  509      1.556     -0.807      0.000
 525   -2      1.557     -0.406      0.000
 527  516      1.559     -0.328      0.000
 526  513      1.560     -1.120      0.000
 528  517      1.563      0.952      0.000
 529  519      1.571     -0.135      0.000
  -1  520      1.576      0.295      0.000
