523
   0    0     -1.573      0.184      0.000
   1    2     -1.559     -0.423      0.000
   6    4     -1.555      0.834      0.000
   9    3     -1.552     -0.950      0.000
   4    5     -1.544      0.432      0.000
   8    7     -1.524      0.360      0.000
  -1   -2     -1.509     -0.366      0.000
  11   10     -1.509      0.058      0.000
   5   -2     -1.505     -0.973      0.000
  12    9     -1.505     -0.481      0.000
  13   12     -1.503      1.048      0.000
   7   -2     -1.493     -0.671      0.000
  15   -2     -1.486     -0.308      0.000
  16   13     -1.483      0.874      0.000
  18   18     -1.468     -0.034      0.000
  20   17     -1.467     -0.519      0.000
  19   -2     -1.466      0.791      0.000
  21   22     -1.463      0.197      0.000
  -1   19     -1.462     -0.775      0.000
  -1   21     -1.460      0.018      0.000
  26   27     -1.417     -0.047      0.000
  27   26     -1.416      0.474      0.000
  28   29     -1.405      0.672      0.000
  33   16     -1.405      0.840      0.000
  29   30     -1.396     -0.444      0.000
  -1   -2     -1.387      0.272      0.000
  22   -2     -1.383     -0.625      0.000
  -1   -2     -1.376      0.784      0.000
  30   -2     -1.368      0.178      0.000
  32   33     -1.362     -0.174      0.000
  -1   31     -1.360      0.744      0.000
  -1   34     -1.352     -0.548      0.000
  -1   35     -1.343     -1.015      0.000
  34   36     -1.336      1.072      0.000
  35   -2     -1.332     -0.329      0.000
  44   25     -1.320     -1.153      0.000
  36   37     -1.312     -1.051      0.000
  48   28     -1.308     -0.645      0.000
  38   39     -1.303      0.465      0.000
  39   40     -1.293     -0.753      0.000
  41   42     -1.280      0.728      0.000
  43   41     -1.276     -0.967      0.000
  42   43     -1.272     -0.137      0.000
  45   45     -1.264      0.828      0.000
  46   46     -1.262     -0.426      0.000
  -1   47     -1.262     -0.082      0.000
  47   48     -1.257      0.945      0.000
  49   50     -1.247      0.452      0.000
  50   51     -1.239      1.120      0.000
  51   52     -1.232     -0.754      0.000
  52   -2     -1.225      0.734      0.000
  54   54     -1.218     -0.338      0.000
  56   56     -1.214     -0.441      0.000
  55   59     -1.213      0.535      0.000
  57   57     -1.212     -0.964      0.000
  58   61     -1.206     -0.193      0.000
  -1   63     -1.206      0.794      0.000
  60   62     -1.204      0.435      0.000
  -1   -2     -1.185      0.748      0.000
  63   64     -1.178      0.600      0.000
  62   65     -1.176      0.372      0.000
  -1   66     -1.176     -0.213      0.000
  61   77     -1.174     -1.173      0.000
  64   69     -1.172     -0.255      0.000
  65   67     -1.171     -0.555      0.000
  67   70     -1.165      0.637      0.000
  68   71     -1.157      1.094      0.000
  69   -2     -1.151      1.141      0.000
  70   72     -1.148     -0.947      0.000
  71   73     -1.140     -0.986      0.000
  73   74     -1.134      0.878      0.000
  74   75     -1.122      0.330      0.000
  75   76     -1.113     -0.484      0.000
  88   60     -1.113     -1.175      0.000
  78   78     -1.105      1.133      0.000
  77   79     -1.102     -0.100      0.000
  80   81     -1.073      0.605      0.000
  79   80     -1.072     -1.087      0.000
  81   82     -1.066     -0.810      0.000
  82   83     -1.045     -0.144      0.000
  -1   85     -1.041     -1.128      0.000
  83   86     -1.039      0.969      0.000
  84   -2     -1.032     -0.010      0.000
  -1   87     -1.030      0.341      0.000
  86   91     -1.022     -0.225      0.000
  87   92     -1.016     -0.844      0.000
  90   93     -1.010     -0.948      0.000
  -1   89     -1.002     -1.162      0.000
  92   95     -1.000      1.083      0.000
  93   96     -0.997      0.714      0.000
  89   -2     -0.997      0.323      0.000
  -1   90     -0.993     -0.025      0.000
  94   98     -0.991      0.396      0.000
  95   99     -0.975     -0.778      0.000
  96  100     -0.970     -0.056      0.000
  -1   -2     -0.963     -1.089      0.000
  97  102     -0.963      0.039      0.000
  98   -2     -0.958      0.383      0.000
 100  103     -0.954     -0.819      0.000
 101   -2     -0.951     -0.977      0.000
 103  105     -0.938      0.746      0.000
 102  104     -0.938     -0.640      0.000
 104  106     -0.936      0.140      0.000
 106  107     -0.914     -1.004      0.000
 107  109     -0.913     -0.144      0.000
 110   -2     -0.908     -1.075      0.000
 109  110     -0.908     -0.776      0.000
 108  111     -0.908     -0.723      0.000
 105  120     -0.903      1.116      0.000
 113  113     -0.891     -0.447      0.000
 114  115     -0.889     -0.097      0.000
 115  114     -0.880      0.818      0.000
 116  118     -0.877      0.067      0.000
 112  116     -0.876     -1.171      0.000
 118  119     -0.850      0.878      0.000
 120   -2     -0.839      1.051      0.000
  -1  121     -0.830     -0.765      0.000
 122  122     -0.827      0.987      0.000
 124  124     -0.822      1.095      0.000
 125  125     -0.814     -0.918      0.000
 127  126     -0.798     -0.539      0.000
 126  127     -0.797     -0.285      0.000
 123  128     -0.793     -0.973      0.000
 129  131     -0.779      0.050      0.000
 130  132     -0.773      0.956      0.000
 131  133     -0.766     -0.251      0.000
 132  134     -0.761     -0.668      0.000
 133  135     -0.755     -0.938      0.000
  -1  137     -0.753      0.323      0.000
  -1  138     -0.745     -0.358      0.000
 135   -2     -0.744     -0.402      0.000
 136  140     -0.730     -0.966      0.000
 137  142     -0.719     -0.473      0.000
 138  143     -0.716     -0.203      0.000
  -1  139     -0.712      0.253      0.000
 141  144     -0.711     -1.013      0.000
 140  146     -0.709      0.439      0.000
 139  145     -0.706      1.022      0.000
 144  148     -0.693      0.081      0.000
 134   -2     -0.690     -1.174      0.000
 146  151     -0.687      0.807      0.000
 145  153     -0.687      0.175      0.000
 147  152     -0.685      0.844      0.000
 149  154     -0.680     -0.730      0.000
 150  155     -0.669     -0.254      0.000
 152  166     -0.668     -0.880      0.000
 151  156     -0.667     -0.463      0.000
  -1  158     -0.662      0.613      0.000
 153  159     -0.661     -0.032      0.000
 156  162     -0.641     -0.726      0.000
 155  161     -0.640      1.087      0.000
 157  163     -0.635     -0.103      0.000
  -1   -2     -0.635      0.735      0.000
 159  164     -0.632      0.639      0.000
 160   -2     -0.618     -0.968      0.000
 161  167     -0.610     -1.045      0.000
 162  168     -0.606     -0.238      0.000
 163   -2     -0.603      0.422      0.000
 164  169     -0.595      0.392      0.000
 165  170     -0.590      0.974      0.000
 167  171     -0.568     -0.932      0.000
 166  172     -0.566      0.285      0.000
 170  173     -0.562     -1.174      0.000
 169  174     -0.560     -0.603      0.000
 171  175     -0.550     -0.142      0.000
 172  177     -0.546      0.446      0.000
  -1  188     -0.534     -1.088      0.000
 176  178     -0.528      1.088      0.000
  -1   -2     -0.523     -0.232      0.000
 154  202     -0.521      0.545      0.000
 178  182     -0.513      0.650      0.000
 177  181     -0.513     -0.199      0.000
 180  187     -0.482      0.623      0.000
 181  189     -0.474     -0.739      0.000
 183  191     -0.462     -0.565      0.000
 184  192     -0.459     -0.848      0.000
 186  190     -0.453     -1.175      0.000
 192   -2     -0.451     -0.960      0.000
 208   -2     -0.444      0.258      0.000
 191   -2     -0.424      0.780      0.000
 193  196     -0.423      1.082      0.000
 194  197     -0.420      0.743      0.000
 195  198     -0.416     -0.468      0.000
 187  206     -0.415     -1.121      0.000
 197  199     -0.409     -0.141      0.000
 198  200     -0.403      0.918      0.000
 189   -2     -0.403      0.412      0.000
 200  201     -0.400      0.846      0.000
 201  203     -0.399     -0.839      0.000
 202  204     -0.388      0.345      0.000
 203  205     -0.387      0.667      0.000
 205  210     -0.360     -0.619      0.000
 206   -2     -0.360     -1.170      0.000
 204  208     -0.359     -0.307      0.000
  -1  209     -0.349     -1.083      0.000
 209  211     -0.338      0.644      0.000
 212  212     -0.334      1.095      0.000
 210  213     -0.333     -0.786      0.000
 211  214     -0.330      0.611      0.000
 213   -2     -0.315     -0.541      0.000
  -1  219     -0.312      0.355      0.000
 214  218     -0.309     -0.830      0.000
 217  220     -0.289      0.573      0.000
 216  221     -0.288      0.074      0.000
 219  223     -0.280     -0.707      0.000
  -1  224     -0.270      0.842      0.000
 220  226     -0.270     -1.170      0.000
 221  225     -0.266     -0.909      0.000
 222   -2     -0.262     -0.380      0.000
 224  228     -0.246     -1.022      0.000
 225  230     -0.236     -0.980      0.000
 223  237     -0.222     -1.095      0.000
 215  247     -0.217     -0.129      0.000
 227  233     -0.216      0.311      0.000
 228  234     -0.214      0.384      0.000
 229  235     -0.208     -0.044      0.000
 230  236     -0.207     -0.497      0.000
 244  216     -0.200     -0.605      0.000
 232   -2     -0.195     -1.060      0.000
 234  238     -0.190      0.265      0.000
 233  239     -0.186     -0.230      0.000
 235  240     -0.184      0.489      0.000
  -1  245     -0.177     -1.165      0.000
 236  242     -0.176      1.071      0.000
 237  241     -0.175     -1.008      0.000
 239   -2     -0.169     -0.516      0.000
 238  243     -0.169      0.188      0.000
 241  246     -0.144     -0.824      0.000
 256  232     -0.143     -1.119      0.000
  -1   -2     -0.142     -0.200      0.000
  -1  248     -0.140     -0.636      0.000
 245  249     -0.135     -0.228      0.000
 246  250     -0.135      0.279      0.000
  -1  252     -0.131      0.988      0.000
 248  254     -0.124     -0.465      0.000
 250  255     -0.119      1.075      0.000
 251  257     -0.109      0.456      0.000
  -1   -2     -0.098     -0.929      0.000
 252  259     -0.091      0.915      0.000
 253  262     -0.083     -0.293      0.000
 254  260     -0.082     -0.880      0.000
 249  261     -0.079     -1.153      0.000
 255  263     -0.068      1.022      0.000
 257  264     -0.061     -0.334      0.000
 258  265     -0.051      0.249      0.000
 259  267     -0.045      0.436      0.000
  -1  268     -0.032      0.052      0.000
  -1  270     -0.028      0.566      0.000
 261  269     -0.028      0.962      0.000
  -1   -2     -0.024      0.994      0.000
 267  275      0.001      0.760      0.000
 266  277      0.002      0.442      0.000
 269   -2      0.003      0.115      0.000
 268  278      0.004      0.264      0.000
 264  276      0.009     -0.026      0.000
 271  280      0.020     -1.116      0.000
  -1   -2      0.036      1.159      0.000
 273  282      0.042      0.498      0.000
 263  294      0.049     -1.064      0.000
 274  284      0.054      0.694      0.000
  -1  283      0.057      0.306      0.000
 275  285      0.058     -0.854      0.000
 278  287      0.062     -0.699      0.000
 277  288      0.063      0.130      0.000
 276   -2      0.063      0.925      0.000
 281  289      0.073     -0.016      0.000
  -1   -2      0.076     -0.520      0.000
 280  290      0.078      0.097      0.000
  -1   -2      0.087     -0.654      0.000
 282  291      0.087      0.348      0.000
  -1  292      0.105      0.959      0.000
 284   -2      0.106     -1.086      0.000
 285  295      0.110     -1.163      0.000
 283  296      0.119     -0.135      0.000
 286  302      0.134     -0.334      0.000
  -1  298      0.137      0.746      0.000
  -1  299      0.141     -0.959      0.000
 289  300      0.142      0.650      0.000
 291   -2      0.150     -0.169      0.000
  -1  301      0.152      0.519      0.000
 292  303      0.153     -1.006      0.000
 293  304      0.168      0.813      0.000
 294  305      0.177      0.284      0.000
 295  306      0.184     -0.507      0.000
 296  307      0.189     -0.971      0.000
 297  308      0.197     -0.317      0.000
  -1  310      0.212     -1.090      0.000
 299  311      0.213     -0.790      0.000
 302  313      0.221     -1.004      0.000
 301  314      0.223      0.040      0.000
 300  312      0.223      1.011      0.000
 304  324      0.228      0.745      0.000
 305  316      0.230     -0.670      0.000
 306  317      0.233      0.428      0.000
 307  319      0.250     -0.092      0.000
 312   -2      0.256      0.077      0.000
 308  320      0.264     -0.690      0.000
 303  325      0.272     -0.477      0.000
 311  321      0.277     -0.255      0.000
  -1  322      0.281      0.116      0.000
 298   -2      0.283     -1.161      0.000
  -1  327      0.290      1.175      0.000
 313   -2      0.290      0.750      0.000
 314   -2      0.292     -0.641      0.000
 315  326      0.299      0.948      0.000
  -1   -2      0.304     -0.804      0.000
 316  328      0.306      0.878      0.000
 318  329      0.310      0.197      0.000
  -1  331      0.324      0.138      0.000
 319  335      0.336     -0.037      0.000
  -1  333      0.342     -0.226      0.000
 320  334      0.347     -1.136      0.000
 322   -2      0.355     -0.131      0.000
 323  337      0.359     -0.987      0.000
 325  338      0.362      0.057      0.000
  -1  339      0.368      0.545      0.000
 326  341      0.368      0.802      0.000
 327  342      0.376     -1.052      0.000
 333  344      0.395     -0.635      0.000
 321   -2      0.398     -0.296      0.000
 331  354      0.399     -0.796      0.000
 334  346      0.417      0.903      0.000
 335  347      0.418     -0.938      0.000
 317   -2      0.431     -1.172      0.000
 338  349      0.436      0.054      0.000
 337  352      0.437     -0.719      0.000
 346   -2      0.438      0.729      0.000
 339  351      0.439     -0.305      0.000
 341  353      0.446     -0.349      0.000
 342  355      0.457      0.233      0.000
 344  362      0.468     -1.127      0.000
 345  356      0.470      1.004      0.000
 348  357      0.472      0.135      0.000
 349  359      0.478     -0.646      0.000
  -1   -2      0.489     -1.151      0.000
 352  361      0.489     -0.476      0.000
 353  364      0.494     -0.441      0.000
 355  365      0.508      0.008      0.000
 340   -2      0.512      0.550      0.000
 358  366      0.519     -0.334      0.000
 359  367      0.523     -0.656      0.000
 336   -2      0.527      0.397      0.000
 360  368      0.539     -1.134      0.000
 361  369      0.541      1.104      0.000
 364  371      0.550     -0.506      0.000
 365  370      0.552      0.579      0.000
 366   -2      0.553      0.484      0.000
 367  372      0.557      0.434      0.000
 368  373      0.558      0.249      0.000
 369  374      0.560     -0.781      0.000
 371  376      0.564      0.166      0.000
 372  375      0.565     -0.277      0.000
 374  378      0.572      0.721      0.000
 376  379      0.576     -0.019      0.000
 375  380      0.576     -0.831      0.000
 378  381      0.597      0.605      0.000
  -1  383      0.599      0.249      0.000
 379  384      0.607     -0.476      0.000
 381  385      0.615     -0.879      0.000
 382  388      0.624      1.101      0.000
  -1  389      0.626      1.156      0.000
 384  391      0.628     -1.030      0.000
 380  390      0.634     -1.168      0.000
 385  392      0.640      0.854      0.000
 390  393      0.646     -0.645      0.000
 387  394      0.651      0.735      0.000
 388  396      0.659     -0.741      0.000
 391  399      0.684     -0.944      0.000
  -1  400      0.690      1.002      0.000
 392  401      0.699      0.659      0.000
  -1  402      0.703      0.400      0.000
 393  403      0.705      0.432      0.000
 395  404      0.717      0.063      0.000
 394  406      0.721     -1.109      0.000
 397  407      0.729     -0.788      0.000
 398  408      0.730     -1.009      0.000
 399   -2      0.734     -0.416      0.000
 400  410      0.735      0.778      0.000
 401  411      0.738      1.020      0.000
 404  405      0.749      0.263      0.000
 402  412      0.750      0.703      0.000
 406  413      0.758     -0.586      0.000
 405  414      0.759     -1.061      0.000
 407   -2      0.761      1.011      0.000
 409  415      0.766     -0.233      0.000
 410  417      0.771      0.392      0.000
  -1  409      0.777     -0.451      0.000
 412  419      0.780      0.921      0.000
 413  421      0.790     -0.981      0.000
 414  422      0.794      1.021      0.000
 415  423      0.810     -0.343      0.000
 416  427      0.816     -0.781      0.000
 417  426      0.817     -0.599      0.000
 418  425      0.819     -0.014      0.000
 419  428      0.827     -1.105      0.000
 420  429      0.841     -1.045      0.000
 421  431      0.851     -0.850      0.000
 424  430      0.852     -1.154      0.000
  -1   -2      0.869     -0.894      0.000
  -1  433      0.869      0.206      0.000
 422  432      0.874      1.103      0.000
  -1   -2      0.884     -0.446      0.000
  -1  435      0.889      0.792      0.000
  -1   -2      0.893      0.956      0.000
 427   -2      0.898     -1.006      0.000
  -1   -2      0.899      0.729      0.000
  -1  437      0.901      1.100      0.000
 428  439      0.914      0.540      0.000
 423  440      0.916     -0.088      0.000
  -1  451      0.922     -0.875      0.000
 429  442      0.922     -0.603      0.000
 430  441      0.924      0.322      0.000
 432  443      0.926      0.278      0.000
 433  445      0.933      0.785      0.000
  -1  444      0.936     -1.084      0.000
 434  446      0.941      0.960      0.000
 436  447      0.945      1.072      0.000
 435  448      0.945     -0.811      0.000
 437  449      0.948      1.003      0.000
 426  458      0.957     -1.146      0.000
 438   -2      0.961     -0.883      0.000
 439  452      0.968     -0.058      0.000
 440  453      0.980     -0.465      0.000
 447  454      0.989     -0.278      0.000
 442  455      0.989     -0.559      0.000
 444  457      0.993      0.063      0.000
  -1   -2      0.995     -1.171      0.000
 446  460      1.008     -0.172      0.000
 448  461      1.017      0.680      0.000
 449  463      1.027      0.626      0.000
 450  464      1.030      0.124      0.000
 451  465      1.032      0.578      0.000
 452   -2      1.044      0.452      0.000
  -1   -2      1.044      0.193      0.000
 453   -2      1.046      0.081      0.000
 454  468      1.051     -0.348      0.000
  -1  467      1.052      0.732      0.000
 455  469      1.056      0.368      0.000
 457  466      1.058      0.419      0.000
 459   -2      1.070     -0.284      0.000
 445   -2      1.072     -0.638      0.000
 460  471      1.075     -1.174      0.000
  -1   -2      1.084      0.984      0.000
 462  474      1.092     -0.189      0.000
 463  475      1.094      0.190      0.000
 464  477      1.108     -1.050      0.000
 467  478      1.120      0.477      0.000
  -1  472      1.121     -0.285      0.000
  -1   -2      1.126      0.525      0.000
 468  480      1.134     -0.720      0.000
  -1  481      1.136      1.005      0.000
 471   -2      1.139      0.412      0.000
 470   -2      1.142     -1.164      0.000
 472  482      1.142      0.933      0.000
 473   -2      1.150     -0.076      0.000
 474  484      1.160     -0.953      0.000
 475  487      1.168     -0.864      0.000
 476  486      1.169      0.805      0.000
 477   -2      1.171      0.628      0.000
  -1  488      1.174      1.013      0.000
 465   -2      1.183     -0.461      0.000
 480  490      1.187      0.687      0.000
  -1  483      1.191     -1.178      0.000
 481  491      1.195     -0.050      0.000
  -1   -2      1.197     -0.142      0.000
 482  492      1.207     -0.639      0.000
  -1  485      1.223      0.566      0.000
 485   -2      1.230      0.226      0.000
 484  495      1.241      0.057      0.000
  -1   -2      1.247      0.135      0.000
 487  496      1.274     -0.601      0.000
 488  499      1.282     -0.680      0.000
 490  501      1.287     -0.465      0.000
 486  502      1.293     -0.958      0.000
 492  503      1.300      1.027      0.000
 493  504      1.304     -1.095      0.000
 495  505      1.318     -0.625      0.000
 503  500      1.322     -1.172      0.000
 496   -2      1.322     -0.133      0.000
  -1   -2      1.329     -1.027      0.000
 497   -2      1.329      0.250      0.000
 498   -2      1.336     -0.572      0.000
 499  507      1.349     -0.607      0.000
 500  509      1.357     -0.697      0.000
  -1  508      1.359      0.573      0.000
 489   -2      1.359     -0.229      0.000
 501  510      1.368      0.271      0.000
  -1  497      1.371      0.962      0.000
 502  511      1.372     -1.081      0.000
  -1  515      1.378      0.517      0.000
  -1  512      1.386     -1.139      0.000
 505  514      1.402      0.403      0.000
 506  516      1.409      0.095      0.000
  -1   -2      1.409      0.467      0.000
 508  517      1.415      1.167      0.000
 507  519      1.416     -1.098      0.000
 509  520      1.431      0.801      0.000
 504  526      1.434     -0.206      0.000
  -1  523      1.446     -1.172      0.000
 511  521      1.448      0.464      0.000
 510  522      1.450     -0.609      0.000
 512  524      1.453     -0.469      0.000
 514  525      1.459     -0.538      0.000
 515   -2      1.462     -0.357      0.000
 516   -2      1.470     -0.328      0.000
 518  527      1.481      0.150      0.000
 519  528      1.493     -1.084      0.000
 520   -2      1.496     -0.920      0.000
  -1  530      1.508      1.164      0.000
 523  531      1.519      0.242      0.000
 525  533      1.522     -1.172      0.000
 524  532      1.531      0.590      0.000
 526  534      1.536      1.131      0.000
 527  535      1.546     -0.629      0.000
 528  543      1.553     -0.389      0.000
  -1  529      1.555     -0.787      0.000
 536  536      1.556     -0.315      0.000
 534  537      1.557      0.939      0.000
  -1  538      1.558      0.678      0.000
 533  540      1.565     -0.125      0.000
 532  539      1.565     -1.097      0.000
 535  541      1.571      0.294      0.000
 537  544      1.576     -0.999      0.000
