521
   1   -2     -1.572     -0.026      0.000
  -1    0     -1.568     -0.157      0.000
   2    1     -1.568      0.860      0.000
  -1   -2     -1.566     -1.131      0.000
  -1   15     -1.566     -1.014      0.000
   3    3     -1.563      0.262      0.000
  -1    2     -1.562     -0.061      0.000
   5    4     -1.550     -0.234      0.000
   6   -2     -1.534     -1.061      0.000
  -1   -2     -1.524      1.068      0.000
  -1   10     -1.519      0.641      0.000
  -1   -2     -1.516     -1.041      0.000
   9    6     -1.513      0.222      0.000
  10    7     -1.509      0.325      0.000
  11    8     -1.498      0.279      0.000
  12    9     -1.497      0.527      0.000
  13   -2     -1.490      0.657      0.000
   0   11     -1.488     -0.737      0.000
  14   14     -1.488      0.411      0.000
  15   12     -1.487     -0.290      0.000
  16    5     -1.485      0.863      0.000
   8   -2     -1.478     -0.979      0.000
   4   -2     -1.474     -0.383      0.000
  17   17     -1.467      0.157      0.000
  18   16     -1.466      1.011      0.000
  19   18     -1.449     -0.977      0.000
  20   19     -1.447     -0.604      0.000
  21   20     -1.441      0.486      0.000
  23   23     -1.433      0.344      0.000
  24   22     -1.431     -0.342      0.000
  27   -2     -1.418     -0.710      0.000
  26   -2     -1.417      0.709      0.000
  28   25     -1.411      0.137      0.000
  -1   26     -1.404      0.758      0.000
  29   27     -1.393     -0.381      0.000
  30   28     -1.393      0.286      0.000
  33   24     -1.387     -1.156      0.000
  31   29     -1.382      0.639      0.000
  -1   30     -1.377     -0.852      0.000
  34   33     -1.368      1.112      0.000
  32   31     -1.362      0.057      0.000
  35   34     -1.362      0.607      0.000
  37   35     -1.358     -0.893      0.000
  38   36     -1.348     -1.035      0.000
  -1   37     -1.334      1.023      0.000
  39   40     -1.328     -0.005      0.000
  41   41     -1.324      0.924      0.000
  42   -2     -1.322      1.080      0.000
  43   43     -1.313      0.169      0.000
  44   44     -1.303     -0.970      0.000
  45   -2     -1.302     -0.815      0.000
  46   47     -1.293     -0.334      0.000
  47   49     -1.286      0.553      0.000
  -1   45     -1.286     -0.840      0.000
  51   -2     -1.284      0.658      0.000
  49   50     -1.270     -0.981      0.000
  53   52     -1.262     -0.626      0.000
  54   54     -1.247     -0.522      0.000
  55   55     -1.242      0.994      0.000
  56   57     -1.233     -0.834      0.000
  -1   63     -1.226     -1.175      0.000
  59   60     -1.205     -0.123      0.000
  60   58     -1.204      0.826      0.000
  62   59     -1.199     -1.123      0.000
  65   64     -1.175      0.724      0.000
  67   65     -1.168     -0.866      0.000
  66   -2     -1.167     -1.170      0.000
  68   66     -1.165     -0.830      0.000
  69   67     -1.164      1.037      0.000
  71   -2     -1.158      0.997      0.000
  63   -2     -1.158      0.631      0.000
  -1   -2     -1.151     -0.561      0.000
  72   70     -1.143     -1.004      0.000
  74   71     -1.141     -1.099      0.000
  73   72     -1.135     -0.348      0.000
  75   73     -1.129      0.401      0.000
  76   74     -1.116      1.040      0.000
  -1   77     -1.107      0.649      0.000
  78   76     -1.105     -1.020      0.000
  79   75     -1.104     -1.060      0.000
  88   62     -1.102     -1.108      0.000
  80   78     -1.091     -0.104      0.000
  81   79     -1.088     -0.372      0.000
  84   80     -1.067     -0.282      0.000
  85   81     -1.061      0.396      0.000
  86   82     -1.058      0.800      0.000
  89   84     -1.041      0.477      0.000
  -1   -2     -1.039     -0.727      0.000
  90   85     -1.032     -1.056      0.000
  91   87     -1.024     -0.160      0.000
  93   88     -1.018     -0.861      0.000
  92   89     -1.016      0.579      0.000
  94   90     -1.013      0.388      0.000
  95   91     -1.009      0.192      0.000
  -1   92     -1.003     -0.775      0.000
  98   94     -0.997     -0.214      0.000
  99   93     -0.996      1.026      0.000
 100   95     -0.993      0.910      0.000
  97   96     -0.993     -0.431      0.000
  -1  104     -0.985     -0.996      0.000
 103   99     -0.973     -1.105      0.000
 102  101     -0.972      0.338      0.000
 104  100     -0.968      1.055      0.000
  -1  102     -0.966      0.621      0.000
 105  105     -0.951      0.777      0.000
 101  106     -0.941     -0.936      0.000
  -1  108     -0.937      1.123      0.000
 107  109     -0.912      0.569      0.000
 109   -2     -0.909      1.083      0.000
 108  110     -0.907      0.305      0.000
 111   -2     -0.895     -0.089      0.000
 115  111     -0.868      0.690      0.000
 116  112     -0.864     -0.741      0.000
 117  114     -0.856     -0.613      0.000
 118  115     -0.846     -0.693      0.000
 119  117     -0.841     -0.136      0.000
 120  116     -0.839     -0.442      0.000
 114  122     -0.839     -1.168      0.000
  -1  118     -0.831     -0.215      0.000
 125  123     -0.822     -0.054      0.000
 124  119     -0.822      1.089      0.000
 121  120     -0.821      0.330      0.000
 126  124     -0.812     -0.010      0.000
 113  136     -0.807     -1.098      0.000
  -1  125     -0.806      0.445      0.000
 129  128     -0.791      0.258      0.000
 130  126     -0.790      0.815      0.000
 131  127     -0.787      0.992      0.000
 135  130     -0.785     -0.799      0.000
 136   -2     -0.784     -1.029      0.000
 127  140     -0.783      0.396      0.000
 133  133     -0.780      0.312      0.000
 137  131     -0.779     -0.753      0.000
  -1  134     -0.778     -0.041      0.000
 138  135     -0.774      0.886      0.000
 128   -2     -0.765     -0.233      0.000
  -1   -2     -0.764     -0.021      0.000
 122  148     -0.755     -0.930      0.000
 142  138     -0.753     -0.059      0.000
 145  139     -0.750     -0.448      0.000
 144   -2     -0.747      0.382      0.000
 146  143     -0.739      0.035      0.000
 148  137     -0.738     -0.963      0.000
 155  129     -0.735     -1.010      0.000
 149  144     -0.724      0.981      0.000
 151  146     -0.708      0.139      0.000
 152  147     -0.706     -0.151      0.000
 153  145     -0.703      1.112      0.000
 154   -2     -0.692     -0.487      0.000
 156  149     -0.687      0.874      0.000
 158  150     -0.683      1.063      0.000
 157  151     -0.681     -0.556      0.000
 159  153     -0.680     -0.688      0.000
  -1  152     -0.679      1.007      0.000
 161  155     -0.675     -0.105      0.000
 160  154     -0.674      0.732      0.000
 140   -2     -0.660     -0.276      0.000
  -1  161     -0.646     -0.569      0.000
  -1  159     -0.645     -1.076      0.000
 163  160     -0.643      1.146      0.000
  -1   -2     -0.641      0.216      0.000
 164  156     -0.635     -1.117      0.000
 167  162     -0.625     -1.004      0.000
 166  166     -0.620     -0.309      0.000
 168  164     -0.618     -0.766      0.000
 179   -2     -0.617      1.073      0.000
 171   -2     -0.603     -0.548      0.000
 172  167     -0.601      0.890      0.000
 173  168     -0.595     -0.433      0.000
 174  169     -0.588     -0.513      0.000
 182  163     -0.587     -1.108      0.000
 175  170     -0.586     -0.283      0.000
 177  172     -0.570      0.409      0.000
 178  174     -0.564      0.042      0.000
  -1  175     -0.557     -0.980      0.000
 180  177     -0.550      0.348      0.000
 181  179     -0.548     -1.168      0.000
 183  180     -0.535     -0.516      0.000
 184  182     -0.529     -0.237      0.000
 185  181     -0.529      0.266      0.000
 170  205     -0.526      0.481      0.000
 188  185     -0.520      0.677      0.000
 191  188     -0.483      0.079      0.000
 192  189     -0.480      0.186      0.000
 193  187     -0.480      0.976      0.000
 190  190     -0.471     -0.681      0.000
 194  192     -0.463     -1.166      0.000
 196  191     -0.462     -0.050      0.000
 197  193     -0.445     -0.132      0.000
  -1   -2     -0.442     -0.773      0.000
 200  194     -0.439     -0.953      0.000
 199  195     -0.436     -0.290      0.000
 202  198     -0.422     -0.843      0.000
 201  199     -0.420      0.448      0.000
 203  200     -0.399      0.755      0.000
 206   -2     -0.393      1.075      0.000
 205  203     -0.391      0.637      0.000
  -1   -2     -0.388     -0.360      0.000
 207  204     -0.387     -0.610      0.000
 222  184     -0.385      0.518      0.000
 208  206     -0.382      0.324      0.000
 210  207     -0.377     -0.964      0.000
 209  208     -0.374     -0.186      0.000
 211  209     -0.371     -0.673      0.000
 214  197     -0.369     -1.170      0.000
 212  210     -0.368      1.068      0.000
 213  211     -0.367      0.731      0.000
  -1  212     -0.361     -0.294      0.000
 216  196     -0.354     -1.078      0.000
 217  214     -0.352      0.994      0.000
 215  215     -0.352     -0.257      0.000
  -1   -2     -0.347      0.680      0.000
 218  216     -0.340      0.879      0.000
  -1  217     -0.339     -0.674      0.000
 220  218     -0.310     -0.581      0.000
 221  219     -0.302     -0.936      0.000
  -1   -2     -0.297     -0.846      0.000
 223  220     -0.294      0.803      0.000
 224  221     -0.290     -0.988      0.000
  -1   -2     -0.289     -0.756      0.000
 226  222     -0.287      0.309      0.000
 228  224     -0.270      0.282      0.000
 227  223     -0.270     -0.481      0.000
 229  225     -0.269     -1.167      0.000
 230  226     -0.265     -1.076      0.000
 231  240     -0.259     -0.195      0.000
 232  228     -0.247      0.418      0.000
 233  230     -0.237     -0.407      0.000
 234  229     -0.237     -0.686      0.000
 236  232     -0.226     -1.093      0.000
 237  233     -0.216      0.123      0.000
 240   -2     -0.207      0.334      0.000
  -1  238     -0.207     -1.051      0.000
 239  236     -0.199      0.715      0.000
 219   -2     -0.198      0.543      0.000
  -1   -2     -0.183     -0.236      0.000
 241   -2     -0.155      0.070      0.000
 243  242     -0.148     -0.780      0.000
  -1  245     -0.147     -1.118      0.000
 244  243     -0.146     -0.270      0.000
 246  246     -0.137     -0.661      0.000
 247  247     -0.131     -1.028      0.000
 248  248     -0.122     -0.194      0.000
 249  249     -0.116      0.487      0.000
 250  250     -0.114      0.382      0.000
 252  251     -0.105      0.624      0.000
 253  252     -0.097     -0.087      0.000
 254  254     -0.090      0.328      0.000
 255  255     -0.087      1.143      0.000
 260   -2     -0.083     -0.660      0.000
 256  256     -0.079     -1.097      0.000
 257  259     -0.068      0.225      0.000
 258   -2     -0.067     -0.167      0.000
 251  257     -0.064     -1.168      0.000
 261  263     -0.051     -0.336      0.000
 262  264     -0.050      0.350      0.000
 264  265     -0.045      0.588      0.000
 265  266     -0.028     -0.013      0.000
  -1   -2     -0.023     -1.015      0.000
 269   -2     -0.017     -0.429      0.000
  -1  268      0.007      0.571      0.000
 271  270      0.012      0.312      0.000
 272  269      0.012      0.982      0.000
 273  271      0.020      0.859      0.000
 274  272      0.028      0.369      0.000
 276  273      0.030     -1.120      0.000
  -1  274      0.031      0.041      0.000
  -1  260      0.038     -0.244      0.000
 277  275      0.039      0.577      0.000
  -1  276      0.047     -0.914      0.000
  -1  297      0.048     -0.703      0.000
 278  277      0.052      0.331      0.000
 280  278      0.061      0.906      0.000
 296   -2      0.064      0.655      0.000
 279  279      0.064     -1.082      0.000
  -1   -2      0.065     -0.307      0.000
 283  282      0.077     -0.924      0.000
 286   -2      0.097     -0.719      0.000
 287  283      0.097      0.146      0.000
  -1  293      0.104     -0.527      0.000
 289  284      0.106      0.450      0.000
 285  292      0.106     -0.973      0.000
  -1  285      0.106     -1.165      0.000
 290  286      0.109      0.101      0.000
 275   -2      0.112     -0.062      0.000
  -1   -2      0.114     -0.170      0.000
  -1  287      0.124      0.400      0.000
 282  304      0.135      0.851      0.000
 294   -2      0.137     -0.949      0.000
 297  296      0.145     -0.597      0.000
 298   -2      0.150     -0.487      0.000
 299  295      0.151      1.047      0.000
 300   -2      0.158     -0.679      0.000
  -1  298      0.165     -0.266      0.000
 301  299      0.175      0.362      0.000
  -1  300      0.187     -0.698      0.000
 302  305      0.200     -1.173      0.000
 292   -2      0.200      0.965      0.000
 304  306      0.211      0.559      0.000
 306  307      0.213     -1.013      0.000
 305  308      0.213      0.021      0.000
  -1  310      0.227     -0.885      0.000
 307  311      0.237     -0.158      0.000
 308  312      0.250      0.966      0.000
 309  314      0.259     -0.378      0.000
 310  315      0.259     -0.902      0.000
 311  316      0.267      0.728      0.000
 312  317      0.272      1.114      0.000
  -1  318      0.272      0.240      0.000
  -1   -2      0.275     -0.236      0.000
  -1   -2      0.284     -0.848      0.000
  -1   -2      0.295      0.582      0.000
 316  322      0.302     -1.014      0.000
 318  324      0.314      0.049      0.000
 324  328      0.315     -1.170      0.000
 319  326      0.317     -0.203      0.000
 321  327      0.318     -0.404      0.000
 322  329      0.325      1.022      0.000
 323   -2      0.332     -0.600      0.000
  -1  331      0.354     -0.412      0.000
 328  332      0.370      0.050      0.000
 329  333      0.373     -0.810      0.000
 331  335      0.380      0.291      0.000
 333  337      0.389     -0.414      0.000
 334  338      0.392      0.163      0.000
 335  339      0.397     -0.466      0.000
  -1  356      0.411      0.885      0.000
  -1   -2      0.417      0.926      0.000
 336  341      0.419     -0.889      0.000
 337  343      0.422     -1.118      0.000
 338  342      0.423     -0.005      0.000
 332  357      0.433     -0.930      0.000
  -1  350      0.436     -1.175      0.000
  -1  346      0.441     -0.608      0.000
 341   -2      0.448     -0.562      0.000
 344  348      0.457     -0.435      0.000
  -1  349      0.460      0.740      0.000
  -1   -2      0.462      0.011      0.000
 348  347      0.462      0.317      0.000
 349  352      0.477     -0.034      0.000
 351  353      0.486     -1.113      0.000
 352  355      0.489     -0.797      0.000
 343   -2      0.490      0.680      0.000
  -1  363      0.490     -1.153      0.000
  -1  358      0.491     -0.357      0.000
 354   -2      0.494      0.902      0.000
 353  359      0.494      0.436      0.000
 356  361      0.499      0.764      0.000
 358  360      0.501     -0.627      0.000
 357  362      0.503     -0.964      0.000
 359  364      0.521      0.326      0.000
 350   -2      0.528      0.822      0.000
 360  366      0.539     -0.913      0.000
 361  367      0.543     -0.577      0.000
 362  368      0.555     -0.045      0.000
  -1   -2      0.560     -0.958      0.000
 364  369      0.560     -0.438      0.000
 365  370      0.563      0.908      0.000
  -1  371      0.568      0.506      0.000
 367  373      0.574      1.039      0.000
 368  372      0.575      0.543      0.000
  -1   -2      0.586     -0.894      0.000
 370  375      0.595      0.814      0.000
 371  376      0.599     -0.745      0.000
 373  374      0.603      0.333      0.000
 372  377      0.604     -0.990      0.000
  -1  380      0.615     -0.634      0.000
 374  378      0.619      0.558      0.000
 376  379      0.623      0.490      0.000
 375   -2      0.624     -0.682      0.000
  -1  381      0.627     -0.162      0.000
 377  382      0.627     -0.838      0.000
 378   -2      0.627     -1.069      0.000
 386  383      0.639     -1.153      0.000
 380  384      0.644      0.938      0.000
 381  385      0.645      0.856      0.000
  -1  387      0.649     -0.185      0.000
 387  386      0.650     -0.475      0.000
 395  389      0.682     -1.030      0.000
  -1   -2      0.697     -0.648      0.000
 388  392      0.702     -0.859      0.000
 389  390      0.702     -0.449      0.000
 391  391      0.705      0.255      0.000
 390  393      0.706     -0.376      0.000
 384   -2      0.709     -0.063      0.000
 393   -2      0.713      0.295      0.000
 392  394      0.713     -0.698      0.000
 394  395      0.720      1.079      0.000
  -1   -2      0.725     -0.992      0.000
 397  398      0.738     -1.076      0.000
 399  399      0.750      0.391      0.000
 401  400      0.752      0.340      0.000
 400  402      0.753     -0.641      0.000
  -1  405      0.754     -0.143      0.000
  -1  396      0.760      1.171      0.000
 402  403      0.763      0.639      0.000
  -1  404      0.764     -0.075      0.000
  -1  415      0.785     -0.817      0.000
 405  407      0.790      0.916      0.000
  -1  401      0.792     -0.465      0.000
 406  409      0.807     -0.038      0.000
 408  410      0.820      0.094      0.000
 407  413      0.823     -1.136      0.000
 396  428      0.826     -0.875      0.000
 410  411      0.826      0.899      0.000
  -1  412      0.828     -0.544      0.000
 403   -2      0.838      1.067      0.000
 411   -2      0.843     -0.794      0.000
  -1   -2      0.844      0.622      0.000
 417  419      0.845     -0.202      0.000
 414   -2      0.851     -1.066      0.000
 415  417      0.852      0.164      0.000
 425   -2      0.867     -0.272      0.000
 418  420      0.869      0.517      0.000
 419  421      0.870      0.426      0.000
 420  422      0.871      0.657      0.000
 421  423      0.876      0.705      0.000
 422  424      0.877      0.765      0.000
 423  426      0.880      1.067      0.000
 424  427      0.884     -0.455      0.000
 434  418      0.901     -1.006      0.000
 409  442      0.901     -0.874      0.000
 413  430      0.901      1.107      0.000
 429  429      0.906      0.235      0.000
 430  431      0.910     -0.543      0.000
 431   -2      0.913     -0.801      0.000
 432  433      0.916      1.173      0.000
  -1  432      0.921      0.803      0.000
  -1  434      0.923     -0.325      0.000
 435  436      0.932      0.026      0.000
 428  446      0.933     -1.078      0.000
 436  438      0.938      0.527      0.000
  -1   -2      0.939      0.197      0.000
  -1   -2      0.941      0.743      0.000
 439  440      0.943     -0.154      0.000
 440  444      0.953      0.455      0.000
  -1   -2      0.979     -1.119      0.000
 443  447      0.981     -0.036      0.000
 442  448      0.989     -0.241      0.000
 444  451      1.003     -0.822      0.000
 445  453      1.007     -0.591      0.000
 446  452      1.008      0.671      0.000
  -1  454      1.015     -0.448      0.000
 447   -2      1.017     -0.328      0.000
  -1  455      1.026      0.294      0.000
 450  456      1.030     -0.006      0.000
 453  457      1.044      0.256      0.000
 452  458      1.048      0.836      0.000
 455  460      1.062      0.970      0.000
 460   -2      1.066      0.170      0.000
 441   -2      1.066     -1.172      0.000
 456  461      1.066      0.100      0.000
 451  476      1.083      0.634      0.000
 458  463      1.085     -0.646      0.000
 459  465      1.102     -0.561      0.000
 462  466      1.108      1.031      0.000
 461  467      1.113     -0.968      0.000
  -1   -2      1.120     -1.013      0.000
  -1  450      1.126      0.715      0.000
 483   -2      1.141     -0.771      0.000
 472  462      1.142     -1.172      0.000
 466  470      1.143     -0.546      0.000
 464  472      1.155     -1.072      0.000
 468  473      1.157      1.028      0.000
 469  474      1.162      0.878      0.000
 470   -2      1.163     -0.245      0.000
 471  475      1.171      0.960      0.000
 479  464      1.177     -0.064      0.000
 473  477      1.194      0.282      0.000
  -1  479      1.195     -0.362      0.000
 474  480      1.205     -0.488      0.000
 475  481      1.218      0.560      0.000
 478  482      1.229      0.386      0.000
 476  483      1.229     -0.556      0.000
 477  484      1.233      0.993      0.000
  -1  498      1.235      0.007      0.000
 480  486      1.256     -0.495      0.000
  -1   -2      1.262      0.923      0.000
 485  488      1.287     -0.468      0.000
 482   -2      1.305     -0.950      0.000
 487  490      1.307     -0.549      0.000
 484  500      1.333     -1.165      0.000
  -1   -2      1.340      0.291      0.000
 489  493      1.341      0.176      0.000
 488  494      1.343     -1.057      0.000
  -1   -2      1.347      0.104      0.000
 491  495      1.367     -0.914      0.000
 492  496      1.375      1.085      0.000
 493  497      1.376     -0.221      0.000
 494  499      1.380     -0.323      0.000
 495  503      1.384     -0.972      0.000
 496  501      1.386      0.238      0.000
 497  502      1.389      0.510      0.000
  -1  504      1.396     -0.445      0.000
 499  505      1.399     -0.381      0.000
 500  506      1.409     -0.920      0.000
 503  507      1.424      0.578      0.000
 505  510      1.451     -1.072      0.000
 507  509      1.451      0.269      0.000
 508  511      1.453      0.809      0.000
 506   -2      1.455     -1.032      0.000
 509  512      1.475     -0.721      0.000
 510  513      1.480     -0.040      0.000
  -1   -2      1.483     -1.078      0.000
 530   -2      1.484      0.871      0.000
 512  514      1.487     -0.188      0.000
 513  515      1.493      0.420      0.000
 516  516      1.502      0.075      0.000
 517  518      1.527      0.692      0.000
 519  519      1.530      1.072      0.000
 520  520      1.530      0.570      0.000
 502   -2      1.530     -1.167      0.000
 522  522      1.538     -0.586      0.000
 523  523      1.544      0.372      0.000
  -1  524      1.548      0.105      0.000
 525   -2      1.548      0.022      0.000
  -1  526      1.548     -1.007      0.000
 526  525      1.548     -0.891      0.000
 529  527      1.559     -0.788      0.000
 531  528      1.565      1.115      0.000
 532  529      1.568      0.441      0.000
