534
  -1    1     -1.571     -0.163      0.000
   0    0     -1.569     -0.842      0.000
   1    2     -1.561      0.243      0.000
   2   -2     -1.555      0.363      0.000
  -1    3     -1.553      0.897      0.000
   3    4     -1.547      0.310      0.000
   4   11     -1.541     -1.168      0.000
   5    5     -1.539      0.592      0.000
   6    6     -1.535      0.460      0.000
   7    7     -1.523      0.732      0.000
   8    8     -1.521     -0.338      0.000
   9    9     -1.518      0.169      0.000
  12   -2     -1.498     -1.131      0.000
  -1   -2     -1.495     -0.105      0.000
  14   14     -1.482      0.377      0.000
  15   17     -1.466     -0.396      0.000
  17   16     -1.465      1.092      0.000
  18   18     -1.457     -0.675      0.000
  19   19     -1.456      0.317      0.000
  20   20     -1.454      0.780      0.000
  22   22     -1.431      0.829      0.000
  24   24     -1.430     -0.435      0.000
  10   41     -1.426     -1.047      0.000
  26   26     -1.425      0.702      0.000
  29   28     -1.412      0.666      0.000
  -1   -2     -1.402      0.607      0.000
  30   23     -1.402     -1.169      0.000
  31   30     -1.394     -0.013      0.000
  33   29     -1.391     -0.587      0.000
  -1   -2     -1.386     -0.539      0.000
  34   32     -1.384      0.182      0.000
  27   -2     -1.366     -0.922      0.000
  -1   -2     -1.361     -0.245      0.000
  -1   -2     -1.358     -0.758      0.000
  43   -2     -1.346     -1.168      0.000
  37   36     -1.345      0.601      0.000
  -1   34     -1.345      1.178      0.000
  38   37     -1.344     -0.376      0.000
  39   35     -1.344     -0.961      0.000
  -1   38     -1.336      0.425      0.000
  40   39     -1.332      0.991      0.000
  -1   -2     -1.318      0.822      0.000
  41   -2     -1.315     -1.103      0.000
  -1   -2     -1.311      1.146      0.000
  -1   52     -1.306     -0.473      0.000
  42   43     -1.305      0.551      0.000
  -1   -2     -1.297     -1.064      0.000
  44   -2     -1.296     -0.877      0.000
  -1   42     -1.285      1.099      0.000
  45   47     -1.281     -0.677      0.000
  -1   49     -1.279     -0.571      0.000
  46   51     -1.278     -0.138      0.000
  -1   50     -1.277     -0.901      0.000
  50   -2     -1.245      1.049      0.000
  51   53     -1.245     -1.042      0.000
  52   54     -1.232      0.877      0.000
  67   45     -1.227     -0.887      0.000
  55   56     -1.217     -0.686      0.000
  -1   57     -1.217      0.768      0.000
  -1   55     -1.213     -0.822      0.000
  57   59     -1.209      0.425      0.000
  59   61     -1.195     -0.377      0.000
  -1   -2     -1.190      0.460      0.000
  60   64     -1.183     -0.596      0.000
  62   65     -1.174     -0.115      0.000
  64   66     -1.168      1.057      0.000
  56   67     -1.163      0.682      0.000
  65   68     -1.161      1.084      0.000
  66   -2     -1.161     -0.879      0.000
  -1   70     -1.159     -0.916      0.000
  68   74     -1.147      0.417      0.000
  69   73     -1.146     -0.396      0.000
  -1   72     -1.144     -1.139      0.000
  70   75     -1.136     -0.301      0.000
  71   69     -1.133     -0.808      0.000
  72   76     -1.129     -1.169      0.000
  74   77     -1.121     -0.506      0.000
  73   79     -1.120      0.497      0.000
  75   80     -1.114      1.082      0.000
  76   81     -1.107     -0.169      0.000
  77   82     -1.105      0.200      0.000
  78   83     -1.099      0.406      0.000
  79   84     -1.095      0.832      0.000
  -1   86     -1.084      0.601      0.000
  -1   87     -1.078     -1.069      0.000
  81   89     -1.078     -0.231      0.000
  80   -2     -1.076     -0.186      0.000
  82   88     -1.072     -1.106      0.000
  83   90     -1.065      0.351      0.000
  84   91     -1.053     -0.765      0.000
  85   93     -1.047     -0.449      0.000
  -1   92     -1.045      0.442      0.000
  88   94     -1.017      0.935      0.000
  89   95     -1.016     -0.896      0.000
  90   98     -1.008      0.794      0.000
  91  101     -1.002      0.313      0.000
  94   99     -1.001     -1.096      0.000
  93  100     -1.001      1.052      0.000
  -1   -2     -0.988     -0.434      0.000
  96  103     -0.983      0.581      0.000
  -1  106     -0.973     -0.962      0.000
  99   -2     -0.935     -0.969      0.000
  98  108     -0.931     -0.135      0.000
 104   -2     -0.915      0.477      0.000
 103  112     -0.914     -0.215      0.000
  -1  107     -0.911     -0.047      0.000
  -1  118     -0.910      0.335      0.000
  -1   -2     -0.908      0.450      0.000
 105  115     -0.908     -0.007      0.000
 106  114     -0.907      1.101      0.000
 108  116     -0.898     -0.444      0.000
 109  117     -0.894     -0.619      0.000
 120  105     -0.893     -1.162      0.000
 110  120     -0.888      0.261      0.000
 111  119     -0.885     -0.754      0.000
 112   -2     -0.875      0.315      0.000
 113   -2     -0.874      0.395      0.000
 114  122     -0.874     -0.702      0.000
  -1  110     -0.873      0.617      0.000
 100  127     -0.872      0.738      0.000
 115  126     -0.848     -0.053      0.000
 117  125     -0.841     -1.106      0.000
 118  129     -0.836      0.039      0.000
 116   -2     -0.835      0.380      0.000
 119   -2     -0.832      0.814      0.000
 121  128     -0.829      1.047      0.000
 122  131     -0.822      1.094      0.000
 123   -2     -0.818     -0.385      0.000
 124  132     -0.811     -0.440      0.000
 126  133     -0.808      0.880      0.000
 125  135     -0.806      0.140      0.000
 127  136     -0.802      0.991      0.000
 128  137     -0.801     -0.755      0.000
 135  113     -0.797      0.632      0.000
 129  138     -0.796     -0.143      0.000
 130   -2     -0.784     -0.343      0.000
 131  140     -0.778     -1.107      0.000
 157  124     -0.771      0.511      0.000
 132  141     -0.766     -0.097      0.000
 140  130     -0.750     -0.925      0.000
  -1   -2     -0.745      0.968      0.000
 133  146     -0.743      0.066      0.000
  -1  147     -0.739     -0.571      0.000
  -1  148     -0.736      0.217      0.000
  -1  149     -0.733     -0.963      0.000
  -1  150     -0.731     -0.544      0.000
 137  151     -0.724     -1.009      0.000
 142   -2     -0.712     -0.676      0.000
 141  145     -0.712     -1.170      0.000
 143  154     -0.708     -0.629      0.000
  -1   -2     -0.705      1.097      0.000
 146   -2     -0.696      0.991      0.000
 144  155     -0.696     -0.293      0.000
 145   -2     -0.694     -0.551      0.000
 147  156     -0.691      1.044      0.000
  -1   -2     -0.680     -1.125      0.000
  -1  160     -0.662     -0.265      0.000
  -1   -2     -0.658     -0.217      0.000
 149  161     -0.654      0.049      0.000
 151  162     -0.645     -0.746      0.000
 136   -2     -0.644     -0.493      0.000
  -1   -2     -0.639      1.123      0.000
 154  165     -0.637      0.875      0.000
 153   -2     -0.636      0.335      0.000
 155  166     -0.634      0.837      0.000
  -1  164     -0.634     -1.108      0.000
 156  169     -0.626     -1.061      0.000
 162  170     -0.617      0.259      0.000
 161   -2     -0.615     -0.984      0.000
 163  171     -0.607     -0.219      0.000
 164  173     -0.604      0.460      0.000
 165  172     -0.602     -0.748      0.000
 166   -2     -0.596      0.518      0.000
 167  174     -0.591     -0.485      0.000
 168  175     -0.579      0.644      0.000
 169  176     -0.573      0.082      0.000
 171  177     -0.566      1.018      0.000
 170  178     -0.565      0.182      0.000
 172  179     -0.555     -0.949      0.000
 173   -2     -0.551     -1.174      0.000
 174  180     -0.544     -0.038      0.000
 175   -2     -0.540     -1.093      0.000
 176  181     -0.529      1.142      0.000
 177  182     -0.525     -0.114      0.000
 178  184     -0.509      0.126      0.000
 179  187     -0.506     -0.262      0.000
 180  185     -0.505     -0.641      0.000
  -1  186     -0.504      0.929      0.000
 184  183     -0.500     -1.170      0.000
 182  189     -0.493      0.428      0.000
  -1   -2     -0.493      0.840      0.000
  -1  191     -0.467     -0.728      0.000
 185  192     -0.455      0.304      0.000
 196  188     -0.448      0.483      0.000
 186  197     -0.447     -0.162      0.000
  -1  195     -0.445     -0.476      0.000
 187  196     -0.443      0.707      0.000
 188  194     -0.443     -0.905      0.000
  -1  205     -0.440     -1.160      0.000
 189  198     -0.439     -0.794      0.000
 190  200     -0.428     -0.561      0.000
  -1   -2     -0.426     -1.008      0.000
 191  201     -0.425     -0.261      0.000
 192  202     -0.424      1.159      0.000
 193  203     -0.417     -0.227      0.000
 194  204     -0.411      0.680      0.000
 195  207     -0.404      1.009      0.000
 197  206     -0.398     -0.619      0.000
 199  208     -0.382     -0.905      0.000
 200  209     -0.380      0.851      0.000
 181  244     -0.377      1.000      0.000
 203  210     -0.373      0.930      0.000
 202  211     -0.370      0.816      0.000
  -1  213     -0.355     -1.164      0.000
 205  214     -0.353      0.288      0.000
 206  215     -0.352     -0.525      0.000
 207  216     -0.351      0.184      0.000
  -1  227     -0.348      0.101      0.000
 213   -2     -0.348      0.495      0.000
  -1   -2     -0.346     -1.012      0.000
 208   -2     -0.333      0.263      0.000
 209  218     -0.328      0.739      0.000
 210  219     -0.320     -0.163      0.000
 211   -2     -0.314     -0.692      0.000
 212  221     -0.311     -0.867      0.000
  -1  223     -0.301      0.383      0.000
 214  224     -0.293     -0.919      0.000
 215  226     -0.285     -0.357      0.000
 216   -2     -0.276      0.119      0.000
 217  231     -0.272     -1.166      0.000
  -1  228     -0.271      0.687      0.000
 218  229     -0.263     -0.611      0.000
 219  230     -0.261     -1.001      0.000
 220  232     -0.254     -1.117      0.000
  -1  233     -0.239      0.017      0.000
 223   -2     -0.234     -1.082      0.000
 222  235     -0.232      0.649      0.000
  -1  236     -0.227     -0.193      0.000
  -1   -2     -0.219      0.983      0.000
  -1  240     -0.213     -0.104      0.000
 224  239     -0.208      0.074      0.000
  -1   -2     -0.207     -0.477      0.000
 221   -2     -0.205     -0.728      0.000
  -1   -2     -0.205     -0.039      0.000
 226  241     -0.202     -0.448      0.000
  -1   -2     -0.197     -0.507      0.000
 228  243     -0.190     -1.068      0.000
 229  245     -0.182      1.148      0.000
 248  234     -0.180     -1.117      0.000
 227  247     -0.172     -0.209      0.000
 230   -2     -0.170     -0.156      0.000
 239   -2     -0.168     -0.697      0.000
 233  249     -0.154      0.438      0.000
 232  248     -0.152     -0.589      0.000
 234  251     -0.141     -0.067      0.000
 235  252     -0.134      0.561      0.000
 237  253     -0.132     -0.936      0.000
  -1  262     -0.131     -0.278      0.000
 238  255     -0.127      0.300      0.000
 240  257     -0.106      0.210      0.000
 241  258     -0.101     -0.132      0.000
  -1   -2     -0.089      0.625      0.000
 243  264     -0.085     -0.556      0.000
 244   -2     -0.083     -0.281      0.000
 246  261     -0.083      1.045      0.000
 245  263     -0.082      0.317      0.000
 249  265     -0.075     -1.001      0.000
 250  266     -0.070      1.158      0.000
 251  267     -0.067      0.526      0.000
  -1  271     -0.062     -1.172      0.000
 252  268     -0.060      0.003      0.000
 253  269     -0.043     -0.361      0.000
 255  270     -0.038      1.106      0.000
  -1   -2     -0.037      0.854      0.000
  -1  286     -0.025     -0.778      0.000
 256   -2     -0.025     -0.411      0.000
 247   -2     -0.017     -0.107      0.000
 258  273     -0.012      0.283      0.000
 259  274     -0.010      0.510      0.000
  -1  275      0.004      0.115      0.000
 261   -2      0.006     -1.024      0.000
 260  277      0.006      0.332      0.000
 262  279      0.009      0.046      0.000
 263  278      0.011      0.882      0.000
 265  281      0.018     -1.120      0.000
 270  276      0.035     -1.043      0.000
 268  284      0.035      0.303      0.000
 269  285      0.044     -0.036      0.000
 264  288      0.055      0.806      0.000
 271  287      0.055      0.584      0.000
 273  289      0.065     -0.980      0.000
 266   -2      0.067     -0.920      0.000
 274  291      0.073     -0.821      0.000
 275  290      0.073      0.531      0.000
 276  292      0.085      0.140      0.000
 277  295      0.090     -0.627      0.000
 280  297      0.097      0.102      0.000
 281  296      0.098      1.101      0.000
  -1  298      0.100     -0.039      0.000
 282  299      0.102      0.404      0.000
 278  293      0.106     -1.160      0.000
  -1   -2      0.137      0.782      0.000
 283   -2      0.138     -0.953      0.000
 288  304      0.140     -0.511      0.000
 285  303      0.141      0.752      0.000
 293   -2      0.144     -0.411      0.000
  -1  305      0.150      0.603      0.000
 289  307      0.161      0.942      0.000
 290  308      0.176      0.326      0.000
  -1  301      0.182     -1.002      0.000
 292  310      0.192     -1.099      0.000
  -1   -2      0.199     -0.394      0.000
  -1  306      0.200     -1.173      0.000
 294  311      0.210      1.153      0.000
 299  312      0.211      0.972      0.000
  -1   -2      0.213      0.867      0.000
  -1   -2      0.213     -1.130      0.000
 295  313      0.215     -0.914      0.000
 296  314      0.218      0.031      0.000
 298  316      0.225     -0.493      0.000
 300  317      0.230     -0.787      0.000
 301  318      0.243     -0.124      0.000
 302   -2      0.246     -1.020      0.000
 291  319      0.260     -0.574      0.000
 303  320      0.264      0.871      0.000
 304  321      0.268     -0.316      0.000
 305  322      0.279      1.083      0.000
 306  324      0.286      1.009      0.000
 307  325      0.288      0.221      0.000
  -1  323      0.289      0.650      0.000
 308   -2      0.295     -0.617      0.000
  -1   -2      0.298      0.153      0.000
 309   -2      0.303     -0.917      0.000
  -1  326      0.305      0.123      0.000
 297   -2      0.319      0.521      0.000
 310  329      0.327     -0.283      0.000
 311  328      0.331     -1.136      0.000
  -1  331      0.332     -0.329      0.000
  -1  330      0.332     -0.165      0.000
 312  332      0.335      0.055      0.000
  -1   -2      0.342     -0.134      0.000
 313  333      0.343      0.923      0.000
 314  336      0.364     -1.097      0.000
 315  337      0.372     -0.355      0.000
  -1  327      0.377      0.570      0.000
 316  339      0.377     -1.165      0.000
 318  338      0.382     -0.728      0.000
 320  341      0.392      1.028      0.000
  -1   -2      0.396      0.592      0.000
 321  342      0.399      0.055      0.000
 322  343      0.410     -0.361      0.000
 323   -2      0.414      0.267      0.000
 324  345      0.417     -0.410      0.000
 325  346      0.420     -1.036      0.000
 319   -2      0.421     -0.950      0.000
 327   -2      0.424      0.154      0.000
 328  348      0.426     -0.811      0.000
  -1   -2      0.435      0.804      0.000
  -1  354      0.439     -0.602      0.000
 329  349      0.449      1.131      0.000
 326  350      0.451     -0.924      0.000
 331   -2      0.460     -0.546      0.000
 332  351      0.461      0.004      0.000
  -1  352      0.469     -0.502      0.000
 334  355      0.482     -0.385      0.000
 336  357      0.495      0.558      0.000
 333   -2      0.497      0.670      0.000
 317   -2      0.498      0.503      0.000
 339  359      0.502     -0.730      0.000
  -1  347      0.504      0.194      0.000
 355  344      0.504      0.286      0.000
 341  361      0.509     -0.956      0.000
  -1  379      0.517     -1.170      0.000
 348  367      0.518     -0.023      0.000
 342  363      0.520     -0.567      0.000
 346  364      0.525      0.821      0.000
 349  366      0.540      0.692      0.000
 350  365      0.544     -0.849      0.000
 353  369      0.566     -0.901      0.000
 352   -2      0.569      0.643      0.000
 354  370      0.569     -0.526      0.000
 359  372      0.598      0.957      0.000
 358  371      0.599      0.831      0.000
 360  373      0.606     -0.036      0.000
  -1  374      0.608     -0.940      0.000
 361  375      0.618     -0.697      0.000
  -1  382      0.624     -1.062      0.000
 362  377      0.625      0.457      0.000
 364  378      0.628      0.494      0.000
 363  376      0.634     -1.091      0.000
 356   -2      0.635      0.744      0.000
 365   -2      0.637      0.081      0.000
 367  380      0.639     -0.793      0.000
 351  393      0.647     -1.167      0.000
 369  381      0.649     -0.640      0.000
  -1  383      0.654     -0.745      0.000
 370  384      0.665      1.103      0.000
 375  390      0.678      0.867      0.000
 376  385      0.681     -0.148      0.000
 377  387      0.682     -0.991      0.000
 378  388      0.683     -0.444      0.000
 379  386      0.684      0.445      0.000
 380  389      0.687      0.787      0.000
 381   -2      0.704     -0.171      0.000
 382  392      0.712     -0.828      0.000
 373  400      0.713     -1.101      0.000
 384  394      0.716      1.111      0.000
 387  397      0.734     -1.046      0.000
 406   -2      0.734     -0.667      0.000
 389  396      0.736     -0.003      0.000
 391  399      0.750     -0.355      0.000
 392   -2      0.765     -1.089      0.000
 390   -2      0.771      1.109      0.000
 371   -2      0.775      0.235      0.000
 394  404      0.781     -0.619      0.000
 395  406      0.787     -1.043      0.000
 396  402      0.791      0.270      0.000
 415   -2      0.799     -0.981      0.000
 400  409      0.825      0.359      0.000
 401  408      0.826      0.593      0.000
 402  410      0.827      0.312      0.000
 399   -2      0.830     -0.077      0.000
 404  415      0.847     -1.057      0.000
 405  418      0.856     -1.151      0.000
  -1  424      0.859      1.025      0.000
 408   -2      0.860     -0.534      0.000
 409  419      0.864     -1.074      0.000
 407  417      0.867      1.171      0.000
 410  420      0.869      0.847      0.000
 411  421      0.878     -0.046      0.000
 414  423      0.895      0.082      0.000
 413  422      0.895     -0.660      0.000
  -1  427      0.897     -0.203      0.000
 417   -2      0.911      1.032      0.000
  -1  425      0.912      1.075      0.000
 418  426      0.915     -0.264      0.000
 420  428      0.927     -0.454      0.000
 419  430      0.927      1.130      0.000
  -1  431      0.928     -0.803      0.000
  -1   -2      0.928     -0.156      0.000
 421  429      0.930      0.149      0.000
 422  432      0.933     -1.076      0.000
 423  433      0.937      0.725      0.000
 424  434      0.939      0.667      0.000
 425  435      0.941      0.618      0.000
 430   -2      0.943      0.488      0.000
 426  436      0.946     -0.545      0.000
 428  437      0.950      0.398      0.000
  -1   -2      0.964      0.149      0.000
 431  438      0.970     -1.129      0.000
 433   -2      0.979     -0.618      0.000
 435  440      0.984     -0.231      0.000
 434  441      0.987      0.215      0.000
  -1  443      0.998     -0.313      0.000
 436   -2      1.000      0.361      0.000
 437  444      1.007     -0.164      0.000
 439  445      1.017      0.501      0.000
 438  446      1.018     -0.840      0.000
 441  448      1.037     -0.607      0.000
 440  447      1.039      0.437      0.000
 442  449      1.047     -0.255      0.000
 444  450      1.057     -0.049      0.000
 448  460      1.058      0.739      0.000
  -1   -2      1.063      0.695      0.000
 445  453      1.064     -0.347      0.000
  -1   -2      1.064     -1.176      0.000
 446  455      1.070     -0.719      0.000
  -1  456      1.077      0.639      0.000
  -1   -2      1.083     -0.111      0.000
  -1  458      1.097      0.953      0.000
 449   -2      1.101      0.819      0.000
 451  459      1.102     -0.022      0.000
 450  461      1.103      1.024      0.000
  -1  463      1.107     -0.675      0.000
 453  462      1.109      0.701      0.000
 456  464      1.109      0.277      0.000
 454  465      1.111     -1.004      0.000
  -1   -2      1.128      0.575      0.000
  -1  471      1.136     -1.168      0.000
 457  469      1.144      1.024      0.000
 459  468      1.145      0.085      0.000
 462  454      1.150     -1.111      0.000
 460  470      1.152     -0.810      0.000
 461  472      1.174     -0.581      0.000
 464   -2      1.222     -0.282      0.000
  -1  466      1.237      0.002      0.000
 468  475      1.238     -0.402      0.000
 467  476      1.238     -0.534      0.000
  -1   -2      1.247     -0.089      0.000
 475  473      1.251     -0.216      0.000
 472  478      1.266      1.006      0.000
  -1  477      1.287     -0.684      0.000
 471  483      1.288     -1.169      0.000
 474   -2      1.293     -0.493      0.000
 473  482      1.307      0.393      0.000
 478  481      1.311     -1.012      0.000
 480  484      1.319     -0.525      0.000
 481  485      1.332     -0.610      0.000
 482   -2      1.342     -1.124      0.000
 483  486      1.362      0.440      0.000
  -1  487      1.363     -0.770      0.000
 486  489      1.372     -0.986      0.000
 485  490      1.387     -1.044      0.000
 487  491      1.396      1.124      0.000
  -1  493      1.409      0.144      0.000
 488  492      1.409      0.168      0.000
  -1  494      1.411      0.088      0.000
  -1  495      1.412     -0.996      0.000
 489  497      1.417     -0.381      0.000
 490  496      1.419     -0.269      0.000
 491  499      1.426     -0.509      0.000
 492  500      1.429     -0.445      0.000
 494  502      1.450      0.237      0.000
 496  503      1.453      0.542      0.000
 495  504      1.453     -1.108      0.000
  -1   -2      1.465      0.662      0.000
  -1  506      1.469     -0.210      0.000
  -1  507      1.472     -1.169      0.000
 500  509      1.485     -0.806      0.000
 501  510      1.485     -1.079      0.000
  -1  508      1.487      0.617      0.000
 504  511      1.503      0.862      0.000
 505  512      1.507      0.279      0.000
 506   -2      1.520     -0.299      0.000
 507  514      1.521     -0.235      0.000
 508  513      1.521     -0.072      0.000
 513  519      1.544     -0.668      0.000
  -1   -2      1.545     -0.263      0.000
 509  515      1.549      0.060      0.000
 510  516      1.550      0.451      0.000
 512  517      1.554      1.135      0.000
 511  518      1.554     -1.095      0.000
 514  520      1.555     -0.981      0.000
 515  521      1.568     -0.879      0.000
