533
   0    1     -1.572     -0.465      0.000
  -1   -2     -1.571     -0.174      0.000
   2    2     -1.570      0.462      0.000
   3    3     -1.567      0.880      0.000
  -1    4     -1.566      1.054      0.000
   4   -2     -1.564      0.666      0.000
   5    7     -1.552      0.382      0.000
   6    5     -1.550     -0.999      0.000
   7    8     -1.532      0.054      0.000
   1   25     -1.527     -1.173      0.000
   8    9     -1.520     -0.523      0.000
  27    6     -1.502     -0.716      0.000
  10   -2     -1.500     -0.989      0.000
  11   13     -1.499      0.007      0.000
  13   14     -1.494     -0.046      0.000
  14   16     -1.493      0.208      0.000
  15   15     -1.492      0.920      0.000
  16   18     -1.481      0.833      0.000
  17   19     -1.481     -0.561      0.000
  19   20     -1.477      0.793      0.000
  21   21     -1.465      0.970      0.000
  28   12     -1.464     -0.962      0.000
  22   22     -1.464     -0.821      0.000
  24   24     -1.451     -1.107      0.000
  25   -2     -1.448     -0.058      0.000
  -1   23     -1.448      0.504      0.000
  -1   26     -1.431      0.710      0.000
  -1   28     -1.421      0.879      0.000
  26   29     -1.417     -0.477      0.000
  30   -2     -1.404      0.644      0.000
  32   32     -1.397      0.828      0.000
  31   31     -1.396     -0.191      0.000
  -1   -2     -1.381     -1.167      0.000
  -1   36     -1.364     -0.579      0.000
  -1   37     -1.359      0.937      0.000
  34   33     -1.342      0.491      0.000
  35   34     -1.333      1.110      0.000
  -1   35     -1.329     -1.056      0.000
  -1   -2     -1.320      0.935      0.000
  37   38     -1.319     -0.680      0.000
  38   41     -1.312     -0.154      0.000
  39   45     -1.300      0.753      0.000
  42   43     -1.298     -1.093      0.000
  41   44     -1.298     -0.790      0.000
  43   47     -1.288     -0.453      0.000
  44   48     -1.287      0.471      0.000
  45   49     -1.279      0.861      0.000
  46   51     -1.273     -1.000      0.000
  -1   -2     -1.265     -0.759      0.000
  48   52     -1.264      0.976      0.000
  50   55     -1.252     -0.360      0.000
  51   54     -1.252      0.558      0.000
  52   57     -1.251      0.761      0.000
  55   -2     -1.249     -1.022      0.000
  53   58     -1.248     -0.209      0.000
  54   60     -1.247      0.452      0.000
  56   61     -1.241     -0.465      0.000
  58   63     -1.232      1.151      0.000
  49   -2     -1.228     -0.692      0.000
  59   64     -1.221      0.385      0.000
  60   -2     -1.217     -0.224      0.000
  61   65     -1.212     -0.269      0.000
  66   66     -1.208     -0.486      0.000
  64   67     -1.202     -0.999      0.000
  65   69     -1.198      0.658      0.000
  67   68     -1.195     -1.162      0.000
  68   71     -1.171      0.340      0.000
  70   72     -1.153      1.124      0.000
  71   73     -1.149      0.901      0.000
  74   75     -1.141     -0.978      0.000
  73   76     -1.140     -0.506      0.000
  75   77     -1.130     -1.016      0.000
  -1   -2     -1.118      0.542      0.000
  76   78     -1.107      0.618      0.000
  77   79     -1.099      1.154      0.000
  78   80     -1.095     -0.152      0.000
  -1   81     -1.094     -1.174      0.000
  79   83     -1.087     -0.016      0.000
  80   82     -1.083      0.348      0.000
  -1   -2     -1.076      0.840      0.000
  81   86     -1.072     -0.039      0.000
  84   85     -1.071     -0.832      0.000
  82   87     -1.069     -0.235      0.000
  83   88     -1.064      0.271      0.000
  89   89     -1.059     -1.144      0.000
  86   92     -1.052      0.330      0.000
  85   -2     -1.050      0.441      0.000
  87   91     -1.048      0.986      0.000
  88   94     -1.042      0.407      0.000
  -1   93     -1.041     -1.070      0.000
  -1   95     -1.035      0.794      0.000
  90   96     -1.028      0.726      0.000
  91   97     -1.024     -0.059      0.000
  92   98     -1.017      0.038      0.000
  -1   -2     -1.015     -0.238      0.000
  94  102     -1.010      0.391      0.000
 116   -2     -1.008     -1.165      0.000
  95  101     -1.007     -0.472      0.000
  -1  108     -1.006     -0.667      0.000
  96  100     -1.004     -0.967      0.000
  97  103     -1.000      1.097      0.000
  98  104     -0.991      0.140      0.000
  99  105     -0.968      0.753      0.000
 101  107     -0.964     -0.147      0.000
 102   -2     -0.959     -0.652      0.000
 104   -2     -0.950     -1.030      0.000
  -1  121     -0.949     -1.104      0.000
 105  112     -0.941     -0.099      0.000
 107  111     -0.938     -1.168      0.000
 108  113     -0.927     -0.453      0.000
 109  115     -0.922     -0.734      0.000
 111  116     -0.918     -0.788      0.000
 113  118     -0.908     -1.021      0.000
 112  119     -0.907      0.821      0.000
 114   -2     -0.904     -1.092      0.000
 115  120     -0.900      1.126      0.000
  -1   -2     -0.872     -0.614      0.000
  -1  122     -0.869      0.880      0.000
 129  123     -0.857     -1.170      0.000
 120  127     -0.844     -0.286      0.000
 121  125     -0.843     -0.771      0.000
 122  126     -0.842      1.053      0.000
 126  128     -0.838      0.736      0.000
 125  129     -0.837      0.987      0.000
 123  130     -0.837      0.049      0.000
 127  139     -0.831      0.833      0.000
 128  132     -0.828     -0.541      0.000
 110   -2     -0.827      0.693      0.000
  -1  136     -0.826      0.376      0.000
 130  134     -0.822      1.095      0.000
 131  135     -0.816     -0.253      0.000
 132   -2     -0.808      0.320      0.000
 117  168     -0.806     -0.938      0.000
  -1   -2     -0.801      0.282      0.000
 136  140     -0.794      0.246      0.000
 137   -2     -0.792      0.841      0.000
 138  141     -0.784     -0.394      0.000
  -1  142     -0.783      0.951      0.000
 140  143     -0.780     -0.671      0.000
 141  144     -0.766     -0.206      0.000
 142  146     -0.761      0.433      0.000
 144  147     -0.755     -0.942      0.000
 143  149     -0.754     -0.470      0.000
 151  148     -0.753     -1.157      0.000
 145  150     -0.749      0.080      0.000
 147  153     -0.742      0.173      0.000
  -1  151     -0.740     -1.047      0.000
  -1  154     -0.738      0.958      0.000
 149  155     -0.728     -0.967      0.000
 150  159     -0.716     -0.030      0.000
 152  158     -0.715     -0.250      0.000
 139  172     -0.714      1.012      0.000
 154  160     -0.710      0.822      0.000
 155  161     -0.707     -1.013      0.000
 156  162     -0.704     -0.458      0.000
 157  164     -0.700      0.601      0.000
 158  163     -0.699     -0.725      0.000
 159  165     -0.689     -0.098      0.000
 160  166     -0.678     -1.175      0.000
  -1   -2     -0.673     -0.873      0.000
 161  169     -0.659     -0.717      0.000
 162  170     -0.654     -0.232      0.000
 164   -2     -0.653      1.000      0.000
 166  171     -0.649      1.177      0.000
 165  173     -0.646      0.389      0.000
 167   -2     -0.645      1.074      0.000
 170   -2     -0.633     -0.971      0.000
 169  175     -0.619      0.276      0.000
  -1  174     -0.614     -0.955      0.000
 172  176     -0.606     -1.037      0.000
 171  178     -0.604     -0.140      0.000
 178   -2     -0.603     -1.084      0.000
 173  177     -0.603      0.954      0.000
 174   -2     -0.589      0.255      0.000
 176  179     -0.589     -0.590      0.000
  -1  180     -0.569     -0.916      0.000
 177   -2     -0.566     -0.222      0.000
 179  181     -0.564      0.851      0.000
 180  182     -0.563     -0.190      0.000
 181  184     -0.549      0.629      0.000
 183  186     -0.534      1.061      0.000
 185  188     -0.527     -0.497      0.000
 186  189     -0.518      0.602      0.000
 187  192     -0.514      0.251      0.000
  -1  191     -0.513      0.552      0.000
 188  190     -0.511     -1.174      0.000
 191  193     -0.492     -0.718      0.000
 190  194     -0.490     -0.546      0.000
 189   -2     -0.489      0.254      0.000
  -1  201     -0.475      0.432      0.000
 192  195     -0.470     -0.827      0.000
 196   -2     -0.465     -1.107      0.000
 193  197     -0.463     -0.610      0.000
 195  199     -0.450     -0.448      0.000
 197  200     -0.449      0.713      0.000
 198   -2     -0.432      0.330      0.000
 199  203     -0.429      0.817      0.000
 201  202     -0.428      1.046      0.000
 200  205     -0.427      0.888      0.000
 202  206     -0.417      0.638      0.000
 203  208     -0.415      0.110      0.000
 204  216     -0.412     -1.159      0.000
 205  207     -0.411     -0.811      0.000
  -1  209     -0.401      0.793      0.000
 206  210     -0.398     -0.289      0.000
 208  212     -0.370      0.611      0.000
 209  213     -0.361      0.581      0.000
  -1   -2     -0.354      0.413      0.000
 210  217     -0.349     -0.754      0.000
 211  218     -0.343     -0.513      0.000
 213  219     -0.334      1.051      0.000
 217  220     -0.323     -0.797      0.000
 218  221     -0.322      0.544      0.000
  -1  224     -0.299     -0.675      0.000
 225   -2     -0.288      0.801      0.000
  -1  225     -0.285     -0.381      0.000
 212   -2     -0.282     -1.028      0.000
 222  226     -0.274     -0.869      0.000
 221  227     -0.273     -0.114      0.000
 219  230     -0.255     -1.169      0.000
 224  231     -0.252      0.288      0.000
 226  232     -0.248     -0.980      0.000
  -1  233     -0.244      0.363      0.000
 227  234     -0.242     -0.037      0.000
 238  236     -0.222     -0.471      0.000
 230  235     -0.221     -1.091      0.000
 231  237     -0.220     -0.568      0.000
 233  238     -0.215     -0.210      0.000
 234  240     -0.214      0.458      0.000
  -1  239     -0.210     -1.051      0.000
 236  241     -0.198      0.180      0.000
 237   -2     -0.191     -0.090      0.000
  -1  244     -0.189     -1.070      0.000
 239  245     -0.179      1.018      0.000
 242  247     -0.165     -0.204      0.000
 241  248     -0.163      0.264      0.000
  -1   -2     -0.155     -0.339      0.000
  -1  255     -0.155     -0.596      0.000
 243  249     -0.154     -0.776      0.000
 245  250     -0.144     -0.435      0.000
  -1   -2     -0.142     -1.120      0.000
 246  251     -0.140      0.017      0.000
 247  252     -0.133      0.427      0.000
  -1  253     -0.124     -1.070      0.000
 248  254     -0.122      1.017      0.000
 249  258     -0.114     -0.268      0.000
  -1   -2     -0.105     -0.888      0.000
 250  256     -0.099      0.859      0.000
 251  257     -0.090     -0.829      0.000
 252  260     -0.086     -1.131      0.000
 254   -2     -0.086     -1.169      0.000
 253   -2     -0.084     -0.307      0.000
 255  259     -0.078     -1.087      0.000
 256  262     -0.075      0.241      0.000
 257  261     -0.072      0.964      0.000
 260  263     -0.067     -0.999      0.000
 258   -2     -0.060      0.408      0.000
  -1   -2     -0.057      1.072      0.000
 259  265     -0.052      0.052      0.000
  -1  268     -0.046      0.273      0.000
  -1  269     -0.042      0.909      0.000
 262   -2     -0.019      0.897      0.000
 263   -2     -0.014      0.412      0.000
 264   -2     -0.013      0.248      0.000
 266  271     -0.008      0.710      0.000
 265  272     -0.004     -0.023      0.000
 267   -2      0.011     -0.944      0.000
 269  274      0.033      0.464      0.000
 270  278      0.038     -1.135      0.000
 261  295      0.039      1.096      0.000
 271  276      0.048      0.646      0.000
 274  279      0.054     -0.649      0.000
 275  277      0.057     -0.796      0.000
  -1  273      0.058     -0.973      0.000
 272  282      0.058      0.109      0.000
 273   -2      0.059     -1.085      0.000
  -1  280      0.060      0.869      0.000
 277  283      0.064     -0.011      0.000
  -1   -2      0.065     -0.687      0.000
  -1  284      0.066     -0.479      0.000
  -1   -2      0.076     -0.610      0.000
 279  285      0.077      0.327      0.000
 280  286      0.081     -1.155      0.000
 282   -2      0.092     -0.653      0.000
  -1  287      0.096      0.289      0.000
 283  288      0.096     -0.164      0.000
 284  289      0.104     -1.029      0.000
 285  290      0.105      0.897      0.000
 287  293      0.121     -0.385      0.000
 288  294      0.126     -0.304      0.000
 289  296      0.134     -1.107      0.000
  -1   -2      0.141     -0.450      0.000
 291  298      0.141      0.604      0.000
 292  302      0.146     -0.949      0.000
  -1  303      0.148     -1.171      0.000
  -1  304      0.160     -0.264      0.000
 293  305      0.171      0.758      0.000
 294  306      0.176      0.266      0.000
 295  307      0.180     -0.466      0.000
 296  308      0.185     -0.914      0.000
 297  309      0.194     -0.290      0.000
 299   -2      0.201     -1.174      0.000
 298  310      0.202     -1.129      0.000
  -1  311      0.207     -0.947      0.000
 300  312      0.212     -0.737      0.000
  -1   -2      0.223     -0.177      0.000
 301   -2      0.225      0.041      0.000
 290   -2      0.226     -0.372      0.000
 303  315      0.227      0.950      0.000
 304  316      0.229     -0.624      0.000
  -1   -2      0.230      0.785      0.000
  -1   -2      0.232     -1.010      0.000
 305  317      0.232     -1.148      0.000
 307   -2      0.233     -0.277      0.000
 306  318      0.237      0.399      0.000
 310  321      0.253     -0.079      0.000
 311  314      0.269     -0.442      0.000
 312  322      0.271     -1.105      0.000
 313  323      0.279     -0.233      0.000
 314  325      0.287     -1.174      0.000
  -1  327      0.294     -0.608      0.000
 309  326      0.299      0.696      0.000
 317  328      0.303      0.890      0.000
 337   -2      0.306     -0.757      0.000
 319  330      0.313      0.823      0.000
 320  331      0.318      0.186      0.000
 323  332      0.326      0.518      0.000
 338  313      0.332      0.130      0.000
 324  334      0.341     -1.172      0.000
 325  333      0.344     -1.087      0.000
 326   -2      0.345     -0.033      0.000
 327  335      0.356     -0.212      0.000
 322   -2      0.359     -0.939      0.000
  -1  338      0.365     -0.116      0.000
 328   -2      0.369      0.424      0.000
 332  329      0.370      1.022      0.000
 330  342      0.374     -1.005      0.000
 333  340      0.374      0.056      0.000
 336  341      0.382      0.751      0.000
 342   -2      0.383     -1.175      0.000
  -1  345      0.400     -0.597      0.000
  -1  346      0.406      0.794      0.000
 339  347      0.408     -0.275      0.000
 340  348      0.420     -0.895      0.000
 341  349      0.429      0.849      0.000
 353  343      0.436     -1.153      0.000
 343  351      0.443     -0.681      0.000
 344  352      0.453     -0.284      0.000
 345   -2      0.454      0.051      0.000
  -1   -2      0.456     -1.091      0.000
 346  353      0.458     -0.326      0.000
  -1  355      0.464      0.666      0.000
 347  356      0.474      1.123      0.000
  -1   -2      0.479     -0.912      0.000
 349  357      0.480      0.218      0.000
 348  358      0.480      0.948      0.000
  -1  359      0.480     -1.119      0.000
 350  360      0.485     -0.614      0.000
  -1   -2      0.491      0.771      0.000
 351  361      0.494      0.127      0.000
 352  364      0.494     -0.453      0.000
  -1  363      0.499      0.668      0.000
  -1  365      0.509     -0.418      0.000
 354  374      0.518     -0.769      0.000
 355  366      0.532      0.007      0.000
 356  367      0.532     -0.625      0.000
 357  369      0.533     -0.316      0.000
 358  370      0.538     -1.097      0.000
 359  371      0.550      1.049      0.000
 360  372      0.552     -0.093      0.000
 361  373      0.553      0.369      0.000
 362  375      0.562     -0.485      0.000
 363   -2      0.565     -0.749      0.000
 365   -2      0.576      0.018      0.000
 364  376      0.577      0.545      0.000
 366  377      0.579      0.452      0.000
 367  378      0.581     -0.801      0.000
 368  379      0.582      0.404      0.000
 372  380      0.588      0.233      0.000
 370  381      0.595      0.681      0.000
 371  382      0.602     -0.019      0.000
 379  390      0.619     -1.169      0.000
 373  385      0.619     -0.855      0.000
 374  388      0.621     -1.003      0.000
 376  386      0.623      0.569      0.000
 375  387      0.623     -0.456      0.000
 377  393      0.630      1.105      0.000
 378  394      0.631      1.053      0.000
 381  396      0.657     -0.624      0.000
 382  397      0.661      0.810      0.000
 384  399      0.668      0.641      0.000
 383  400      0.669     -0.721      0.000
 385  401      0.678      0.695      0.000
 386  402      0.684     -0.927      0.000
  -1  403      0.696     -0.577      0.000
  -1  404      0.704      0.957      0.000
 387  405      0.707     -0.036      0.000
 389  408      0.730     -0.995      0.000
 390  407      0.732      0.624      0.000
  -1  416      0.736      0.736      0.000
  -1  409      0.738      0.377      0.000
 410   -2      0.739     -0.774      0.000
 392  411      0.742      0.407      0.000
 412  389      0.753     -1.051      0.000
  -1   -2      0.754      0.104      0.000
 388   -2      0.755     -0.406      0.000
 394  413      0.762      0.976      0.000
 396   -2      0.771      0.743      0.000
 400  418      0.780      0.669      0.000
 402  422      0.790     -0.973      0.000
 404  421      0.792     -0.232      0.000
 405  423      0.799      0.886      0.000
 406   -2      0.808      0.987      0.000
 407  424      0.808      0.371      0.000
  -1  427      0.821     -1.168      0.000
 408  425      0.824     -1.096      0.000
 403  435      0.828     -0.772      0.000
 411  428      0.832     -0.594      0.000
 413  429      0.836     -0.339      0.000
 414  430      0.837     -1.042      0.000
 415   -2      0.854     -0.847      0.000
 416  432      0.866     -1.126      0.000
  -1   -2      0.887     -0.776      0.000
 418  434      0.890      1.070      0.000
 419  437      0.905      1.170      0.000
 421  440      0.917      0.191      0.000
 423  442      0.936     -0.608      0.000
  -1   -2      0.947     -0.662      0.000
 424   -2      0.951     -0.816      0.000
  -1   -2      0.954     -0.095      0.000
 417  446      0.954     -1.159      0.000
 426  444      0.955      1.046      0.000
 428  445      0.955      0.519      0.000
 430  448      0.958      0.933      0.000
 429  447      0.960      0.761      0.000
 431  449      0.963     -0.891      0.000
 425   -2      0.965      0.979      0.000
  -1  450      0.970      0.305      0.000
 434  451      0.971      0.262      0.000
 436  454      1.001     -0.473      0.000
 437  453      1.004     -0.068      0.000
 438  455      1.007     -0.567      0.000
 439  461      1.020     -0.287      0.000
 440   -2      1.024     -0.230      0.000
 441   -2      1.031     -0.879      0.000
  -1   -2      1.038      0.926      0.000
  -1  456      1.046     -0.185      0.000
  -1   -2      1.048     -0.317      0.000
 443  460      1.055     -0.953      0.000
 446  462      1.069      0.612      0.000
 445   -2      1.069      1.163      0.000
 447  464      1.075      0.564      0.000
 448  465      1.076      0.114      0.000
 449  466      1.085     -0.655      0.000
 450  467      1.085      0.718      0.000
  -1   -2      1.091      0.441      0.000
 452  473      1.095     -0.265      0.000
 456   -2      1.101     -0.297      0.000
 455  471      1.102     -1.069      0.000
 457  470      1.103      0.357      0.000
 459  472      1.117     -1.175      0.000
 460   -2      1.126     -0.204      0.000
  -1   -2      1.133     -0.347      0.000
 461  474      1.140      0.181      0.000
 466   -2      1.142     -0.922      0.000
 462  475      1.144     -0.743      0.000
 464  476      1.151     -0.301      0.000
 463   -2      1.153      1.145      0.000
 465  477      1.156     -0.400      0.000
  -1  479      1.161     -0.981      0.000
  -1   -2      1.161     -0.937      0.000
 467  480      1.161      0.926      0.000
 468  478      1.163      0.470      0.000
 469  481      1.168     -0.892      0.000
 471  482      1.184      0.403      0.000
 473  483      1.187     -0.092      0.000
 472  484      1.189      1.008      0.000
 474  486      1.199      0.803      0.000
 477  488      1.219     -0.670      0.000
 482   -2      1.227      1.125      0.000
 487   -2      1.229     -0.199      0.000
  -1  492      1.233     -1.065      0.000
 481  493      1.234     -0.067      0.000
  -1  494      1.253     -1.170      0.000
 486  504      1.260     -0.952      0.000
 485  509      1.272      0.976      0.000
 483  500      1.276      0.219      0.000
  -1  497      1.277     -1.004      0.000
 488  498      1.281      0.045      0.000
 489  501      1.285     -0.635      0.000
  -1  503      1.290     -0.715      0.000
 490  502      1.290      0.900      0.000
 491  506      1.301     -1.133      0.000
 479  505      1.304      0.727      0.000
 492  507      1.305     -0.496      0.000
 493   -2      1.314      1.036      0.000
 494   -2      1.321     -0.045      0.000
 495  510      1.329     -0.662      0.000
  -1   -2      1.346     -0.610      0.000
 496  511      1.361     -0.646      0.000
 497  513      1.362     -0.739      0.000
 507  491      1.368      0.250      0.000
 500  514      1.370     -1.121      0.000
 502   -2      1.391      0.416      0.000
 499  519      1.396     -1.160      0.000
 504  517      1.406      0.274      0.000
 521   -2      1.410      0.034      0.000
 505  518      1.413      1.176      0.000
 508  521      1.437      0.410      0.000
  -1   -2      1.439     -0.393      0.000
  -1  522      1.445      0.484      0.000
  -1  524      1.450     -1.174      0.000
  -1   -2      1.454     -0.233      0.000
 510  525      1.461     -0.652      0.000
 511   -2      1.466      0.829      0.000
 512  526      1.467     -0.512      0.000
 513  527      1.471     -0.583      0.000
 514  528      1.477     -0.395      0.000
 515  529      1.485      0.479      0.000
  -1  530      1.486     -0.365      0.000
 516  532      1.497     -0.972      0.000
 520  533      1.508      0.155      0.000
 522  534      1.509     -0.936      0.000
  -1   -2      1.520     -1.014      0.000
 519   -2      1.526     -0.323      0.000
 523  536      1.537     -0.665      0.000
 517  544      1.542     -1.116      0.000
 525  539      1.545     -1.155      0.000
 524  537      1.547      0.243      0.000
 526  540      1.562      0.615      0.000
  -1   -2      1.564     -0.428      0.000
 527  541      1.567     -0.354      0.000
 529  543      1.573      0.972      0.000
