531
   0   -2     -1.573      0.384      0.000
   1    2     -1.568      0.327      0.000
   2    1     -1.567     -0.881      0.000
   3    3     -1.556      0.486      0.000
   8    5     -1.542      0.175      0.000
   9    7     -1.538     -0.370      0.000
  10    6     -1.537      0.767      0.000
  -1   -2     -1.518     -0.124      0.000
   5   -2     -1.517      0.665      0.000
  11   -2     -1.511     -0.697      0.000
  12   10     -1.507      0.396      0.000
   7   -2     -1.507      0.986      0.000
  14   14     -1.485      0.330      0.000
  15   12     -1.483     -0.426      0.000
  -1   13     -1.483     -0.610      0.000
  16    8     -1.475     -0.998      0.000
  13   16     -1.472     -1.166      0.000
  17   15     -1.469      0.064      0.000
  18   17     -1.465      0.814      0.000
  19   18     -1.461     -0.710      0.000
  20   19     -1.460      1.130      0.000
  23   20     -1.445     -0.465      0.000
  24   21     -1.444      0.865      0.000
  22   22     -1.444      0.732      0.000
  26   24     -1.424     -0.021      0.000
  28   27     -1.415      0.188      0.000
  29   26     -1.410     -1.088      0.000
  31   30     -1.392     -0.619      0.000
  -1   31     -1.383      0.783      0.000
  32   33     -1.369      0.626      0.000
  34   34     -1.364     -0.397      0.000
  36   35     -1.363     -0.961      0.000
  35   25     -1.360     -0.767      0.000
  -1   36     -1.352      0.741      0.000
  37   38     -1.334      1.020      0.000
  38   39     -1.332     -0.994      0.000
  39   49     -1.309     -0.149      0.000
  -1   41     -1.304      1.175      0.000
  -1   42     -1.299     -1.133      0.000
  43   44     -1.291     -0.908      0.000
  40   45     -1.289     -0.598      0.000
  42   46     -1.286     -0.704      0.000
  44   48     -1.280     -1.097      0.000
  -1   -2     -1.275     -0.116      0.000
  -1   50     -1.271     -0.933      0.000
  41   51     -1.267     -1.170      0.000
  45   52     -1.265     -0.652      0.000
  46   54     -1.247      0.442      0.000
  48   53     -1.244      1.077      0.000
  47   55     -1.243      0.902      0.000
  49   56     -1.242      0.688      0.000
  50   57     -1.237      0.787      0.000
  -1   59     -1.236     -0.774      0.000
  51   58     -1.232     -1.071      0.000
  53   -2     -1.225     -0.712      0.000
  55   60     -1.223     -0.915      0.000
  54   67     -1.220     -0.390      0.000
  56   61     -1.212     -0.123      0.000
  -1   62     -1.197     -0.620      0.000
  59   64     -1.189      0.701      0.000
  60   66     -1.185      0.430      0.000
  -1   65     -1.183      0.992      0.000
  -1   -2     -1.182      0.921      0.000
  62   -2     -1.174     -0.410      0.000
  65   69     -1.167     -0.312      0.000
  66   70     -1.162      1.066      0.000
  68   71     -1.159      1.106      0.000
  69   72     -1.157     -0.903      0.000
  67   74     -1.154      0.509      0.000
  70   73     -1.154     -0.941      0.000
  73   76     -1.145     -0.176      0.000
  72   75     -1.145      0.201      0.000
  71   -2     -1.143     -0.435      0.000
  74   77     -1.140      0.415      0.000
  75   78     -1.114      0.612      0.000
  77   81     -1.114     -0.238      0.000
  80   79     -1.112      1.101      0.000
  90   -2     -1.112      0.849      0.000
  79   83     -1.108      0.357      0.000
  81   -2     -1.105     -1.081      0.000
  -1   -2     -1.091      0.459      0.000
  82   84     -1.074     -0.460      0.000
  -1   82     -1.072     -1.006      0.000
  84   85     -1.065     -1.155      0.000
  -1   86     -1.064     -1.089      0.000
  85   88     -1.059     -0.776      0.000
  -1   -2     -1.053     -0.799      0.000
  86   89     -1.048      0.319      0.000
  87   -2     -1.030     -0.093      0.000
  88   -2     -1.028     -0.225      0.000
  89   90     -1.026      0.947      0.000
  -1   80     -1.024      0.801      0.000
  91   92     -1.018      0.587      0.000
  92   93     -1.013     -0.913      0.000
  93   94     -1.001      1.063      0.000
  94   87     -0.987     -1.117      0.000
  95   95     -0.974     -0.137      0.000
  -1   -2     -0.968     -1.043      0.000
  98  103     -0.960     -0.052      0.000
 100   99     -0.955     -0.216      0.000
  -1  102     -0.953      0.702      0.000
  97  100     -0.952     -0.014      0.000
  -1  101     -0.952     -0.914      0.000
 101  104     -0.936     -0.979      0.000
 103  105     -0.927      0.321      0.000
  -1   96     -0.925     -1.051      0.000
  -1  109     -0.923      0.443      0.000
  -1  107     -0.921      1.147      0.000
 105  110     -0.917      0.395      0.000
  -1  111     -0.915     -0.540      0.000
 106   -2     -0.910     -0.626      0.000
  -1   -2     -0.909     -1.163      0.000
  -1  112     -0.907      1.106      0.000
  -1   -2     -0.904     -0.223      0.000
 110  114     -0.894     -0.760      0.000
 108  116     -0.894     -0.053      0.000
 111  117     -0.886     -0.707      0.000
 112  118     -0.883      0.040      0.000
 113  119     -0.881      0.380      0.000
 114  120     -0.855      0.141      0.000
 115  121     -0.852      0.813      0.000
  -1   -2     -0.844     -1.164      0.000
 102   -2     -0.841     -0.440      0.000
 118  123     -0.839     -0.143      0.000
 107  134     -0.832      1.048      0.000
  -1   -2     -0.826     -0.910      0.000
  -1   -2     -0.826     -1.120      0.000
 120  127     -0.823      0.880      0.000
 121  126     -0.823      1.094      0.000
 122  128     -0.814      0.987      0.000
 123  129     -0.812     -0.755      0.000
 116   -2     -0.810     -0.096      0.000
  -1  115     -0.807     -1.171      0.000
  -1   -2     -0.786      0.218      0.000
 131   -2     -0.773      0.779      0.000
 127  131     -0.770     -0.043      0.000
  -1   -2     -0.757      0.961      0.000
 129  136     -0.756     -0.540      0.000
 130  135     -0.753     -0.931      0.000
 132  139     -0.733     -0.288      0.000
 133  138     -0.732     -0.964      0.000
 134  140     -0.729     -0.676      0.000
 136  143     -0.719     -0.547      0.000
 137  142     -0.716     -1.010      0.000
 138  144     -0.706      0.982      0.000
 141  145     -0.703     -1.170      0.000
 139  147     -0.702     -0.259      0.000
 140  148     -0.700      0.049      0.000
 142  146     -0.699      1.096      0.000
  -1   -2     -0.698      0.385      0.000
 143  149     -0.696      1.036      0.000
 144  151     -0.689     -0.406      0.000
 145  152     -0.686     -1.135      0.000
  -1  153     -0.678      0.330      0.000
 146  154     -0.671     -0.481      0.000
 147  155     -0.656     -0.739      0.000
  -1  165     -0.655     -0.887      0.000
 148  156     -0.654      0.848      0.000
 149  157     -0.646     -0.212      0.000
 153  159     -0.641      0.452      0.000
  -1   -2     -0.640      1.070      0.000
 151  158     -0.638      1.108      0.000
  -1  161     -0.634     -0.020      0.000
 154  160     -0.632      1.036      0.000
 156  162     -0.620     -1.055      0.000
 155  164     -0.618     -0.476      0.000
 159  163     -0.616     -0.738      0.000
 166   -2     -0.615     -0.979      0.000
 158  166     -0.613      0.082      0.000
 160  167     -0.610      0.179      0.000
 150  182     -0.608      0.634      0.000
 162  169     -0.595     -1.093      0.000
 163  170     -0.586     -0.037      0.000
 164  171     -0.573      1.000      0.000
 165  172     -0.564     -0.109      0.000
  -1  173     -0.560     -1.169      0.000
 168  175     -0.542     -0.251      0.000
 169  177     -0.529      0.419      0.000
 171  176     -0.527      1.122      0.000
 170  178     -0.524     -0.626      0.000
 173  179     -0.518      0.905      0.000
 174  180     -0.497      0.297      0.000
 172  181     -0.488     -1.163      0.000
 175  183     -0.486     -0.158      0.000
 176  195     -0.484      0.468      0.000
  -1  184     -0.472     -0.459      0.000
  -1   -2     -0.469      0.276      0.000
 177  185     -0.468      0.684      0.000
  -1  186     -0.461     -1.113      0.000
 179   -2     -0.456     -0.251      0.000
 181  188     -0.452     -0.543      0.000
 180  190     -0.452     -0.215      0.000
 182  189     -0.451     -0.773      0.000
 183  191     -0.447     -0.882      0.000
  -1  193     -0.435     -1.139      0.000
 185  192     -0.435      0.658      0.000
  -1   -2     -0.430      0.464      0.000
 186  194     -0.426     -0.598      0.000
 187  197     -0.422      1.133      0.000
 188   -2     -0.417     -1.122      0.000
 191  198     -0.410     -1.165      0.000
 203   -2     -0.406     -0.667      0.000
 192  201     -0.387      0.787      0.000
 194  200     -0.387     -0.880      0.000
 195  199     -0.386      0.969      0.000
 209   -2     -0.385      0.898      0.000
 193  202     -0.381      0.271      0.000
  -1  204     -0.377      0.477      0.000
 197  205     -0.377     -0.504      0.000
 178  222     -0.358     -1.132      0.000
  -1  209     -0.352     -0.154      0.000
 199  210     -0.348      0.710      0.000
  -1   -2     -0.339     -0.980      0.000
  -1  207     -0.336     -1.176      0.000
 201  212     -0.332      0.367      0.000
 202  211     -0.331      1.156      0.000
 205  214     -0.318     -0.836      0.000
 206  215     -0.310     -0.336      0.000
  -1  221     -0.306      0.115      0.000
 207  216     -0.303      0.689      0.000
 204   -2     -0.300     -0.781      0.000
 208  217     -0.298     -0.884      0.000
 210  218     -0.290      0.658      0.000
 211   -2     -0.288     -1.119      0.000
 212  219     -0.282     -0.587      0.000
 213   -2     -0.272      0.021      0.000
 215  224     -0.260     -0.966      0.000
 214   -2     -0.258     -0.765      0.000
  -1   -2     -0.255     -1.168      0.000
 216  226     -0.253      0.619      0.000
 217  227     -0.244     -1.084      0.000
 219   -2     -0.242      0.036      0.000
 225  225     -0.222     -0.695      0.000
 220  229     -0.217     -0.208      0.000
 240   -2     -0.193     -0.143      0.000
 224  231     -0.181     -1.076      0.000
 227  233     -0.177      1.149      0.000
 226  234     -0.177      0.328      0.000
 228  235     -0.175      0.417      0.000
 229  236     -0.172     -0.550      0.000
 230  237     -0.163     -0.057      0.000
 232  239     -0.152      0.534      0.000
  -1  240     -0.149      0.286      0.000
 233  246     -0.146     -0.263      0.000
 234  242     -0.134     -0.895      0.000
 235  243     -0.128      0.201      0.000
  -1  230     -0.125      1.067      0.000
 237   -2     -0.122     -0.120      0.000
 238  244     -0.122      1.157      0.000
  -1  232     -0.121     -0.703      0.000
 239   -2     -0.102     -0.260      0.000
 241  247     -0.101      0.303      0.000
 242  248     -0.098     -0.517      0.000
 231  255     -0.089     -1.006      0.000
 236  258     -0.085     -1.127      0.000
 244  250     -0.084      0.996      0.000
  -1  251     -0.083      0.501      0.000
 248  253     -0.078     -1.171      0.000
 246  252     -0.078     -0.956      0.000
 247  254     -0.068      1.108      0.000
  -1   -2     -0.058     -0.996      0.000
  -1  256     -0.056     -0.335      0.000
 252  262     -0.024      0.271      0.000
  -1  245     -0.021      0.623      0.000
 253  263     -0.021      0.476      0.000
  -1  266     -0.017      0.900      0.000
 245  282     -0.006      0.050      0.000
  -1  265     -0.004      0.318      0.000
  -1   -2     -0.002     -1.033      0.000
  -1  264      0.003      0.115      0.000
 249   -2      0.009      0.836      0.000
 255  267      0.011      0.732      0.000
 257  269      0.018      0.487      0.000
 258  270      0.025      0.288      0.000
 259  271      0.026     -0.027      0.000
  -1   -2      0.040     -0.652      0.000
 261  272      0.041     -1.061      0.000
 262  273      0.053      0.549      0.000
 263  274      0.060      0.765      0.000
  -1   -2      0.061     -0.294      0.000
 264  276      0.065     -0.932      0.000
 267  278      0.073     -0.774      0.000
 268  279      0.077      0.137      0.000
 269   -2      0.081      0.792      0.000
  -1  281      0.089     -1.166      0.000
 265   -2      0.090      0.101      0.000
 271   -2      0.091     -0.027      0.000
  -1  283      0.092     -0.163      0.000
  -1  284      0.095      0.382      0.000
 272   -2      0.102      1.048      0.000
 273  280      0.137      0.819      0.000
 274  285      0.138     -0.951      0.000
 275  286      0.141      0.717      0.000
 277  287      0.143     -0.381      0.000
 285   -2      0.150      0.568      0.000
 279  289      0.155     -1.086      0.000
  -1  290      0.156     -0.552      0.000
 280  291      0.165      0.892      0.000
  -1  295      0.167     -0.333      0.000
 281  292      0.175      0.309      0.000
 282  293      0.186     -0.569      0.000
 283  294      0.190     -1.052      0.000
 284   -2      0.199     -0.364      0.000
 286  297      0.202     -1.166      0.000
 289  298      0.207      1.105      0.000
 288  296      0.213     -0.868      0.000
 287  299      0.214     -1.085      0.000
 292  301      0.220      0.036      0.000
 291  302      0.223     -1.000      0.000
 293  303      0.228     -0.742      0.000
 294  304      0.229      0.470      0.000
 295  306      0.246     -0.110      0.000
 298   -2      0.270     -0.292      0.000
 290  308      0.272      0.825      0.000
 300  309      0.285      1.032      0.000
 301  310      0.291      0.960      0.000
 302  311      0.296      0.212      0.000
 303  312      0.297      0.609      0.000
 304  313      0.313     -1.173      0.000
  -1   -2      0.326     -1.091      0.000
  -1   -2      0.328     -1.042      0.000
  -1  316      0.329      0.493      0.000
 306  307      0.332     -0.261      0.000
 307   -2      0.338     -0.312      0.000
 308   -2      0.341     -0.153      0.000
 309  317      0.345      0.056      0.000
 310  319      0.350      0.877      0.000
 312  320      0.361     -1.057      0.000
 313  322      0.367     -1.138      0.000
 315  323      0.381     -0.332      0.000
  -1  327      0.383     -1.173      0.000
  -1   -2      0.386     -0.286      0.000
 320   -2      0.388     -1.111      0.000
 318  324      0.388     -0.691      0.000
 319  326      0.401      0.980      0.000
 322  329      0.418     -1.000      0.000
 311   -2      0.419      1.154      0.000
 323  330      0.420     -0.337      0.000
 325  331      0.426     -0.386      0.000
 329  332      0.429      0.254      0.000
 327  333      0.430     -0.777      0.000
 316  339      0.441     -1.169      0.000
 330  334      0.442      0.147      0.000
 331  335      0.446     -0.571      0.000
  -1  336      0.449      0.761      0.000
 332  338      0.455      1.079      0.000
  -1  340      0.467     -0.696      0.000
  -1  341      0.472     -0.518      0.000
 336  342      0.479      0.006      0.000
  -1  343      0.480     -1.007      0.000
  -1   -2      0.483      1.039      0.000
 326  359      0.490     -1.150      0.000
 338  345      0.496     -0.364      0.000
 328   -2      0.502     -0.099      0.000
 340  346      0.509     -0.703      0.000
 341   -2      0.515      0.531      0.000
 342  348      0.516      0.634      0.000
 347  347      0.518      0.272      0.000
  -1   -2      0.518      0.478      0.000
 345  349      0.529     -0.547      0.000
 346   -2      0.533      1.174      0.000
 348  351      0.538     -0.021      0.000
 349  352      0.540      0.782      0.000
 350  353      0.549     -0.822      0.000
 352  350      0.549      0.582      0.000
 354  354      0.560      0.662      0.000
 355  355      0.568     -0.876      0.000
 343   -2      0.574      0.426      0.000
 356  357      0.585     -0.506      0.000
 359   -2      0.598     -1.170      0.000
  -1  372      0.600      0.278      0.000
  -1  358      0.601      0.733      0.000
 360  361      0.610     -0.915      0.000
 361  362      0.613      0.918      0.000
 362  373      0.614      1.169      0.000
 363  363      0.616      0.794      0.000
 366  364      0.627     -0.678      0.000
 364  366      0.629     -1.068      0.000
  -1  365      0.632     -0.034      0.000
 368  367      0.649     -0.770      0.000
 371  368      0.652      0.436      0.000
 370  384      0.654     -0.227      0.000
 373  369      0.656      0.469      0.000
 372  371      0.657     -0.621      0.000
 374  370      0.658      0.713      0.000
 375  374      0.682     -0.975      0.000
  -1   -2      0.695     -1.172      0.000
 382  377      0.699      0.833      0.000
  -1  391      0.701     -1.092      0.000
 376  378      0.702     -0.435      0.000
 383  379      0.709      0.755      0.000
 385  381      0.715      0.424      0.000
 384  383      0.717     -0.810      0.000
 381   -2      0.723     -0.239      0.000
  -1   -2      0.723      0.055      0.000
 387  385      0.727      1.074      0.000
 379  386      0.730     -1.035      0.000
  -1  387      0.734     -0.604      0.000
 391  388      0.743     -0.654      0.000
 392   -2      0.748     -0.847      0.000
 393  389      0.753      0.980      0.000
 394   -2      0.760     -1.080      0.000
 395  392      0.771     -0.349      0.000
 398  394      0.785     -1.037      0.000
 397  396      0.790     -0.991      0.000
 399   -2      0.790      0.925      0.000
 400  395      0.794     -0.610      0.000
 403   -2      0.806     -0.789      0.000
 404  397      0.811      0.222      0.000
 405   -2      0.818      0.263      0.000
  -1  410      0.818     -0.177      0.000
 407  398      0.836     -1.114      0.000
  -1   -2      0.842     -0.148      0.000
 408  400      0.844     -1.054      0.000
 410  402      0.856      0.573      0.000
  -1  404      0.859     -0.083      0.000
 411  403      0.861      0.343      0.000
 413  405      0.862      0.299      0.000
 412  406      0.865      1.147      0.000
 414  407      0.866     -0.780      0.000
  -1   -2      0.870      0.999      0.000
  -1   -2      0.882     -1.131      0.000
 415  408      0.890     -1.168      0.000
 416  411      0.891      0.824      0.000
  -1   -2      0.892      1.142      0.000
 418  413      0.907     -0.049      0.000
 419  414      0.910     -0.654      0.000
 420  415      0.922      1.010      0.000
 422  416      0.932      0.074      0.000
 421  417      0.932      1.108      0.000
  -1  419      0.933     -1.080      0.000
 423  418      0.933     -0.805      0.000
 424  420      0.941     -0.267      0.000
 425  421      0.948     -0.458      0.000
 426  422      0.958     -0.161      0.000
 427  423      0.961     -0.547      0.000
 429  424      0.966      0.706      0.000
 428  426      0.967     -1.134      0.000
 431  428      0.972      0.652      0.000
 432  427      0.973      0.603      0.000
 430   -2      0.981      0.207      0.000
 433  431      0.988      0.271      0.000
 434  430      0.988      0.386      0.000
  -1  432      1.003      0.752      0.000
  -1  429      1.008      0.012      0.000
 435  433      1.016     -0.234      0.000
  -1   -2      1.025      0.610      0.000
 437  434      1.027      0.206      0.000
 443  435      1.030     -0.268      0.000
  -1  437      1.038     -0.174      0.000
 438  438      1.052     -0.617      0.000
 439  440      1.052     -0.998      0.000
  -1  441      1.053     -0.917      0.000
 441  439      1.054      0.491      0.000
  -1   -2      1.067      0.538      0.000
  -1  436      1.072      0.321      0.000
 442  443      1.074      0.426      0.000
  -1   -2      1.075     -0.475      0.000
  -1  445      1.077     -0.731      0.000
 444  444      1.090     -0.360      0.000
 445  447      1.093     -0.058      0.000
  -1  448      1.095     -1.061      0.000
 446  449      1.110     -1.021      0.000
 447  450      1.112      1.019      0.000
 448  451      1.113      0.942      0.000
 449  457      1.114      0.640      0.000
 450  453      1.118     -0.690      0.000
 452  454      1.125      0.812      0.000
 453  455      1.135     -0.031      0.000
 471   -2      1.137      0.695      0.000
  -1  456      1.147     -1.138      0.000
  -1   -2      1.150     -0.442      0.000
 455  459      1.154      1.018      0.000
 456   -2      1.158     -0.916      0.000
 457  460      1.158     -0.831      0.000
  -1  442      1.160      0.567      0.000
  -1   -2      1.165     -0.373      0.000
 458  461      1.179      0.241      0.000
 460  462      1.183      0.076      0.000
 459  463      1.187     -0.601      0.000
 466  465      1.222      0.962      0.000
 467  466      1.236     -0.985      0.000
 468  467      1.252     -0.557      0.000
 469  468      1.257     -0.422      0.000
  -1  469      1.267     -0.632      0.000
  -1  470      1.274      0.252      0.000
 470  472      1.279      1.012      0.000
 472  474      1.300     -0.576      0.000
 475  475      1.311      0.275      0.000
 473   -2      1.316     -1.162      0.000
  -1  477      1.318     -0.193      0.000
  -1   -2      1.320      0.955      0.000
 477  478      1.331     -0.554      0.000
 478  480      1.342     -0.641      0.000
 479  479      1.344      0.401      0.000
 483  481      1.373     -1.021      0.000
 482  482      1.381     -1.086      0.000
  -1   -2      1.383     -0.629      0.000
 484  483      1.388     -1.173      0.000
 480  490      1.394     -0.168      0.000
 486  484      1.396      0.448      0.000
 487  485      1.405      1.139      0.000
  -1  486      1.416     -1.034      0.000
  -1  487      1.431     -0.411      0.000
 489   -2      1.434     -0.307      0.000
 490  489      1.434     -0.546      0.000
 491  488      1.434      0.162      0.000
  -1   -2      1.437      0.077      0.000
  -1  491      1.441     -0.478      0.000
 492   -2      1.441     -0.279      0.000
 476  503      1.442      0.579      0.000
 493  492      1.456     -1.148      0.000
 485   -2      1.474      0.666      0.000
 496  496      1.478      0.238      0.000
 497  498      1.483      0.556      0.000
 498  499      1.489     -0.849      0.000
  -1   -2      1.494      1.119      0.000
 501   -2      1.518      1.090      0.000
 502  504      1.523      0.890      0.000
 506  505      1.533      0.284      0.000
 505  507      1.533     -0.331      0.000
 509  502      1.533     -1.172      0.000
 507  506      1.534     -0.263      0.000
 508  509      1.538     -0.090      0.000
 511   -2      1.543     -0.625      0.000
  -1  512      1.556     -1.134      0.000
 510  513      1.557     -1.024      0.000
 512  516      1.565      1.161      0.000
 513  515      1.565      0.052      0.000
 514  517      1.572      0.469      0.000
 515  518      1.573     -0.924      0.000
