514
   0   -2     -1.575     -0.199      0.000
   3    2     -1.564      0.508      0.000
   4    3     -1.557     -0.985      0.000
   5    4     -1.544      0.775      0.000
   6    5     -1.544      0.365      0.000
   7   10     -1.533     -1.121      0.000
   9    7     -1.529     -0.006      0.000
  10   -2     -1.527     -0.123      0.000
  12   12     -1.523      0.983      0.000
  14   18     -1.517     -0.196      0.000
  13    9     -1.515      0.236      0.000
   1   -2     -1.514     -1.166      0.000
   8   31     -1.475     -0.900      0.000
  -1   13     -1.462      0.786      0.000
  11   30     -1.459      0.931      0.000
  20   14     -1.458      0.202      0.000
  23   16     -1.446      0.592      0.000
  25   -2     -1.445      1.036      0.000
  24   17     -1.442      0.472      0.000
  -1   22     -1.442     -1.165      0.000
  26   -2     -1.440     -0.244      0.000
  27   19     -1.439      0.251      0.000
  29   21     -1.428      0.369      0.000
  30   20     -1.427     -0.542      0.000
  31   24     -1.405      0.146      0.000
  -1   -2     -1.386     -0.784      0.000
  32   26     -1.386     -0.299      0.000
  37   -2     -1.370      1.037      0.000
  35   29     -1.370     -0.970      0.000
  36   -2     -1.367     -0.826      0.000
  38   33     -1.363      0.311      0.000
  39   34     -1.354     -1.070      0.000
  40   36     -1.347     -0.337      0.000
  42   37     -1.344      0.130      0.000
  -1   35     -1.343     -0.934      0.000
  44   38     -1.330      0.584      0.000
  -1   39     -1.325      0.952      0.000
  45   42     -1.322      0.262      0.000
  46   41     -1.321      1.014      0.000
  -1   -2     -1.318      1.139      0.000
  51   53     -1.318     -1.174      0.000
  -1   43     -1.314     -0.181      0.000
  48   44     -1.308      0.069      0.000
  47   45     -1.307      0.556      0.000
  49   47     -1.302      0.863      0.000
  52   46     -1.301     -0.756      0.000
  -1   48     -1.300     -0.948      0.000
  50   49     -1.295      1.154      0.000
  -1   50     -1.291     -0.783      0.000
  53   56     -1.289      0.029      0.000
  54   51     -1.285     -0.923      0.000
  -1   -2     -1.278     -0.116      0.000
  55   54     -1.276      0.640      0.000
  57   55     -1.251      0.002      0.000
  59   -2     -1.249      0.038      0.000
  -1   57     -1.245      0.709      0.000
  60   59     -1.235     -0.300      0.000
  61   58     -1.234     -0.577      0.000
  62   62     -1.232      0.158      0.000
  64   60     -1.232     -0.778      0.000
  65   61     -1.230      0.939      0.000
  -1   63     -1.219      0.513      0.000
  67   64     -1.208     -0.483      0.000
  69   65     -1.192      0.586      0.000
  70   66     -1.182      0.363      0.000
  71   67     -1.172     -0.601      0.000
  74   68     -1.169     -0.819      0.000
  73   69     -1.168      0.784      0.000
  75   70     -1.165      0.474      0.000
  77   -2     -1.162     -0.956      0.000
  76   72     -1.161     -0.786      0.000
  78   71     -1.158     -1.161      0.000
  79   73     -1.157      0.990      0.000
  -1   -2     -1.143      0.952      0.000
  80   75     -1.130     -1.013      0.000
  -1   76     -1.125     -0.975      0.000
  82   77     -1.123      0.687      0.000
  81   -2     -1.122     -0.113      0.000
  83   78     -1.111     -0.528      0.000
  84   79     -1.109      0.998      0.000
  85   80     -1.094      0.600      0.000
  -1   81     -1.073     -1.145      0.000
  86   82     -1.071     -0.329      0.000
  89   83     -1.055     -1.016      0.000
  88   88     -1.053     -1.169      0.000
  -1   74     -1.048      0.030      0.000
  90   84     -1.040      0.382      0.000
  92   85     -1.020     -0.356      0.000
  93   86     -1.018     -0.704      0.000
  94   87     -1.016     -0.834      0.000
  95   89     -1.014      0.775      0.000
  91   -2     -1.009      0.656      0.000
  98   90     -1.004     -1.077      0.000
  97   92     -1.003     -0.101      0.000
  99   91     -0.999     -0.961      0.000
 100   93     -0.991     -0.271      0.000
 101   94     -0.985      1.000      0.000
 102   96     -0.970      0.383      0.000
 103   95     -0.966     -0.980      0.000
 104   97     -0.963      0.890      0.000
  -1   -2     -0.963     -0.646      0.000
  -1   98     -0.956      0.462      0.000
 108   99     -0.948     -0.915      0.000
  -1  100     -0.940      0.562      0.000
 109  101     -0.936     -0.157      0.000
 110  102     -0.933     -0.421      0.000
 111  103     -0.920      0.379      0.000
 113  104     -0.914     -0.216      0.000
 107  122     -0.908      1.071      0.000
  -1  109     -0.906     -0.177      0.000
 116  108     -0.902     -0.761      0.000
 117  111     -0.876      0.332      0.000
  -1   -2     -0.871      0.429      0.000
 119  112     -0.867     -0.980      0.000
 120  113     -0.866      0.894      0.000
 122  115     -0.839     -0.735      0.000
 121  117     -0.836      0.566      0.000
 123  116     -0.832     -1.085      0.000
 124  118     -0.821      1.088      0.000
 126   -2     -0.816     -0.692      0.000
  -1  121     -0.815     -0.612      0.000
 127   -2     -0.814      1.044      0.000
 129  123     -0.809      0.692      0.000
 130  124     -0.806     -0.941      0.000
 132  119     -0.800     -1.163      0.000
 131  114     -0.800     -0.094      0.000
 133  125     -0.777     -0.447      0.000
 134  126     -0.772      0.996      0.000
  -1  128     -0.770     -0.800      0.000
 135  129     -0.768      0.741      0.000
 137  130     -0.756     -0.933      0.000
 136  131     -0.755     -0.755      0.000
 138  133     -0.749     -0.143      0.000
  -1  134     -0.748      0.477      0.000
 139  137     -0.747     -0.225      0.000
 140  135     -0.747      0.822      0.000
 141  132     -0.745     -1.012      0.000
  -1  136     -0.742     -0.967      0.000
 142  138     -0.742      0.895      0.000
 147  140     -0.724      0.334      0.000
 144  139     -0.722     -0.058      0.000
 145  141     -0.714     -0.015      0.000
 146  142     -0.708      0.994      0.000
  -1  143     -0.695     -1.127      0.000
 148  145     -0.694      0.396      0.000
 149  146     -0.693      0.260      0.000
 150  147     -0.688     -0.461      0.000
  -1  148     -0.685      0.321      0.000
 158   -2     -0.683     -1.054      0.000
 151  149     -0.676      1.082      0.000
 154  150     -0.663     -1.087      0.000
 152  151     -0.663      1.029      0.000
 153  152     -0.660     -0.067      0.000
 155  153     -0.651      1.169      0.000
 156  154     -0.647     -0.706      0.000
 157  155     -0.642      0.030      0.000
  -1  168     -0.639     -0.928      0.000
  -1  156     -0.638     -1.021      0.000
 159  157     -0.634     -0.577      0.000
 162  158     -0.619      0.755      0.000
 160  159     -0.619     -0.166      0.000
 161  160     -0.612      0.138      0.000
 163  163     -0.596     -0.793      0.000
 164  164     -0.595     -1.146      0.000
 165  166     -0.585     -0.118      0.000
  -1   -2     -0.576      0.933      0.000
  -1   -2     -0.574     -0.951      0.000
 168  167     -0.564      0.899      0.000
 170  169     -0.558     -1.010      0.000
  -1   -2     -0.558     -0.575      0.000
 169   -2     -0.557     -0.807      0.000
 171  173     -0.547     -0.333      0.000
 173  171     -0.542     -1.170      0.000
  -1  175     -0.536     -0.544      0.000
 176  178     -0.513     -0.306      0.000
 178  180     -0.485     -0.552      0.000
 179  181     -0.478      0.037      0.000
 180  183     -0.468      0.364      0.000
 181  184     -0.467      0.717      0.000
 183  182     -0.466     -1.176      0.000
 182  185     -0.465      1.026      0.000
  -1  186     -0.460      0.575      0.000
 185  187     -0.457      0.508      0.000
 187  190     -0.441      0.284      0.000
 188  191     -0.439     -0.729      0.000
 189  189     -0.438     -1.003      0.000
 190   -2     -0.431     -0.326      0.000
 191  192     -0.409     -0.899      0.000
 192  193     -0.402      0.074      0.000
 193  194     -0.399      0.192      0.000
 194  196     -0.384     -0.067      0.000
 196  198     -0.378     -1.024      0.000
 201  195     -0.377      1.138      0.000
 197  199     -0.373     -0.327      0.000
 198   -2     -0.371     -0.153      0.000
 200  197     -0.371     -1.168      0.000
 199   -2     -0.368     -1.136      0.000
 202  201     -0.361      0.812      0.000
 203  202     -0.356      0.480      0.000
 204  203     -0.352     -0.665      0.000
 205  204     -0.348     -0.572      0.000
 208  205     -0.344      1.066      0.000
 207  207     -0.340     -0.735      0.000
  -1  206     -0.339     -0.811      0.000
  -1   -2     -0.333      0.984      0.000
 209  209     -0.326      0.791      0.000
 211  211     -0.318      0.950      0.000
 210  212     -0.315      0.347      0.000
 212  213     -0.315     -0.221      0.000
  -1  208     -0.304     -0.447      0.000
  -1   -2     -0.303     -0.103      0.000
 214  214     -0.301     -1.008      0.000
 215  215     -0.295     -0.309      0.000
 216  216     -0.294     -1.060      0.000
 217  218     -0.283     -0.920      0.000
 220  221     -0.278     -1.155      0.000
 219  220     -0.277     -0.645      0.000
 221  222     -0.273     -0.832      0.000
 222  223     -0.267      0.875      0.000
 218  235     -0.245      0.591      0.000
 224  226     -0.231      0.333      0.000
 225  225     -0.229     -0.958      0.000
  -1   -2     -0.221     -1.086      0.000
 226  228     -0.213     -0.764      0.000
  -1   -2     -0.209      0.836      0.000
 227  229     -0.206     -0.233      0.000
 228  231     -0.197      0.456      0.000
 229  232     -0.196     -0.467      0.000
 230   -2     -0.192     -1.167      0.000
 240  227     -0.191     -1.067      0.000
 232  234     -0.171      0.790      0.000
 234  241     -0.166      0.119      0.000
  -1   -2     -0.138     -0.615      0.000
 236  238     -0.137     -0.009      0.000
 238   -2     -0.136     -0.276      0.000
 239  236     -0.136     -1.121      0.000
  -1   -2     -0.135     -0.873      0.000
  -1   -2     -0.124     -0.082      0.000
 244   -2     -0.116     -1.173      0.000
 246  240     -0.111     -0.752      0.000
 245   -2     -0.107     -0.318      0.000
  -1  237     -0.093     -0.928      0.000
 247  243     -0.085      0.537      0.000
 249  244     -0.082      0.697      0.000
 248  245     -0.082     -0.236      0.000
 276   -2     -0.060     -0.119      0.000
 255  249     -0.057      0.361      0.000
 257  250     -0.053      0.781      0.000
 253  252     -0.052     -0.733      0.000
 272  264     -0.041     -0.592      0.000
 259  253     -0.038      0.240      0.000
 260   -2     -0.033     -0.208      0.000
 250  271     -0.031     -0.008      0.000
 263  255     -0.026      0.658      0.000
 278  242     -0.025     -0.400      0.000
 265  258     -0.023      0.385      0.000
  -1   -2     -0.022     -1.072      0.000
 266  257     -0.020      0.334      0.000
 267  259     -0.020     -0.990      0.000
  -1  266     -0.016      0.900      0.000
 270  260      0.001     -0.032      0.000
 271  261      0.003      0.122      0.000
 273  262      0.010      1.087      0.000
 269  276      0.027     -1.116      0.000
 275  267      0.030      0.351      0.000
  -1  268      0.033     -0.179      0.000
 279  270      0.045      0.643      0.000
 277   -2      0.047     -1.018      0.000
 280   -2      0.053      0.026      0.000
 281  272      0.060      1.011      0.000
 285  263      0.065     -1.169      0.000
 283  273      0.066      0.369      0.000
 284  274      0.070      0.735      0.000
  -1  275      0.070      0.887      0.000
 287   -2      0.079     -1.030      0.000
  -1  277      0.099     -1.082      0.000
  -1  285      0.102     -0.980      0.000
 289  278      0.107      0.149      0.000
 290  279      0.114      0.504      0.000
 291  280      0.118      0.099      0.000
 301   -2      0.122     -0.096      0.000
  -1  281      0.122      1.076      0.000
 292  283      0.126      0.976      0.000
 299  282      0.126     -0.208      0.000
 293  284      0.130      0.940      0.000
 294   -2      0.139     -0.955      0.000
 295  286      0.141      0.762      0.000
 296  287      0.143      1.155      0.000
 297   -2      0.148     -0.688      0.000
 298  288      0.154     -0.568      0.000
  -1  290      0.159     -0.775      0.000
 300  291      0.170      0.399      0.000
 302  293      0.186     -0.795      0.000
  -1  294      0.192      1.071      0.000
 305  295      0.198     -0.542      0.000
 306  296      0.200      0.625      0.000
  -1   -2      0.203      1.155      0.000
 307  297      0.210      0.006      0.000
 308  298      0.216     -1.115      0.000
  -1   -2      0.222     -0.656      0.000
 310  300      0.232     -0.198      0.000
 311  301      0.237      1.070      0.000
 312  302      0.237     -0.992      0.000
 314  304      0.253     -0.445      0.000
  -1  303      0.255      0.811      0.000
 316  305      0.259      0.260      0.000
 317  306      0.267      0.169      0.000
  -1  307      0.275     -0.943      0.000
  -1   -2      0.275      0.651      0.000
 319  309      0.297      0.040      0.000
  -1  310      0.302     -0.248      0.000
 320  312      0.306     -1.112      0.000
 321  314      0.309      1.122      0.000
 322  318      0.333     -1.173      0.000
  -1  315      0.337      1.169      0.000
  -1  316      0.338      0.736      0.000
  -1  317      0.342     -0.474      0.000
 323  320      0.345      0.043      0.000
 324  321      0.351      0.319      0.000
  -1   -2      0.352     -0.594      0.000
 325  323      0.364      0.175      0.000
 342  324      0.366      0.490      0.000
 318   -2      0.367      1.023      0.000
 327  325      0.370     -0.895      0.000
 326  326      0.371     -0.478      0.000
 329  327      0.382     -0.531      0.000
  -1  330      0.391     -1.062      0.000
 330  329      0.394     -0.018      0.000
 328   -2      0.395     -1.146      0.000
 334  334      0.416     -0.969      0.000
  -1  332      0.423     -1.157      0.000
 335   -2      0.423      0.347      0.000
 337  338      0.426     -0.677      0.000
 336  339      0.427      0.818      0.000
 339  340      0.434     -0.492      0.000
 340  341      0.440     -0.049      0.000
  -1  343      0.450      0.753      0.000
  -1  344      0.453     -1.084      0.000
  -1  354      0.459      0.463      0.000
 343   -2      0.464      0.844      0.000
 344  345      0.467      0.990      0.000
 345  347      0.481     -0.866      0.000
 346  346      0.483     -0.690      0.000
 347   -2      0.488     -0.984      0.000
  -1  349      0.490     -1.152      0.000
 348  350      0.496     -1.177      0.000
 350  351      0.513     -0.055      0.000
 349  352      0.513      0.926      0.000
 351  353      0.514     -0.404      0.000
 352  356      0.522      0.579      0.000
 353  355      0.524     -0.630      0.000
  -1  337      0.527      0.352      0.000
 355  357      0.533     -0.973      0.000
 357  358      0.535      0.990      0.000
 359  360      0.555      0.888      0.000
 358  359      0.555      1.122      0.000
 360  361      0.560     -1.019      0.000
 361  362      0.564      0.615      0.000
 362  363      0.570      0.539      0.000
 363  364      0.588     -0.796      0.000
  -1  375      0.594     -0.682      0.000
 365  365      0.609      0.927      0.000
 366  366      0.612     -1.043      0.000
 367  367      0.617      1.014      0.000
 368  370      0.618     -0.886      0.000
 369  369      0.619     -0.513      0.000
 370  368      0.619     -0.009      0.000
  -1  371      0.642      0.279      0.000
 371  373      0.653     -1.169      0.000
 372  374      0.666     -0.402      0.000
  -1   -2      0.673     -0.682      0.000
 376  376      0.684      0.370      0.000
 375  377      0.684      0.425      0.000
 374  378      0.686     -1.070      0.000
 373  379      0.691     -0.897      0.000
 378  383      0.701      1.148      0.000
 379  381      0.703      0.691      0.000
 380  382      0.704     -0.081      0.000
  -1  380      0.707     -0.187      0.000
  -1  390      0.714     -0.217      0.000
 381  384      0.718     -0.921      0.000
 382  385      0.731     -0.667      0.000
 383  386      0.738     -0.980      0.000
 385  387      0.743     -0.036      0.000
 384  389      0.745     -1.099      0.000
 386  388      0.749      0.104      0.000
  -1   -2      0.755      0.978      0.000
 388  391      0.778      0.181      0.000
 389  394      0.787     -1.044      0.000
 390  395      0.790      0.953      0.000
 387  406      0.793     -0.560      0.000
 391  397      0.795      0.457      0.000
 393  398      0.802     -0.156      0.000
 402   -2      0.805     -0.269      0.000
 397  399      0.809      0.699      0.000
 403  401      0.809     -1.144      0.000
 396  400      0.809     -0.978      0.000
 398  402      0.817      0.750      0.000
  -1  419      0.819     -0.891      0.000
 400  403      0.824      0.811      0.000
 409   -2      0.825     -0.622      0.000
 404  404      0.828      0.255      0.000
 401  405      0.829     -0.807      0.000
 407  407      0.845     -0.462      0.000
 410  408      0.857     -1.077      0.000
 413  409      0.865      0.557      0.000
 415  410      0.866      0.846      0.000
 412  411      0.867     -0.280      0.000
 411   -2      0.868      0.684      0.000
 414  413      0.871      1.124      0.000
 416  412      0.873      0.479      0.000
 417  414      0.876     -0.546      0.000
 418  415      0.879     -0.149      0.000
 431   -2      0.887      0.785      0.000
  -1   -2      0.894     -0.876      0.000
 422  420      0.899     -0.803      0.000
  -1  422      0.902     -1.006      0.000
 426  423      0.905      0.497      0.000
 425  425      0.907     -1.136      0.000
 427  424      0.910     -0.025      0.000
 428  426      0.921     -0.697      0.000
 423  432      0.931     -0.998      0.000
 442  421      0.932     -0.861      0.000
 433  430      0.940      0.692      0.000
 424  436      0.941     -1.077      0.000
  -1  431      0.947      0.310      0.000
 435  433      0.953      0.009      0.000
  -1   -2      0.968     -0.035      0.000
 438  437      0.972     -0.436      0.000
  -1  434      0.972      0.251      0.000
 434   -2      0.974      0.276      0.000
 439  439      0.978     -0.580      0.000
 440  443      0.984     -1.112      0.000
 441  440      0.988      0.114      0.000
  -1  442      0.988     -1.175      0.000
 443  444      0.998      0.858      0.000
 444   -2      1.023     -0.711      0.000
  -1  445      1.025     -0.671      0.000
 445  446      1.029      0.990      0.000
  -1   -2      1.041     -0.314      0.000
 446  447      1.042     -0.365      0.000
  -1  451      1.053     -0.512      0.000
 448  448      1.059     -0.619      0.000
  -1   -2      1.072      0.274      0.000
 449  449      1.074     -1.175      0.000
 450  450      1.090      1.040      0.000
 452   -2      1.107     -0.936      0.000
 453   -2      1.110     -0.513      0.000
  -1  452      1.117      0.285      0.000
 456   -2      1.126     -0.736      0.000
 454  456      1.126     -0.975      0.000
 458  453      1.138     -0.817      0.000
 459   -2      1.139     -1.170      0.000
 461  454      1.146     -0.329      0.000
 463  455      1.152      0.395      0.000
 455  463      1.162     -1.033      0.000
 466   -2      1.163      1.105      0.000
 467  457      1.169     -0.450      0.000
  -1  466      1.184     -1.175      0.000
 469  459      1.198     -0.511      0.000
 471  460      1.201      0.984      0.000
 470   -2      1.201     -1.121      0.000
 472   -2      1.208      0.423      0.000
 473  462      1.222      0.914      0.000
 474  461      1.224     -0.449      0.000
  -1   -2      1.233     -1.059      0.000
 475  464      1.236     -0.549      0.000
 479  465      1.251     -0.420      0.000
 476   -2      1.252     -1.097      0.000
 482  467      1.273      0.178      0.000
 483  468      1.280     -0.494      0.000
 477  477      1.299     -0.886      0.000
 484  472      1.319      0.488      0.000
 486  473      1.321      0.236      0.000
 485  471      1.326     -1.169      0.000
 487  474      1.328     -0.180      0.000
 489  476      1.339     -0.272      0.000
 480   -2      1.342     -0.990      0.000
 490  478      1.350      1.051      0.000
 493  479      1.360      0.547      0.000
 491   -2      1.361      1.150      0.000
 492  481      1.361     -0.843      0.000
 494  480      1.361     -0.325      0.000
 495  482      1.364     -0.384      0.000
 497  484      1.378     -0.899      0.000
 503  483      1.389     -1.129      0.000
 499  486      1.389      0.264      0.000
 502  488      1.401      0.761      0.000
 501  490      1.403     -0.844      0.000
 504   -2      1.411      0.127      0.000
  -1  492      1.427      0.990      0.000
 506  493      1.432      0.397      0.000
 509  495      1.438     -0.016      0.000
 508  497      1.440     -0.945      0.000
  -1  501      1.445     -1.169      0.000
 510  498      1.447     -0.138      0.000
  -1  499      1.447     -0.997      0.000
 512  502      1.456      0.093      0.000
 513  503      1.461     -0.640      0.000
 516  504      1.472      0.642      0.000
 517  505      1.473      0.528      0.000
 519  507      1.492      0.348      0.000
 520  508      1.499      1.011      0.000
 514  510      1.499     -1.056      0.000
  -1   -2      1.501      0.715      0.000
 522  509      1.503      1.130      0.000
 523  494      1.517      0.934      0.000
  -1   -2      1.525     -1.108      0.000
 526  511      1.525      0.411      0.000
 527  513      1.537      1.050      0.000
 528  516      1.540     -0.801      0.000
 529  515      1.542     -0.921      0.000
 515   -2      1.544     -1.175      0.000
 530  517      1.549     -0.695      0.000
