528
   1    0     -1.574     -1.173      0.000
   0    1     -1.573      0.511      0.000
  -1    2     -1.570      0.655      0.000
  -1   12     -1.564      0.973      0.000
   2    3     -1.561     -0.918      0.000
   3    4     -1.559      0.179      0.000
   5    5     -1.549     -0.397      0.000
   6    6     -1.548      0.802      0.000
  -1    9     -1.529      0.601      0.000
   9    7     -1.527      0.415      0.000
  11   13     -1.506      0.346      0.000
  13   14     -1.494     -0.454      0.000
  15   15     -1.489      0.061      0.000
  17   17     -1.476      0.846      0.000
  18   -2     -1.471     -0.289      0.000
  19   18     -1.463     -0.745      0.000
  21   19     -1.458     -0.493      0.000
  20   21     -1.456      0.763      0.000
  22   20     -1.454      1.161      0.000
  23   22     -1.451      0.895      0.000
  24   23     -1.447      0.725      0.000
  26   24     -1.445     -0.027      0.000
  27   26     -1.441      0.194      0.000
  28   16     -1.436     -1.169      0.000
  -1   -2     -1.435      0.382      0.000
  12   -2     -1.415      0.992      0.000
  16   39     -1.403     -1.120      0.000
  -1   30     -1.397      0.464      0.000
  34   32     -1.391      0.650      0.000
  35   33     -1.381     -0.421      0.000
  36   35     -1.366     -0.026      0.000
  38   34     -1.359     -0.773      0.000
  39   -2     -1.356      0.592      0.000
  40   36     -1.353     -0.985      0.000
  43   38     -1.338     -0.161      0.000
  41   37     -1.336      1.048      0.000
  44   40     -1.323     -1.025      0.000
  32   57     -1.301     -0.621      0.000
  46   42     -1.291     -0.730      0.000
  50   43     -1.279     -0.946      0.000
  49   45     -1.277      0.453      0.000
  48   -2     -1.276     -1.167      0.000
  -1   44     -1.266     -1.117      0.000
  51   -2     -1.260      0.709      0.000
  -1   -2     -1.257      0.486      0.000
  53   47     -1.252      0.923      0.000
  52   48     -1.252      0.809      0.000
  54   50     -1.244     -0.129      0.000
  56   49     -1.242      1.100      0.000
  55   -2     -1.241     -0.408      0.000
  57   51     -1.229     -0.735      0.000
  -1   -2     -1.227      1.141      0.000
  59   53     -1.219     -1.104      0.000
  60   54     -1.218     -0.940      0.000
  58   55     -1.218      0.440      0.000
  62   -2     -1.213     -0.484      0.000
  -1   -2     -1.209     -0.876      0.000
  63   58     -1.209      0.718      0.000
  -1   -2     -1.207     -0.640      0.000
  64   60     -1.197     -0.328      0.000
  65   59     -1.195     -0.426      0.000
  66   61     -1.188      0.525      0.000
  67   -2     -1.185      0.204      0.000
  68   62     -1.181      0.604      0.000
  -1   63     -1.179     -0.185      0.000
  69   64     -1.174      0.425      0.000
  72   65     -1.169     -1.172      0.000
  74   -2     -1.160      1.083      0.000
  75   67     -1.155      1.125      0.000
  70   68     -1.154     -0.926      0.000
  80   69     -1.148     -0.964      0.000
  78   70     -1.144     -0.244      0.000
  79   71     -1.144      0.364      0.000
  81   72     -1.142      0.623      0.000
  -1   73     -1.134     -1.128      0.000
  82   74     -1.125      0.864      0.000
  -1   -2     -1.124      0.468      0.000
  84   75     -1.110      1.115      0.000
  85   76     -1.096     -0.472      0.000
  87   77     -1.093     -1.100      0.000
  86   78     -1.087      0.323      0.000
  -1   -2     -1.070     -0.096      0.000
  88   79     -1.064     -0.793      0.000
  -1   -2     -1.049      0.522      0.000
  89   81     -1.046      0.594      0.000
  90   80     -1.029     -1.156      0.000
  91   84     -1.013     -0.141      0.000
  92   83     -1.011     -0.928      0.000
  93   86     -1.008      0.343      0.000
  94   85     -1.002      1.075      0.000
  95   87     -0.997     -0.009      0.000
  96   88     -0.990     -0.222      0.000
  -1   89     -0.984     -0.035      0.000
  -1   90     -0.977      0.459      0.000
  -1   92     -0.973     -1.132      0.000
  97   -2     -0.963      0.322      0.000
 100   96     -0.957      0.397      0.000
 101   97     -0.953     -0.455      0.000
 105   -2     -0.936      0.620      0.000
 104  101     -0.935     -0.054      0.000
 109  100     -0.930     -0.993      0.000
 110  102     -0.929      1.161      0.000
 106  104     -0.925      0.039      0.000
 107  103     -0.925     -0.632      0.000
 112   91     -0.923      0.745      0.000
 111  106     -0.915     -1.066      0.000
 113  107     -0.905      1.113      0.000
 114  108     -0.902     -0.768      0.000
 116  109     -0.899     -0.716      0.000
 115  110     -0.897      0.140      0.000
 103  125     -0.886     -1.167      0.000
 117  112     -0.878     -0.144      0.000
 119  113     -0.869      0.814      0.000
 120  114     -0.868     -0.443      0.000
  -1  105     -0.856      0.632      0.000
 121   -2     -0.851     -0.344      0.000
 122  115     -0.849     -0.096      0.000
 125  117     -0.838      0.879      0.000
 126  116     -0.837      1.050      0.000
  -1  118     -0.828      0.217      0.000
 127  120     -0.824     -0.760      0.000
 128  119     -0.823      1.095      0.000
 129  121     -0.821      0.987      0.000
 131   -2     -0.797      0.031      0.000
  -1   -2     -0.788      0.743      0.000
 132   -2     -0.784      0.774      0.000
 133  128     -0.778     -0.538      0.000
 134  126     -0.772      0.699      0.000
 135  130     -0.767     -0.286      0.000
 136  129     -0.766      0.957      0.000
 143  127     -0.756      0.848      0.000
 137  131     -0.754     -0.934      0.000
  -1  133     -0.752     -1.156      0.000
 139  134     -0.743     -0.670      0.000
 138  136     -0.742      0.050      0.000
 140  135     -0.741     -0.543      0.000
 141  138     -0.737     -0.255      0.000
  -1  137     -0.730     -0.964      0.000
 142  139     -0.718      0.327      0.000
 144   -2     -0.715      0.972      0.000
 145  140     -0.714     -1.012      0.000
 146  141     -0.701      1.029      0.000
 147  143     -0.696     -0.477      0.000
  -1  151     -0.694     -1.172      0.000
 148   -2     -0.690      0.591      0.000
  -1  144     -0.687      1.094      0.000
 150  146     -0.683     -0.206      0.000
  -1  142     -0.677      0.263      0.000
 151  147     -0.677      0.443      0.000
 152  148     -0.671      0.838      0.000
 153  149     -0.670     -0.734      0.000
  -1  150     -0.662      1.151      0.000
 154  153     -0.654      0.080      0.000
 156  152     -0.651     -0.262      0.000
 155  154     -0.650      0.174      0.000
  -1  155     -0.645      1.064      0.000
 157  156     -0.644     -0.469      0.000
 158  157     -0.640      1.099      0.000
  -1  158     -0.637      1.020      0.000
 159  159     -0.633      0.625      0.000
 161  160     -0.629     -0.730      0.000
 160  161     -0.626     -0.032      0.000
  -1   -2     -0.621      0.747      0.000
 162  162     -0.618     -0.972      0.000
 164  163     -0.615     -1.051      0.000
 165  164     -0.602     -0.104      0.000
  -1  165     -0.595      0.122      0.000
 166  167     -0.582      0.986      0.000
 149  182     -0.580     -1.175      0.000
 167  168     -0.577     -0.243      0.000
 168  169     -0.565      0.409      0.000
 170  170     -0.560     -0.934      0.000
 172  172     -0.544     -0.612      0.000
  -1  166     -0.537     -1.165      0.000
 173   -2     -0.537     -1.085      0.000
 174  173     -0.532      0.290      0.000
 175  174     -0.530      0.888      0.000
 176  175     -0.528      1.103      0.000
 177  176     -0.518     -0.147      0.000
 179  177     -0.514      0.456      0.000
  -1  178     -0.496     -0.698      0.000
 180  180     -0.491      0.666      0.000
 181  179     -0.489     -0.241      0.000
  -1  183     -0.484     -0.206      0.000
  -1  181     -0.482     -1.139      0.000
  -1  184     -0.474     -0.526      0.000
 183  185     -0.462     -0.754      0.000
 184  187     -0.459      0.639      0.000
  -1  186     -0.458     -1.101      0.000
 185  189     -0.454     -0.864      0.000
 189  188     -0.452     -0.965      0.000
 186  190     -0.444     -0.582      0.000
 188   -2     -0.434      0.355      0.000
 192  192     -0.421      1.106      0.000
 195   -2     -0.421     -1.160      0.000
 191  193     -0.420     -0.649      0.000
  -1   -2     -0.419     -1.119      0.000
 193  195     -0.414      0.263      0.000
 215   -2     -0.406      0.462      0.000
 194  197     -0.405      0.763      0.000
 190  200     -0.401      0.946      0.000
 196  198     -0.397     -0.484      0.000
  -1  199     -0.395      0.872      0.000
 199  201     -0.393     -0.857      0.000
 200  202     -0.382     -0.143      0.000
 201  203     -0.367      0.687      0.000
  -1  204     -0.364     -0.390      0.000
 202  205     -0.361      0.355      0.000
 203  206     -0.354     -1.170      0.000
 216  194     -0.352     -1.095      0.000
 205   -2     -0.346     -0.639      0.000
 206  207     -0.340      0.112      0.000
 207  209     -0.337     -0.319      0.000
  -1   -2     -0.335     -0.724      0.000
 208  208     -0.334      1.124      0.000
 209  210     -0.327     -0.809      0.000
 210   -2     -0.320      0.668      0.000
 211  211     -0.310      0.635      0.000
 212  212     -0.304     -0.857      0.000
 213  213     -0.299     -0.561      0.000
 214  215     -0.297      0.025      0.000
  -1   -2     -0.275     -1.128      0.000
 217  218     -0.272      0.595      0.000
  -1  217     -0.272     -0.735      0.000
 224   -2     -0.265      0.844      0.000
 219  219     -0.264     -0.935      0.000
  -1  220     -0.264      0.075      0.000
 220   -2     -0.258     -1.165      0.000
 221   -2     -0.248     -1.053      0.000
 222  222     -0.232     -1.008      0.000
 223  224     -0.227     -1.091      0.000
 225  225     -0.217     -0.134      0.000
 226  226     -0.195      0.321      0.000
 235   -2     -0.195      0.398      0.000
  -1   -2     -0.193     -0.129      0.000
 231  227     -0.192     -0.520      0.000
 229  228     -0.191     -1.072      0.000
 228  230     -0.190     -0.629      0.000
 233  229     -0.190     -1.037      0.000
 230  231     -0.187     -0.047      0.000
 252  221     -0.181     -1.165      0.000
 242   -2     -0.176      1.070      0.000
 232  233     -0.176      1.109      0.000
 234  236     -0.171     -0.239      0.000
  -1  235     -0.170      0.510      0.000
 236  234     -0.170      0.275      0.000
  -1  237     -0.156     -0.540      0.000
 237  238     -0.149      0.194      0.000
 240   -2     -0.143     -0.109      0.000
 239  240     -0.139     -0.856      0.000
 243  244     -0.120     -0.242      0.000
 245  243     -0.120      1.114      0.000
 244  245     -0.118      0.290      0.000
 246  246     -0.113     -0.490      0.000
  -1  248     -0.097     -0.968      0.000
 247  250     -0.096      0.012      0.000
  -1  251     -0.093     -1.165      0.000
 249  252     -0.087      0.952      0.000
 250  253     -0.080     -0.917      0.000
 253  254     -0.067      1.064      0.000
 255  256     -0.050     -0.084      0.000
 266   -2     -0.040      0.260      0.000
  -1   -2     -0.037      0.961      0.000
 261   -2     -0.037      1.009      0.000
 258  260     -0.029      0.459      0.000
 259  261     -0.021      0.052      0.000
 276  259      0.004      0.116      0.000
 263  269      0.005      0.794      0.000
 265  267      0.006     -1.020      0.000
 260  272      0.014      0.274      0.000
 267  285      0.017     -0.018      0.000
 269  277      0.048      0.525      0.000
  -1  284      0.050      0.046      0.000
  -1  278      0.057      0.728      0.000
 279  270      0.059     -1.165      0.000
  -1  275      0.060     -1.072      0.000
 272  279      0.063     -0.888      0.000
 273  280      0.067     -0.734      0.000
 274  281      0.070      0.134      0.000
 275  282      0.081     -0.550      0.000
 277   -2      0.083      0.100      0.000
  -1   -2      0.083     -0.024      0.000
  -1   -2      0.094      0.363      0.000
 280  286      0.105     -1.120      0.000
  -1  263      0.107      0.999      0.000
  -1  287      0.110      0.328      0.000
 271  306      0.137      0.781      0.000
 281  291      0.137     -0.356      0.000
 282  290      0.138     -0.953      0.000
 283  292      0.142      0.681      0.000
  -1  298      0.144     -1.003      0.000
  -1  288      0.147     -0.516      0.000
 284   -2      0.151      0.540      0.000
  -1  294      0.154     -1.047      0.000
 285  295      0.165      0.850      0.000
 286  297      0.178      0.297      0.000
 287   -2      0.185     -0.536      0.000
 288   -2      0.188     -1.007      0.000
 290  300      0.198     -0.339      0.000
  -1   -2      0.210     -1.038      0.000
  -1   -2      0.211      0.584      0.000
 291  302      0.212     -0.825      0.000
 292  303      0.219      1.053      0.000
 293  304      0.221      0.038      0.000
  -1  305      0.226     -0.583      0.000
 296  308      0.229     -0.704      0.000
 298  293      0.230      0.448      0.000
 297  307      0.232      0.320      0.000
 301  309      0.241     -1.003      0.000
 302  310      0.247     -0.100      0.000
 303  311      0.273     -0.272      0.000
 305  312      0.279      0.786      0.000
  -1   -2      0.289     -0.679      0.000
 306  313      0.291      0.988      0.000
 308   -2      0.295      1.140      0.000
 307  314      0.298      0.917      0.000
 304  324      0.302      0.204      0.000
 310  301      0.304      0.579      0.000
 312  316      0.325     -1.054      0.000
 311  317      0.328     -1.172      0.000
 313   -2      0.341     -0.245      0.000
  -1  319      0.346     -0.302      0.000
 314  318      0.351     -0.137      0.000
 315  320      0.353      0.056      0.000
 317   -2      0.354      0.567      0.000
 316  321      0.356     -0.680      0.000
  -1  340      0.359      1.122      0.000
 319  322      0.359      0.836      0.000
 318  323      0.360     -1.021      0.000
  -1  326      0.364     -1.101      0.000
 321  315      0.377      0.159      0.000
 324   -2      0.386     -1.074      0.000
 322  328      0.389     -0.313      0.000
 323  329      0.392     -0.661      0.000
  -1   -2      0.394      0.584      0.000
 326  334      0.416     -0.966      0.000
 328  335      0.423      0.054      0.000
 327  331      0.424      0.534      0.000
 329  336      0.430     -0.319      0.000
 330  337      0.434     -0.746      0.000
  -1  338      0.437     -0.363      0.000
 332  339      0.445      0.243      0.000
 333   -2      0.453     -0.547      0.000
 334  341      0.456      0.141      0.000
 335  343      0.462      1.039      0.000
 336  346      0.472     -0.671      0.000
  -1   -2      0.480     -0.978      0.000
 337  347      0.480     -0.496      0.000
 339  348      0.493      0.007      0.000
  -1  367      0.494     -1.153      0.000
  -1  344      0.495      0.676      0.000
 341  349      0.500      0.573      0.000
 342  350      0.506     -0.348      0.000
 343  352      0.509     -0.831      0.000
 344  353      0.516     -0.678      0.000
  -1   -2      0.516     -0.093      0.000
 346  354      0.531      0.608      0.000
 347  359      0.536      1.138      0.000
 351  355      0.539      0.458      0.000
 350  357      0.544     -0.525      0.000
 373  351      0.553      0.260      0.000
 355  362      0.557     -0.020      0.000
 354  363      0.557      0.750      0.000
 358  360      0.557     -0.808      0.000
 360  365      0.577      0.631      0.000
 352  379      0.582     -0.237      0.000
 361   -2      0.592     -1.132      0.000
 362  368      0.594     -0.490      0.000
 363   -2      0.597     -0.996      0.000
  -1   -2      0.607     -1.166      0.000
  -1   -2      0.609     -0.797      0.000
 364  370      0.611     -0.900      0.000
 365  371      0.615     -1.051      0.000
 367  372      0.619      1.135      0.000
 368   -2      0.621      0.704      0.000
 371  369      0.623     -1.023      0.000
 369  373      0.626      0.885      0.000
 370  374      0.633      0.763      0.000
 372  375      0.636     -0.659      0.000
 374  378      0.654     -0.755      0.000
  -1  377      0.656     -0.034      0.000
 375  380      0.669     -0.605      0.000
 377  381      0.678      0.417      0.000
 379  383      0.681      0.449      0.000
 378  382      0.681      0.683      0.000
 376   -2      0.681      1.032      0.000
 382  386      0.716      0.803      0.000
 380  387      0.717     -0.422      0.000
 381  390      0.722     -0.796      0.000
 384  392      0.729      0.727      0.000
  -1  393      0.731     -1.021      0.000
 385  394      0.735      1.043      0.000
  -1  395      0.742      0.408      0.000
 388  397      0.747     -0.593      0.000
 389  398      0.752     -0.645      0.000
 383  411      0.760     -1.070      0.000
 391   -2      0.766      0.949      0.000
 393  401      0.782      1.052      0.000
  -1  404      0.788     -1.035      0.000
 395  407      0.789     -0.983      0.000
 396  405      0.791     -0.345      0.000
 397  406      0.798      0.904      0.000
 398  408      0.806     -0.604      0.000
  -1  409      0.811     -0.783      0.000
  -1  410      0.822      0.101      0.000
 400   -2      0.830     -1.111      0.000
  -1  413      0.839      0.215      0.000
 402  414      0.842     -1.049      0.000
 399  429      0.845     -0.852      0.000
  -1  417      0.858     -1.155      0.000
 406  418      0.866     -0.282      0.000
 407  422      0.868      1.123      0.000
 410  421      0.871     -0.142      0.000
 408  419      0.872      0.812      0.000
  -1   -2      0.885      0.392      0.000
 411  424      0.886      0.556      0.000
 412  425      0.894      0.332      0.000
 414  426      0.895      0.288      0.000
 413  427      0.897     -1.006      0.000
  -1   -2      0.906      0.453      0.000
  -1   -2      0.911     -0.947      0.000
 416  428      0.912      0.803      0.000
 419  431      0.934      0.991      0.000
 420  433      0.938      1.089      0.000
 417   -2      0.939     -0.808      0.000
 418  432      0.940     -1.077      0.000
 422  435      0.942     -0.054      0.000
 423  437      0.959     -1.141      0.000
 424  438      0.963     -0.460      0.000
 425  439      0.967     -0.271      0.000
 426  440      0.976     -0.554      0.000
  -1  442      0.984     -0.719      0.000
 427  441      0.984     -0.170      0.000
 429  443      0.991      0.694      0.000
  -1  444      0.993     -0.300      0.000
  -1  445      0.999      0.636      0.000
  -1   -2      1.000     -1.172      0.000
 433  447      1.004      0.590      0.000
 431   -2      1.004      0.967      0.000
 432  446      1.005      0.132      0.000
  -1   -2      1.010      0.198      0.000
 428   -2      1.022      0.090      0.000
  -1  450      1.022      0.260      0.000
 435  451      1.024      0.377      0.000
 438   -2      1.025     -0.341      0.000
  -1  452      1.025     -0.857      0.000
  -1   -2      1.049     -0.005      0.000
 437  455      1.050     -0.277      0.000
  -1  457      1.058     -0.926      0.000
 439  459      1.061     -0.627      0.000
 441  458      1.063      0.196      0.000
 442  460      1.064     -0.177      0.000
 459   -2      1.074      0.338      0.000
 443  470      1.084     -0.741      0.000
 444  462      1.087      0.484      0.000
  -1  465      1.090     -0.490      0.000
  -1  468      1.094      1.138      0.000
 446  463      1.100     -0.274      0.000
 450  464      1.106      0.416      0.000
 448  466      1.109     -1.035      0.000
 451   -2      1.110     -0.371      0.000
 457   -2      1.113      0.722      0.000
 452   -2      1.121      1.013      0.000
 454  467      1.123     -0.067      0.000
 455   -2      1.127     -0.705      0.000
  -1  469      1.129      0.940      0.000
 469  453      1.133     -1.153      0.000
  -1  471      1.147      0.631      0.000
 458  473      1.148      0.808      0.000
  -1  482      1.158     -0.632      0.000
 461  477      1.163      1.016      0.000
  -1  476      1.166      0.693      0.000
 462  479      1.167     -0.849      0.000
 477  449      1.175     -0.038      0.000
 465   -2      1.197     -0.621      0.000
 464  484      1.203      0.233      0.000
 467  485      1.212      0.066      0.000
 470  487      1.250      0.885      0.000
  -1  483      1.253      0.175      0.000
 471  488      1.263     -0.580      0.000
 473  491      1.274     -0.444      0.000
 476  492      1.291      1.021      0.000
  -1  502      1.299     -0.118      0.000
 472  506      1.317     -1.175      0.000
 475   -2      1.323     -1.004      0.000
 483  494      1.330     -0.588      0.000
 484  498      1.340      0.275      0.000
 485  500      1.350     -0.671      0.000
 486  501      1.373     -1.053      0.000
 493  499      1.378     -0.560      0.000
 488  503      1.379      0.405      0.000
 489  505      1.386     -1.112      0.000
 490   -2      1.387     -1.175      0.000
 491  507      1.410      1.156      0.000
 492  508      1.414     -1.069      0.000
  -1  509      1.420      0.794      0.000
 494  510      1.422      0.456      0.000
  -1   -2      1.437     -0.761      0.000
 496  511      1.441     -0.578      0.000
 495  512      1.443     -0.441      0.000
 497  514      1.447     -1.170      0.000
 498  513      1.448     -0.331      0.000
 499  515      1.451     -0.509      0.000
 501  516      1.459      0.161      0.000
  -1  517      1.460      0.594      0.000
 502   -2      1.460      0.072      0.000
  -1   -2      1.477     -0.045      0.000
  -1  519      1.490      0.683      0.000
 503  521      1.492     -0.886      0.000
 505   -2      1.497     -0.264      0.000
 504  520      1.498     -1.055      0.000
 506  522      1.501      0.239      0.000
 507  523      1.508      0.575      0.000
  -1   -2      1.525      1.105      0.000
  -1   -2      1.528     -0.973      0.000
 509  525      1.536      0.660      0.000
 512  526      1.541      0.916      0.000
 510  528      1.542     -0.355      0.000
 511   -2      1.542     -0.598      0.000
  -1  527      1.546     -0.664      0.000
  -1  530      1.547      0.025      0.000
 513  529      1.548     -0.295      0.000
 514  531      1.552     -0.107      0.000
 515  532      1.554      0.290      0.000
 516  533      1.554     -1.172      0.000
  -1   -2      1.560     -0.753      0.000
 517  534      1.561     -1.064      0.000
 518  536      1.573     -0.960      0.000
