550
  -1    0     -1.575      0.917      0.000
   0    1     -1.570     -0.814      0.000
   1   -2     -1.568     -1.141      0.000
   3   -2     -1.549      0.868      0.000
   4    4     -1.546      0.235      0.000
  -1   -2     -1.543      0.687      0.000
  -1    3     -1.541      0.351      0.000
   5    5     -1.531      0.300      0.000
   6    6     -1.525      0.567      0.000
  -1    7     -1.521      0.444      0.000
   7   14     -1.520     -1.174      0.000
  10    8     -1.515     -1.114      0.000
  -1    9     -1.512      0.705      0.000
  11   10     -1.511     -0.321      0.000
  12   11     -1.503      0.165      0.000
  13   -2     -1.495      0.916      0.000
   9   -2     -1.488      0.614      0.000
   2   -2     -1.481     -0.099      0.000
  16   -2     -1.480     -1.128      0.000
  18   17     -1.468     -0.551      0.000
  -1   16     -1.468      0.367      0.000
  19   15     -1.466      1.065      0.000
  -1   24     -1.462     -0.323      0.000
  20   18     -1.455     -0.380      0.000
  22   19     -1.455     -0.652      0.000
  15   -2     -1.442      0.568      0.000
  23   22     -1.442      0.754      0.000
  24   23     -1.438      0.306      0.000
  25   21     -1.425     -1.042      0.000
  26   26     -1.424      0.806      0.000
  27   27     -1.421      0.067      0.000
  28   29     -1.419     -0.416      0.000
  30   -2     -1.412     -0.233      0.000
  29   30     -1.412      0.680      0.000
  32   25     -1.408     -1.161      0.000
  31   32     -1.397      0.645      0.000
  35   33     -1.373     -0.901      0.000
  34   34     -1.372     -0.009      0.000
  36   31     -1.366      0.033      0.000
  37   35     -1.360      0.178      0.000
  39   36     -1.353      1.157      0.000
  -1   38     -1.353      0.334      0.000
  40   39     -1.348     -0.938      0.000
  41   40     -1.330      0.968      0.000
  44   41     -1.326     -1.082      0.000
  42   43     -1.326     -0.358      0.000
  43   45     -1.325      0.583      0.000
  -1   44     -1.322      0.923      0.000
  46   47     -1.299     -0.856      0.000
  48   48     -1.297     -1.172      0.000
  50   51     -1.272     -0.658      0.000
  51   52     -1.267     -0.553      0.000
  52   54     -1.255     -0.130      0.000
  -1   -2     -1.253     -0.608      0.000
  53   53     -1.253     -1.023      0.000
  55   55     -1.245      1.031      0.000
  -1   56     -1.229     -1.173      0.000
  56   57     -1.229     -0.870      0.000
  57   58     -1.224      0.859      0.000
  -1   -2     -1.212     -0.807      0.000
  59   59     -1.210     -0.673      0.000
  60   61     -1.205      0.752      0.000
  61   62     -1.195      0.658      0.000
  63   63     -1.184      0.416      0.000
  64   65     -1.175     -0.366      0.000
  66   64     -1.175     -1.166      0.000
  65   -2     -1.173     -0.583      0.000
  69   -2     -1.164      1.062      0.000
  67   66     -1.163     -0.899      0.000
  68   67     -1.163     -0.862      0.000
  62   73     -1.158     -1.118      0.000
  82   68     -1.155      1.023      0.000
  71   70     -1.147     -0.111      0.000
  72   71     -1.146      0.671      0.000
  -1   -2     -1.133     -0.060      0.000
  73   72     -1.127     -0.388      0.000
  75   76     -1.118      0.410      0.000
  79   74     -1.116      1.065      0.000
  76   75     -1.115     -0.324      0.000
  78   78     -1.113     -0.294      0.000
  80   79     -1.104     -1.168      0.000
  -1   77     -1.102     -0.497      0.000
  81   80     -1.093      0.489      0.000
  83   83     -1.083      0.821      0.000
  74   94     -1.080     -1.090      0.000
  86   86     -1.073      0.195      0.000
  87   85     -1.071      0.398      0.000
  90   88     -1.059      0.591      0.000
  92   89     -1.050     -0.225      0.000
  91   -2     -1.048     -0.749      0.000
  -1   -2     -1.042     -0.399      0.000
  94   90     -1.034      0.345      0.000
  95   91     -1.031     -0.442      0.000
  96   92     -1.017     -0.887      0.000
  97   93     -1.011     -1.083      0.000
  98   95     -1.008      0.927      0.000
 100   -2     -1.006     -1.168      0.000
 101   96     -0.999      1.042      0.000
 102   98     -0.986     -0.591      0.000
  -1   99     -0.979     -0.954      0.000
  -1   -2     -0.976      0.603      0.000
 104   97     -0.974     -0.671      0.000
  -1  100     -0.972     -1.022      0.000
 103  102     -0.971      0.312      0.000
 105  101     -0.967      1.070      0.000
 106  103     -0.960      0.576      0.000
 107  104     -0.956     -0.089      0.000
  -1  108     -0.938     -0.961      0.000
 110  110     -0.908      1.094      0.000
 111  111     -0.906      0.695      0.000
 112  112     -0.900     -0.135      0.000
 114  119     -0.895     -1.160      0.000
  -1  121     -0.888      0.473      0.000
 115  113     -0.886     -0.216      0.000
 123  116     -0.884      0.330      0.000
 116  118     -0.880     -0.010      0.000
 118  115     -0.880     -0.618      0.000
  -1  114     -0.879     -0.749      0.000
 120  117     -0.878     -0.046      0.000
 121  120     -0.864     -0.698      0.000
 122  123     -0.859      0.255      0.000
 124  122     -0.853      0.737      0.000
 130   -2     -0.842      0.390      0.000
  -1  124     -0.842      0.313      0.000
 126  127     -0.826      1.046      0.000
 128  129     -0.821      1.093      0.000
 127  128     -0.820      0.813      0.000
 129  130     -0.816     -0.055      0.000
 131  133     -0.803      0.037      0.000
 132  131     -0.802     -0.949      0.000
 134  134     -0.797      0.990      0.000
 133  135     -0.795      0.882      0.000
 119  137     -0.793     -0.800      0.000
 135  136     -0.793     -0.754      0.000
 136  138     -0.790     -0.442      0.000
  -1  151     -0.776      0.639      0.000
  -1   -2     -0.775     -0.183      0.000
 138  139     -0.773      0.139      0.000
 139  141     -0.764     -0.144      0.000
  -1  156     -0.754      0.516      0.000
 137   -2     -0.754     -1.073      0.000
 143  147     -0.750     -1.167      0.000
 144  144     -0.740      0.971      0.000
 145  146     -0.736     -0.100      0.000
 142   -2     -0.734     -0.963      0.000
 146  148     -0.727      0.772      0.000
  -1  149     -0.726     -1.009      0.000
 149  150     -0.721      0.066      0.000
  -1   -2     -0.716      0.667      0.000
 152  152     -0.714     -0.547      0.000
  -1   -2     -0.704      0.217      0.000
 155  154     -0.700     -0.679      0.000
 151  155     -0.700      0.715      0.000
  -1   -2     -0.695     -0.631      0.000
 156  157     -0.687      1.051      0.000
 163  143     -0.685     -0.986      0.000
 157  160     -0.683      0.915      0.000
 158   -2     -0.682     -1.127      0.000
 159  161     -0.679     -0.556      0.000
  -1   -2     -0.677     -0.664      0.000
 160  162     -0.670     -0.297      0.000
 162   -2     -0.657      1.083      0.000
  -1   -2     -0.653     -1.172      0.000
  -1  164     -0.642      1.131      0.000
 177  159     -0.642     -1.108      0.000
 166  167     -0.636     -0.270      0.000
 168  166     -0.635     -0.754      0.000
 167  168     -0.635     -0.421      0.000
 169  169     -0.630     -1.066      0.000
  -1   -2     -0.627      0.399      0.000
 172  171     -0.624     -0.496      0.000
 173   -2     -0.623      0.872      0.000
 170  174     -0.622      0.048      0.000
 174  170     -0.621     -0.993      0.000
 184  163     -0.620      1.061      0.000
 176  175     -0.606      0.339      0.000
 178  176     -0.593     -0.757      0.000
 180  177     -0.586      0.263      0.000
 181  178     -0.580     -0.223      0.000
 182  180     -0.575      0.465      0.000
 183  182     -0.571     -0.495      0.000
 185  184     -0.557      0.656      0.000
 186  185     -0.551     -0.960      0.000
  -1   -2     -0.549     -0.547      0.000
 193  172     -0.541      0.897      0.000
 187  186     -0.540      0.080      0.000
 188  188     -0.536      0.183      0.000
 189  189     -0.532      1.155      0.000
 190  190     -0.515     -0.043      0.000
 191  191     -0.503     -1.174      0.000
 192  192     -0.496     -0.120      0.000
 194  193     -0.492     -0.655      0.000
 196  195     -0.482     -0.270      0.000
  -1   -2     -0.471     -0.007      0.000
 199  196     -0.466      0.429      0.000
 200  198     -0.442     -0.921      0.000
 202  199     -0.433     -0.809      0.000
 201   -2     -0.431      0.310      0.000
 204  202     -0.428      0.720      0.000
 203  203     -0.428     -0.489      0.000
 206   -2     -0.425     -1.025      0.000
 205  204     -0.421     -0.169      0.000
  -1   -2     -0.420      0.607      0.000
 207  206     -0.416     -0.576      0.000
 208  205     -0.413     -1.118      0.000
 209  207     -0.404     -0.271      0.000
  -1  194     -0.403      0.061      0.000
 210  208     -0.394     -0.236      0.000
 211  209     -0.394      0.697      0.000
 212  210     -0.392     -0.636      0.000
 214  212     -0.378      1.026      0.000
 215  211     -0.377     -0.926      0.000
 216  215     -0.362      0.950      0.000
 222  200     -0.360      0.441      0.000
 218  216     -0.357      0.835      0.000
  -1   -2     -0.351     -1.031      0.000
 220  236     -0.339      0.177      0.000
 219  217     -0.338     -0.543      0.000
 221  219     -0.331      0.295      0.000
 224  221     -0.317      0.759      0.000
 225   -2     -0.310      0.270      0.000
 226  222     -0.307     -0.890      0.000
 227  220     -0.306     -0.712      0.000
  -1  223     -0.302     -0.803      0.000
 228  224     -0.300     -0.447      0.000
 229  225     -0.298     -0.173      0.000
 230  226     -0.291     -0.940      0.000
 223  233     -0.290     -1.161      0.000
 232  229     -0.282      0.392      0.000
 234  231     -0.268     -0.372      0.000
 235  232     -0.261     -1.026      0.000
  -1  234     -0.260      0.706      0.000
 237   -2     -0.255     -0.638      0.000
  -1  237     -0.242     -0.823      0.000
  -1  235     -0.237     -0.606      0.000
 238  239     -0.230     -1.092      0.000
  -1  241     -0.222      0.014      0.000
 240  242     -0.219      0.670      0.000
 239   -2     -0.215     -0.158      0.000
  -1   -2     -0.212      1.014      0.000
  -1  243     -0.199     -1.139      0.000
  -1   -2     -0.192     -0.042      0.000
 243   -2     -0.190      0.074      0.000
 249   -2     -0.189     -1.070      0.000
  -1   -2     -0.183     -0.265      0.000
 244  247     -0.180     -0.241      0.000
 245  246     -0.177     -1.151      0.000
 246  248     -0.160     -0.725      0.000
 248   -2     -0.152     -0.608      0.000
 247  249     -0.149     -0.166      0.000
 251  252     -0.138      0.455      0.000
 250  253     -0.136      0.362      0.000
 252  254     -0.130     -0.966      0.000
 253  256     -0.127     -0.072      0.000
  -1   -2     -0.125      1.150      0.000
 254  257     -0.122      0.582      0.000
  -1  264     -0.118     -1.168      0.000
 255  265     -0.114      0.309      0.000
  -1  251     -0.109     -0.620      0.000
 256  258     -0.093      0.214      0.000
 258  260     -0.084     -0.152      0.000
 259  259     -0.083      1.080      0.000
 271   -2     -0.078     -1.028      0.000
 261  262     -0.077     -0.580      0.000
 263  263     -0.073     -0.293      0.000
 266   -2     -0.070      0.328      0.000
  -1  266     -0.059      0.505      0.000
 267   -2     -0.058      0.547      0.000
 286  244     -0.048     -0.002      0.000
  -1   -2     -0.044      1.098      0.000
 269   -2     -0.039      1.143      0.000
 260   -2     -0.033      0.702      0.000
  -1   -2     -0.021      0.896      0.000
 284  268     -0.016      1.131      0.000
 272  270     -0.010     -0.117      0.000
  -1  276     -0.009     -1.169      0.000
 274  271     -0.005      0.529      0.000
 275   -2     -0.002      0.292      0.000
  -1  274      0.002      0.115      0.000
 276  272      0.013      0.915      0.000
 279  273      0.016      0.801      0.000
  -1   -2      0.017      0.043      0.000
  -1  287      0.018     -0.698      0.000
 283  275      0.034      0.535      0.000
 273  285      0.037     -1.167      0.000
 285  278      0.042      0.312      0.000
  -1   -2      0.044     -0.858      0.000
 278  290      0.051     -0.041      0.000
  -1   -2      0.058      1.104      0.000
  -1   -2      0.061     -0.277      0.000
 288  280      0.062      0.841      0.000
 287  281      0.063      0.607      0.000
 289  282      0.067     -1.014      0.000
 294   -2      0.069     -0.952      0.000
 290  284      0.075     -0.854      0.000
  -1   -2      0.091      1.074      0.000
 291  286      0.091      0.143      0.000
 292   -2      0.092     -0.655      0.000
  -1   -2      0.095      1.139      0.000
 293  288      0.102      0.102      0.000
 270   -2      0.105     -0.469      0.000
  -1   -2      0.105     -1.032      0.000
  -1   -2      0.108     -0.146      0.000
 301   -2      0.113     -1.166      0.000
 295  291      0.119      0.377      0.000
  -1  293      0.132      0.747      0.000
 296   -2      0.135      0.901      0.000
 297   -2      0.139      0.790      0.000
  -1  292      0.140     -0.955      0.000
  -1  294      0.141     -0.541      0.000
 299  296      0.146     -0.437      0.000
 300  297      0.148      0.628      0.000
 302  299      0.156     -0.617      0.000
 303  298      0.157      0.977      0.000
 304  301      0.174      0.338      0.000
 305  303      0.186     -0.636      0.000
 306  304      0.193     -1.133      0.000
 309  308      0.207      0.898      0.000
 316  302      0.211     -1.163      0.000
 310  309      0.216     -0.949      0.000
 311  310      0.216      0.029      0.000
 313  311      0.218      0.518      0.000
  -1  312      0.223     -0.268      0.000
 314  314      0.229     -0.818      0.000
 315  315      0.241     -0.135      0.000
 318  316      0.253     -1.122      0.000
 333   -2      0.259     -0.600      0.000
 321  317      0.260      0.903      0.000
 320  318      0.261     -0.839      0.000
 322  319      0.264      0.126      0.000
  -1  320      0.266     -0.332      0.000
  -1  327      0.275      0.738      0.000
 324  321      0.275      1.119      0.000
 325  322      0.282      1.044      0.000
 326  323      0.283      0.228      0.000
 327  325      0.302     -0.952      0.000
 328  326      0.321     -0.297      0.000
 329  329      0.322     -1.169      0.000
 337   -2      0.325      0.657      0.000
 331   -2      0.326      0.835      0.000
 330  331      0.327      0.054      0.000
  -1  330      0.327     -0.177      0.000
 332  349      0.363      1.003      0.000
 347  328      0.365      0.835      0.000
 336   -2      0.366     -0.373      0.000
 335  334      0.366     -1.126      0.000
 338  335      0.380     -0.757      0.000
 339  336      0.389      0.052      0.000
 340  338      0.395     -1.174      0.000
 341  340      0.402     -0.378      0.000
 342  339      0.403      0.276      0.000
 343   -2      0.413     -0.427      0.000
 344  341      0.414      0.156      0.000
 345  342      0.420     -1.065      0.000
  -1   -2      0.423      0.507      0.000
 346  343      0.423     -0.838      0.000
  -1  344      0.428      0.828      0.000
  -1  345      0.433     -0.625      0.000
 348  346      0.445      1.157      0.000
 349   -2      0.447     -1.162      0.000
 352  347      0.448      0.002      0.000
  -1  350      0.450      0.655      0.000
 351  348      0.454     -0.565      0.000
  -1   -2      0.465      0.937      0.000
 353  351      0.473     -0.400      0.000
 356  352      0.478      0.689      0.000
  -1  355      0.481     -1.065      0.000
 357  354      0.492      0.296      0.000
 363   -2      0.492     -1.152      0.000
  -1  356      0.495      0.056      0.000
 358  358      0.498     -0.753      0.000
  -1  360      0.499     -0.910      0.000
 360  359      0.504     -0.025      0.000
  -1  365      0.510      0.635      0.000
 361   -2      0.513      0.849      0.000
 362  362      0.515     -0.587      0.000
  -1  364      0.525      0.715      0.000
  -1  374      0.534      0.993      0.000
 367  366      0.547     -0.880      0.000
  -1   -2      0.558      0.670      0.000
 387  353      0.558      0.365      0.000
 384  369      0.563     -0.544      0.000
 370   -2      0.571      0.795      0.000
 371   -2      0.571      0.449      0.000
 372  371      0.585      0.856      0.000
 380   -2      0.590      0.984      0.000
 373  373      0.590     -0.036      0.000
 376  375      0.605      0.473      0.000
 385  376      0.606     -1.013      0.000
 375  377      0.606     -0.959      0.000
 379  378      0.610      0.508      0.000
 378  379      0.612     -0.712      0.000
 383  381      0.622      0.767      0.000
 381  385      0.622     -1.108      0.000
  -1  383      0.627     -0.605      0.000
 386  384      0.636     -0.807      0.000
 388  382      0.643     -1.090      0.000
  -1   -2      0.647     -0.970      0.000
  -1  368      0.650      0.671      0.000
 389  386      0.654     -1.169      0.000
 390  388      0.657      0.529      0.000
 392  390      0.663      0.460      0.000
 393  391      0.666      0.891      0.000
 395  392      0.672      0.809      0.000
 396  393      0.672     -0.456      0.000
  -1  394      0.681     -1.005      0.000
 397  395      0.683     -0.251      0.000
 398   -2      0.686     -0.770      0.000
 400  396      0.708     -0.838      0.000
 391  408      0.710      1.136      0.000
 402  399      0.712     -0.626      0.000
 382   -2      0.714      0.001      0.000
  -1  397      0.715     -0.065      0.000
 404  402      0.726     -0.676      0.000
 405  403      0.730      1.035      0.000
 406  407      0.733     -1.056      0.000
 407  400      0.734      1.122      0.000
 408  404      0.735     -0.360      0.000
 409  405      0.741     -0.867      0.000
  -1   -2      0.748     -0.068      0.000
 411  406      0.752      0.246      0.000
  -1   -2      0.757      0.282      0.000
 412   -2      0.768     -1.097      0.000
 413  409      0.772     -0.626      0.000
 414  410      0.787     -1.045      0.000
 415  412      0.796     -0.807      0.000
 416   -2      0.796     -0.136      0.000
 417  413      0.800     -0.982      0.000
 420  415      0.801      0.321      0.000
 421  417      0.803      0.609      0.000
  -1   -2      0.805     -0.076      0.000
  -1  418      0.813      0.928      0.000
 425   -2      0.832     -0.866      0.000
 428   -2      0.849      1.043      0.000
 434   -2      0.850     -1.062      0.000
 431  421      0.852     -0.041      0.000
  -1  423      0.854     -0.787      0.000
 432  422      0.855      0.864      0.000
 433   -2      0.856     -1.151      0.000
 435  427      0.889     -0.663      0.000
 438  428      0.898     -0.262      0.000
 436  440      0.901     -1.005      0.000
 437  430      0.902      1.045      0.000
 440   -2      0.904     -0.158      0.000
 439  429      0.905      0.154      0.000
 441  432      0.912     -0.454      0.000
  -1  433      0.914      0.737      0.000
 442  434      0.916      0.630      0.000
 444  435      0.920      0.680      0.000
  -1  436      0.922     -0.289      0.000
 445  439      0.923     -0.801      0.000
 443  438      0.923      1.145      0.000
 446  437      0.923      0.407      0.000
  -1   -2      0.925      0.285      0.000
 452  420      0.930     -1.078      0.000
 449   -2      0.935     -0.545      0.000
 460  424      0.947     -0.869      0.000
 450  444      0.957      0.780      0.000
 451  445      0.962      0.221      0.000
  -1  449      0.974     -1.125      0.000
 453   -2      0.976     -0.615      0.000
 454  442      0.984     -0.542      0.000
 467  426      0.984     -1.172      0.000
 455  451      0.985     -0.163      0.000
 456  452      0.991      0.509      0.000
 458   -2      0.998      1.146      0.000
 459  453      1.003      0.435      0.000
  -1  454      1.017     -0.297      0.000
 461  455      1.027     -0.600      0.000
 462   -2      1.028     -0.250      0.000
 463  456      1.034     -0.044      0.000
 465  459      1.052     -0.344      0.000
 466  460      1.056      0.655      0.000
  -1  461      1.061     -1.173      0.000
 468   -2      1.075     -0.015      0.000
  -1  463      1.077      1.155      0.000
 469  464      1.080      0.823      0.000
 464   -2      1.084      0.958      0.000
  -1   -2      1.086      0.706      0.000
 472  466      1.097      1.027      0.000
 473  467      1.099     -0.664      0.000
 476   -2      1.109      0.249      0.000
 475  469      1.112     -0.992      0.000
  -1   -2      1.117      0.190      0.000
 486  462      1.117      0.004      0.000
 478  470      1.120      0.089      0.000
  -1  471      1.127     -0.350      0.000
 480  473      1.134      1.025      0.000
 482   -2      1.149     -0.797      0.000
  -1  475      1.154     -0.883      0.000
 481   -2      1.156     -1.103      0.000
 474  484      1.164     -0.568      0.000
 487  478      1.194      0.880      0.000
  -1   -2      1.194      0.960      0.000
  -1  480      1.205     -1.041      0.000
 488   -2      1.209     -0.266      0.000
 489  468      1.209      0.232      0.000
  -1   -2      1.223     -0.080      0.000
 491  481      1.224     -0.386      0.000
 492  482      1.227     -0.517      0.000
 493   -2      1.229     -0.203      0.000
 498   -2      1.247     -0.589      0.000
 494   -2      1.248      0.275      0.000
 495  485      1.254      1.003      0.000
 497  486      1.271     -0.164      0.000
 501  488      1.289      0.400      0.000
 502  490      1.307     -0.992      0.000
 503  489      1.308     -0.506      0.000
 496  492      1.310     -1.169      0.000
  -1   -2      1.319      0.837      0.000
 504  491      1.325     -0.589      0.000
 505   -2      1.336      0.434      0.000
 506  493      1.345     -1.102      0.000
  -1   -2      1.350      0.746      0.000
  -1  506      1.357     -0.744      0.000
 507  495      1.371     -0.963      0.000
 508  496      1.384     -1.025      0.000
 510  497      1.388      0.166      0.000
 520  498      1.392      1.111      0.000
 512  500      1.406     -0.361      0.000
 513  499      1.406     -0.251      0.000
 514  501      1.411     -0.971      0.000
  -1   -2      1.413     -0.010      0.000
 515  502      1.416     -0.487      0.000
 516  503      1.419     -0.423      0.000
 517  504      1.430      0.237      0.000
 518  505      1.432      0.530      0.000
 522  508      1.451     -1.082      0.000
 511  523      1.453     -1.174      0.000
 524  510      1.465      0.602      0.000
  -1  516      1.476      1.077      0.000
 525  511      1.482     -0.777      0.000
 526  512      1.488      0.844      0.000
 527  514      1.490      0.276      0.000
 528  517      1.508     -0.061      0.000
 530   -2      1.509     -0.275      0.000
 529  518      1.510     -0.218      0.000
  -1  521      1.530     -0.559      0.000
 531  519      1.532      0.440      0.000
 532  520      1.533      0.066      0.000
 533   -2      1.537     -1.172      0.000
 535  524      1.545      1.112      0.000
 534  525      1.547     -0.643      0.000
 536  526      1.555     -1.066      0.000
 537  527      1.555     -0.952      0.000
 538  528      1.562      0.731      0.000
 539  531      1.566     -0.848      0.000
  -1  522      1.566     -0.261      0.000
 540  529      1.568      0.603      0.000
  -1  533      1.576      0.390      0.000
