539
   0    3     -1.572      0.895      0.000
   1    4     -1.571     -0.791      0.000
   9   -2     -1.569     -1.136      0.000
  -1   -2     -1.543      0.841      0.000
   6    9     -1.533      0.230      0.000
   8   -2     -1.528      0.341      0.000
  10   22     -1.519      1.100      0.000
  11   14     -1.517      0.290      0.000
  12   15     -1.513      0.551      0.000
  -1   21     -1.512     -1.174      0.000
  20   11     -1.506      0.429      0.000
  14   16     -1.503      0.685      0.000
   2   27     -1.501     -0.307      0.000
  -1    8     -1.490      0.892      0.000
  -1   18     -1.489     -0.767      0.000
  16   19     -1.488      0.161      0.000
  -1   20     -1.477      0.599      0.000
  17   30     -1.475     -1.127      0.000
   3   44     -1.471     -0.094      0.000
  19   -2     -1.468      1.042      0.000
  -1   32     -1.461      0.508      0.000
  22   24     -1.454      0.356      0.000
  31   23     -1.452     -0.632      0.000
  24   -2     -1.444     -0.361      0.000
  27   31     -1.434      1.149      0.000
  26   29     -1.433      0.734      0.000
  28   -2     -1.430     -1.116      0.000
  29   33     -1.418      0.298      0.000
  -1   -2     -1.417     -0.732      0.000
  33   34     -1.408     -0.401      0.000
  32   35     -1.406      0.068      0.000
  34   37     -1.401      0.662      0.000
  -1   25     -1.400     -0.222      0.000
  -1   40     -1.379     -1.123      0.000
  -1   42     -1.379      1.119      0.000
  -1   41     -1.371     -0.551      0.000
  36   -2     -1.358      1.138      0.000
  -1   -2     -1.354     -0.691      0.000
  38   43     -1.352     -0.919      0.000
  37   45     -1.351      0.035      0.000
  39   46     -1.341      0.175      0.000
  41   47     -1.335     -1.062      0.000
  42   48     -1.327      0.947      0.000
  47   50     -1.321     -1.164      0.000
  43   49     -1.314     -0.348      0.000
  46   51     -1.310      0.571      0.000
  49   52     -1.296     -0.846      0.000
  48   53     -1.293      0.404      0.000
  -1   57     -1.281     -0.444      0.000
  50   58     -1.270     -0.644      0.000
  51   60     -1.265      0.523      0.000
  52   59     -1.263     -1.009      0.000
  53   61     -1.261     -0.542      0.000
  54   63     -1.244      1.015      0.000
  55   65     -1.232     -0.127      0.000
  56   64     -1.232     -0.854      0.000
  57   67     -1.216      0.847      0.000
  58   -2     -1.212     -0.791      0.000
  -1   70     -1.207     -1.176      0.000
  59   68     -1.206     -0.657      0.000
  60   69     -1.192      0.738      0.000
  -1   -2     -1.185     -1.147      0.000
  64   72     -1.170     -1.107      0.000
  65   73     -1.166     -0.886      0.000
  69   74     -1.164     -0.847      0.000
  67   82     -1.164      1.053      0.000
  70   76     -1.160     -0.357      0.000
  68   75     -1.160      0.411      0.000
  72   78     -1.133     -1.021      0.000
  61   85     -1.131     -1.116      0.000
  73   80     -1.129      0.661      0.000
  76   81     -1.123     -0.108      0.000
  77   -2     -1.116      1.054      0.000
  78   83     -1.110     -0.379      0.000
  -1   84     -1.095     -1.039      0.000
  79   86     -1.093      0.403      0.000
  80   87     -1.093     -0.289      0.000
  81   -2     -1.093     -1.077      0.000
  82   89     -1.074      0.812      0.000
  83   90     -1.072      0.485      0.000
  85   94     -1.046      0.393      0.000
  -1   93     -1.044     -0.739      0.000
  -1   -2     -1.044      0.272      0.000
  86   95     -1.042      0.585      0.000
  88   96     -1.027     -0.221      0.000
  90   98     -1.021     -1.073      0.000
  91  100     -1.018     -0.876      0.000
  92  102     -1.012     -0.437      0.000
  94  105     -1.009      0.343      0.000
  93  104     -1.007     -0.665      0.000
  95  106     -1.000      0.920      0.000
  96  107     -0.998      1.035      0.000
  -1  108     -0.995      0.442      0.000
  -1   -2     -0.980     -1.005      0.000
  -1   -2     -0.978     -0.585      0.000
  -1  110     -0.957     -1.128      0.000
  -1  111     -0.951     -0.977      0.000
  87  120     -0.949     -1.170      0.000
  98  113     -0.945      0.310      0.000
 101  115     -0.939      0.574      0.000
 102  114     -0.938     -0.949      0.000
 104   -2     -0.929      0.504      0.000
 103  116     -0.929     -0.089      0.000
  -1  117     -0.917     -1.108      0.000
  -1   -2     -0.915      0.603      0.000
 106  118     -0.908      1.091      0.000
  -1  119     -0.907      0.905      0.000
  99   -2     -0.905     -1.072      0.000
 116   -2     -0.891      0.692      0.000
 108  123     -0.874     -0.135      0.000
 109  122     -0.870     -0.746      0.000
 110  124     -0.869     -0.615      0.000
 112  126     -0.863     -0.214      0.000
 111  125     -0.862     -0.443      0.000
  -1  134     -0.856      0.331      0.000
 114  127     -0.855     -0.694      0.000
  -1  121     -0.853     -0.050      0.000
 126  112     -0.851     -0.998      0.000
 115  128     -0.849     -0.008      0.000
 113  133     -0.838      0.446      0.000
 119  132     -0.833     -0.943      0.000
 120  137     -0.827      0.258      0.000
 121  136     -0.824      1.046      0.000
 123   -2     -0.821      1.091      0.000
 122  138     -0.817      0.392      0.000
 118   -2     -0.816      0.316      0.000
 125  139     -0.813      0.816      0.000
  -1  140     -0.807      0.281      0.000
 128  141     -0.793      0.992      0.000
  -1  142     -0.790     -0.799      0.000
 127  144     -0.789     -0.055      0.000
 129  143     -0.788     -0.753      0.000
 130  145     -0.786      0.884      0.000
  -1   -2     -0.780     -1.029      0.000
 131   -2     -0.779      0.382      0.000
 134  147     -0.778      0.035      0.000
 124   -2     -0.773     -0.444      0.000
 136   -2     -0.761     -0.601      0.000
  -1  146     -0.760     -1.076      0.000
 107  165     -0.758     -1.165      0.000
 138  131     -0.750      0.641      0.000
 137  150     -0.750     -0.925      0.000
 140  151     -0.745      0.139      0.000
 141  154     -0.738     -0.147      0.000
 143  153     -0.737     -0.963      0.000
 144  155     -0.733      0.975      0.000
 146  156     -0.730     -1.009      0.000
  -1  160     -0.714      0.765      0.000
 147  158     -0.711     -0.102      0.000
 150  159     -0.701     -0.550      0.000
 151   -2     -0.699      0.869      0.000
 155   -2     -0.686      0.999      0.000
 148  163     -0.686      1.056      0.000
 153   -2     -0.684      0.720      0.000
 157   -2     -0.682     -0.636      0.000
 158  161     -0.680     -1.126      0.000
  -1   -2     -0.662     -1.173      0.000
 160  168     -0.649     -0.302      0.000
 162  169     -0.643      1.138      0.000
 163  170     -0.636     -1.070      0.000
 152   -2     -0.634      0.036      0.000
 159  182     -0.629     -1.109      0.000
 164  171     -0.627     -0.757      0.000
  -1  172     -0.624     -0.998      0.000
 167  175     -0.618     -0.423      0.000
 168  174     -0.618      1.066      0.000
 169  176     -0.613      0.879      0.000
 171  178     -0.608     -0.504      0.000
 173  179     -0.597      0.046      0.000
  -1   -2     -0.597      0.637      0.000
 174  180     -0.587     -0.766      0.000
 175   -2     -0.581      0.342      0.000
 176  187     -0.557     -0.228      0.000
 178  183     -0.557      1.042      0.000
 179  185     -0.556     -0.503      0.000
 177  186     -0.554      0.472      0.000
 180  188     -0.541      0.664      0.000
  -1  184     -0.533     -0.964      0.000
 182  190     -0.533      1.170      0.000
 186   -2     -0.526     -1.158      0.000
 184  191     -0.515      0.080      0.000
 185  192     -0.512      0.184      0.000
 187  194     -0.492     -0.047      0.000
 181   -2     -0.483     -1.169      0.000
 188  195     -0.483     -0.667      0.000
 190   -2     -0.474     -0.123      0.000
 193  197     -0.462     -0.279      0.000
 194  199     -0.446      0.438      0.000
 195  200     -0.440     -0.934      0.000
 197  201     -0.428     -1.038      0.000
 196  202     -0.427     -0.823      0.000
 199  205     -0.413      0.735      0.000
 200  207     -0.412      0.316      0.000
 201  209     -0.402     -0.591      0.000
 202  208     -0.400     -0.177      0.000
  -1  220     -0.387     -1.173      0.000
 204  211     -0.387     -0.280      0.000
 205  210     -0.383     -0.653      0.000
 206  212     -0.382      0.712      0.000
 209  213     -0.378     -0.942      0.000
 208  214     -0.375     -0.246      0.000
 207  215     -0.370      1.042      0.000
  -1  216     -0.370     -0.726      0.000
 210  219     -0.361      0.971      0.000
 211  217     -0.358     -1.131      0.000
 212  221     -0.349      0.854      0.000
  -1   -2     -0.331      0.956      0.000
 213  222     -0.326     -0.557      0.000
  -1  223     -0.312      0.300      0.000
 215  225     -0.306      0.778      0.000
 216  224     -0.306     -0.910      0.000
  -1  226     -0.299     -0.731      0.000
  -1  229     -0.291      0.274      0.000
 217  228     -0.291     -0.960      0.000
 218   -2     -0.287     -0.458      0.000
  -1  230     -0.282     -0.182      0.000
 220  233     -0.267      0.402      0.000
 221  232     -0.263     -1.048      0.000
 222  234     -0.255     -0.386      0.000
 223  235     -0.246     -0.658      0.000
  -1  236     -0.246     -1.123      0.000
 219   -2     -0.240     -1.166      0.000
  -1   -2     -0.238     -0.843      0.000
 224  238     -0.238      0.119      0.000
  -1  231     -0.210      1.037      0.000
 228  241     -0.209      0.689      0.000
 229  245     -0.207      0.012      0.000
  -1   -2     -0.183     -0.438      0.000
  -1  249     -0.181     -0.552      0.000
 231  244     -0.179     -0.121      0.000
 225   -2     -0.179     -1.058      0.000
 233   -2     -0.176     -0.048      0.000
 234  246     -0.167     -0.251      0.000
  -1  247     -0.158     -0.750      0.000
 237   -2     -0.143     -1.121      0.000
 236   -2     -0.138     -0.634      0.000
 238  250     -0.137     -0.178      0.000
 239  251     -0.132     -0.992      0.000
  -1  252     -0.130      0.467      0.000
 241  253     -0.127      0.371      0.000
 243  254     -0.116     -0.077      0.000
 244  255     -0.114      0.600      0.000
  -1   -2     -0.106      1.070      0.000
  -1  264     -0.104     -0.306      0.000
 247  256     -0.103      0.317      0.000
 259  242     -0.102     -1.175      0.000
 250  259     -0.085      0.217      0.000
 251  258     -0.084      1.109      0.000
 252  262     -0.080     -0.612      0.000
 254  260     -0.079     -1.060      0.000
 253  261     -0.078     -0.155      0.000
  -1  271     -0.071     -0.480      0.000
 255   -2     -0.065     -0.189      0.000
  -1  265     -0.064     -0.310      0.000
 256  266     -0.062      0.336      0.000
 264  248     -0.056     -1.086      0.000
 258  267     -0.052      0.567      0.000
  -1   -2     -0.046      1.119      0.000
  -1   -2     -0.043      1.173      0.000
 260   -2     -0.039     -0.008      0.000
  -1  269     -0.027      0.899      0.000
 261  268     -0.017      1.161      0.000
  -1  278      0.002      0.115      0.000
 262  273      0.002      0.545      0.000
 263  274      0.005      0.302      0.000
 265  275      0.011     -1.171      0.000
 266  276      0.012      0.944      0.000
  -1  277      0.016      0.828      0.000
 269   -2      0.022      0.043      0.000
 267  280      0.023      0.356      0.000
 268  279      0.023     -0.222      0.000
 270  282      0.037      0.551      0.000
  -1   -2      0.044     -1.131      0.000
 272  283      0.047      0.320      0.000
 274  285      0.054     -0.049      0.000
 276  289      0.060      0.626      0.000
 275  286      0.061      0.869      0.000
  -1   -2      0.062     -0.283      0.000
  -1   -2      0.063     -0.981      0.000
 277  288      0.064     -1.046      0.000
  -1   -2      0.073     -0.192      0.000
 278  290      0.077     -0.884      0.000
 281  293      0.094      0.144      0.000
 293   -2      0.094     -0.678      0.000
  -1  294      0.103     -0.513      0.000
  -1  295      0.104     -0.156      0.000
  -1   -2      0.105      0.431      0.000
 282  297      0.106      0.101      0.000
 285  299      0.121      0.387      0.000
 288  302      0.137      0.814      0.000
  -1  301      0.137     -0.950      0.000
 291  303      0.144     -0.563      0.000
 290  305      0.147     -0.457      0.000
 292  307      0.154      1.007      0.000
 284  306      0.155     -1.165      0.000
  -1   -2      0.158     -0.642      0.000
 304  292      0.163     -1.003      0.000
 294  310      0.174      0.348      0.000
  -1  291      0.186     -0.663      0.000
 296  316      0.200      1.034      0.000
 301  314      0.214     -0.976      0.000
 283  326      0.215      0.027      0.000
 299  313      0.215      0.535      0.000
 289   -2      0.228     -0.847      0.000
 303  318      0.239     -0.145      0.000
 311  304      0.243      0.672      0.000
 297  329      0.252     -1.148      0.000
 306  319      0.256      0.931      0.000
 315  320      0.259      0.126      0.000
 307  317      0.260     -0.864      0.000
 309   -2      0.261     -0.355      0.000
 310  322      0.272      1.150      0.000
 312  323      0.277      1.074      0.000
 313  324      0.278      0.233      0.000
 314  325      0.284      0.156      0.000
  -1   -2      0.302     -0.979      0.000
 316  327      0.305     -1.173      0.000
 317  321      0.318     -0.312      0.000
 318  330      0.319     -0.188      0.000
  -1   -2      0.320     -0.353      0.000
 300   -2      0.321      0.052      0.000
  -1   -2      0.323      0.863      0.000
 320  331      0.329      0.984      0.000
 334   -2      0.356      1.030      0.000
  -1  334      0.361     -0.389      0.000
 321  335      0.366     -1.151      0.000
 322  336      0.375      0.233      0.000
 323  337      0.376     -0.778      0.000
 324  338      0.380      0.053      0.000
  -1  340      0.389     -0.944      0.000
  -1  346      0.390     -1.031      0.000
 327  341      0.394      0.283      0.000
 328  342      0.396     -0.393      0.000
 329   -2      0.404     -0.445      0.000
 330  343      0.404      0.160      0.000
 332   -2      0.420     -1.087      0.000
 333  345      0.421     -0.858      0.000
 335  348      0.429     -0.644      0.000
 336  349      0.438     -0.001      0.000
  -1  351      0.450     -0.547      0.000
 338  350      0.452     -0.583      0.000
 331  368      0.452     -0.954      0.000
 341  353      0.457     -1.170      0.000
 342  354      0.466     -0.415      0.000
 344  356      0.469      0.538      0.000
 343  358      0.470      0.306      0.000
  -1   -2      0.471      0.597      0.000
 345  355      0.472      0.711      0.000
 346  359      0.481     -1.084      0.000
  -1  360      0.488     -1.143      0.000
 348  361      0.491     -0.030      0.000
  -1  362      0.491      0.654      0.000
 349  363      0.493     -0.770      0.000
 351  365      0.502     -0.606      0.000
 352  366      0.503     -0.348      0.000
  -1  364      0.505      0.871      0.000
 355  367      0.513      0.737      0.000
  -1  369      0.531     -0.876      0.000
 357  370      0.549     -0.903      0.000
 358  371      0.555     -0.557      0.000
 360   -2      0.558      0.819      0.000
 359  373      0.561     -0.937      0.000
  -1  389      0.572     -0.425      0.000
 361  374      0.574      0.878      0.000
 362  375      0.576     -0.039      0.000
 363  376      0.583      1.008      0.000
 364  377      0.589      0.488      0.000
 365  378      0.595      0.525      0.000
 366  379      0.595      0.309      0.000
  -1   -2      0.603      0.088      0.000
 367  382      0.606     -0.973      0.000
 368  383      0.607     -0.726      0.000
 369  381      0.608      0.786      0.000
  -1   -2      0.609     -0.792      0.000
 372  392      0.625     -1.063      0.000
 373  385      0.627      0.320      0.000
  -1  391      0.631     -1.171      0.000
 374  388      0.632     -0.820      0.000
 375  387      0.633     -0.663      0.000
 376   -2      0.638      0.541      0.000
 371   -2      0.638     -1.119      0.000
  -1  393      0.639      0.907      0.000
 378  390      0.646      0.473      0.000
 380   -2      0.654      1.149      0.000
 383  394      0.659      0.829      0.000
 382  395      0.661     -0.463      0.000
 381   -2      0.667      0.912      0.000
 385  396      0.680     -1.016      0.000
  -1  398      0.705     -0.849      0.000
  -1  397      0.705     -0.633      0.000
 387  399      0.708      1.158      0.000
 388  406      0.709     -1.090      0.000
 389  400      0.711     -0.440      0.000
 390  402      0.720     -0.685      0.000
 391  401      0.721     -0.367      0.000
 392  403      0.724      1.049      0.000
 394  405      0.726     -0.980      0.000
 393  404      0.731      0.248      0.000
  -1   -2      0.734     -1.066      0.000
  -1  407      0.737      0.288      0.000
  -1  420      0.743     -1.157      0.000
 397  409      0.761      1.149      0.000
 398  410      0.763     -0.631      0.000
 404  414      0.779     -0.144      0.000
 400  412      0.779      0.329      0.000
 401   -2      0.780     -1.018      0.000
 402  413      0.786      0.621      0.000
 405   -2      0.789     -0.075      0.000
  -1  416      0.797     -1.055      0.000
 406  417      0.799     -0.982      0.000
  -1   -2      0.806     -0.461      0.000
 408   -2      0.809      0.895      0.000
  -1   -2      0.825     -1.129      0.000
  -1  415      0.829     -0.870      0.000
 409  421      0.832     -0.039      0.000
 410  430      0.840      1.058      0.000
 411  422      0.841      0.879      0.000
 412  423      0.847     -0.789      0.000
 413  424      0.848     -1.062      0.000
 416  425      0.863     -0.609      0.000
 419  429      0.864     -0.202      0.000
 418   -2      0.870      0.605      0.000
  -1  426      0.878     -1.079      0.000
  -1   -2      0.879     -0.263      0.000
 420  427      0.881      0.159      0.000
 423   -2      0.885     -0.153      0.000
  -1   -2      0.888      0.231      0.000
 425  431      0.895      0.110      0.000
 422  443      0.895      1.062      0.000
 424  432      0.897      0.640      0.000
  -1  434      0.898      0.748      0.000
 407   -2      0.899      0.506      0.000
 429  436      0.900      0.693      0.000
 430  435      0.900      0.415      0.000
 428  437      0.900     -0.454      0.000
 396   -2      0.900     -1.005      0.000
 433  439      0.903      1.105      0.000
 431  441      0.909     -0.874      0.000
 438  428      0.909     -0.288      0.000
 435  444      0.919     -0.802      0.000
 434  445      0.919      1.156      0.000
 436  446      0.923     -0.542      0.000
 437  448      0.930     -1.078      0.000
 439  449      0.937      0.226      0.000
  -1  450      0.961     -0.256      0.000
 443  451      0.968     -0.156      0.000
 444  452      0.968      0.516      0.000
 447   -2      0.976     -1.125      0.000
 446  454      0.983      0.446      0.000
 448  455      0.990      1.154      0.000
 449   -2      1.002     -0.294      0.000
 450  456      1.010     -0.039      0.000
  -1   -2      1.010     -0.244      0.000
 452  457      1.020     -0.596      0.000
  -1  461      1.030      1.034      0.000
 453  460      1.033      0.658      0.000
 454  459      1.034     -0.336      0.000
 455  462      1.056     -0.009      0.000
  -1  466      1.064     -1.170      0.000
 457  464      1.066      0.709      0.000
 458  465      1.070      0.829      0.000
 459  467      1.073      0.965      0.000
 460  468      1.078      1.163      0.000
  -1  469      1.084      0.231      0.000
  -1  474      1.094      0.159      0.000
 461  471      1.095     -0.656      0.000
 463  470      1.095      0.095      0.000
 465  472      1.112     -0.982      0.000
 466  473      1.117      1.027      0.000
 467  476      1.145     -0.786      0.000
 468  477      1.150     -0.873      0.000
 470  478      1.152     -1.088      0.000
 471  479      1.155     -0.557      0.000
 472  480      1.179      0.879      0.000
 473  481      1.184      0.960      0.000
 474   -2      1.189      0.257      0.000
 456   -2      1.191     -1.176      0.000
  -1  483      1.205     -0.074      0.000
 464   -2      1.214     -0.375      0.000
 477  484      1.215     -0.194      0.000
 476  486      1.217     -0.505      0.000
 478  485      1.220      0.549      0.000
 479  487      1.228      0.275      0.000
 480  488      1.238     -0.576      0.000
 481  489      1.245      0.998      0.000
  -1   -2      1.255      0.858      0.000
 482  490      1.257     -0.155      0.000
 483  491      1.260      0.392      0.000
 485  493      1.268     -0.514      0.000
 486   -2      1.278     -0.465      0.000
  -1   -2      1.282      0.930      0.000
 488  495      1.298     -0.489      0.000
  -1  496      1.310     -0.972      0.000
 492  497      1.316      0.432      0.000
 491  498      1.318     -0.572      0.000
 493  500      1.345     -1.083      0.000
  -1   -2      1.355     -0.727      0.000
 494  501      1.362     -1.171      0.000
 496  502      1.368      0.168      0.000
 495  503      1.369     -0.942      0.000
 497  504      1.373      0.094      0.000
 498  506      1.384      1.100      0.000
 499  505      1.386     -0.999      0.000
  -1   -2      1.390     -1.069      0.000
 500  507      1.391     -0.248      0.000
 501  508      1.395     -0.344      0.000
 503  509      1.408     -0.467      0.000
 504  513      1.411     -0.950      0.000
 505  511      1.412      0.236      0.000
 506  512      1.413      0.519      0.000
  -1   -2      1.415     -0.315      0.000
  -1   -2      1.441     -0.183      0.000
 510  514      1.449      0.590      0.000
 511  515      1.454     -1.063      0.000
 514  516      1.473      0.829      0.000
 515  517      1.474      0.274      0.000
 516  518      1.478     -0.753      0.000
  -1  519      1.488     -0.717      0.000
 517   -2      1.495     -1.079      0.000
 518  520      1.496     -0.054      0.000
 519   -2      1.501     -0.202      0.000
 521  521      1.503     -0.260      0.000
  -1  525      1.510     -0.744      0.000
 522  526      1.516      0.432      0.000
 523  527      1.519      0.070      0.000
 526  528      1.523     -1.172      0.000
  -1   -2      1.524     -0.023      0.000
 527  529      1.537      1.096      0.000
  -1   -2      1.538     -1.120      0.000
 528   -2      1.545     -0.618      0.000
 529  530      1.547      0.715      0.000
 532  531      1.551      0.589      0.000
 531  532      1.551     -1.044      0.000
 530  533      1.551     -0.927      0.000
 533  535      1.562     -0.818      0.000
 534   -2      1.563      0.104      0.000
 535  534      1.564      0.382      0.000
  -1  536      1.570      0.800      0.000
 537  538      1.573      1.141      0.000
