537
   0    0     -1.574      0.526      0.000
  -1   -2     -1.571     -1.174      0.000
   1    2     -1.570     -0.700      0.000
   2    4     -1.557      0.378      0.000
  -1    3     -1.554     -1.008      0.000
   3    5     -1.552      0.798      0.000
  -1   14     -1.541     -1.105      0.000
   4    6     -1.540     -0.010      0.000
  -1   -2     -1.536     -0.985      0.000
   5    7     -1.530     -0.046      0.000
   7    8     -1.529      0.243      0.000
  -1   10     -1.521     -0.198      0.000
  -1   -2     -1.498     -0.102      0.000
  11   13     -1.476      0.207      0.000
  13   15     -1.469      0.808      0.000
  12   20     -1.469      0.303      0.000
   8   30     -1.466     -1.117      0.000
  17   16     -1.463     -0.922      0.000
  16   17     -1.462      0.955      0.000
  18   18     -1.460      0.610      0.000
  19   -2     -1.456      0.260      0.000
  20   21     -1.454     -0.256      0.000
  -1   -2     -1.448     -0.348      0.000
  22   22     -1.447      0.380      0.000
  23   24     -1.433     -0.558      0.000
  24   26     -1.422      0.149      0.000
  39    9     -1.414     -0.663      0.000
  -1   27     -1.413     -1.171      0.000
  26   28     -1.397     -0.311      0.000
  30   29     -1.385      0.272      0.000
  31   32     -1.383      0.318      0.000
  29   -2     -1.383     -0.803      0.000
  27   -2     -1.378     -1.119      0.000
  35   33     -1.367      1.061      0.000
  38   34     -1.365     -0.987      0.000
  36   35     -1.365     -0.846      0.000
  37   36     -1.362     -0.349      0.000
  42   38     -1.346     -1.088      0.000
  40   39     -1.344      0.599      0.000
  41   40     -1.343      0.269      0.000
  -1   41     -1.330     -0.446      0.000
  45   43     -1.324      1.030      0.000
  60   25     -1.324      0.571      0.000
  47   45     -1.309      0.878      0.000
  46   -2     -1.309      0.029      0.000
  -1   47     -1.298      1.177      0.000
  50   48     -1.297     -0.785      0.000
  52   49     -1.283     -0.938      0.000
  54   50     -1.276      1.160      0.000
  53   53     -1.274      0.001      0.000
  -1   52     -1.270     -1.092      0.000
  -1   54     -1.268      0.036      0.000
  55   55     -1.265     -0.371      0.000
  57   56     -1.262     -0.654      0.000
  58   58     -1.256      0.162      0.000
  59   59     -1.254     -0.309      0.000
  61   60     -1.244     -0.589      0.000
  63   63     -1.234      0.954      0.000
  64   64     -1.233     -0.793      0.000
  -1   -2     -1.232     -0.403      0.000
  66   65     -1.219     -0.493      0.000
  67   68     -1.207      0.371      0.000
  56   -2     -1.205     -1.047      0.000
  68   69     -1.200     -1.154      0.000
  70   72     -1.180      0.796      0.000
  71   71     -1.180     -0.608      0.000
  73   73     -1.168     -0.833      0.000
  74   74     -1.164     -0.797      0.000
  75   76     -1.158      1.003      0.000
  76   77     -1.148     -0.112      0.000
  80   79     -1.123     -1.025      0.000
  86   70     -1.114      0.610      0.000
  82   81     -1.110      1.011      0.000
  83   83     -1.089     -0.332      0.000
  84   84     -1.084     -1.172      0.000
  85   85     -1.067      0.388      0.000
  -1   -2     -1.056     -0.672      0.000
  -1   88     -1.047      0.423      0.000
  87   87     -1.047     -1.029      0.000
  88   89     -1.042     -0.360      0.000
  89   -2     -1.037     -0.463      0.000
  90   91     -1.028     -0.102      0.000
  91   90     -1.028      0.782      0.000
  95   92     -1.024     -0.708      0.000
  93   93     -1.018     -0.842      0.000
  94   94     -1.012     -0.274      0.000
  -1   -2     -1.008     -0.667      0.000
  97   95     -0.998     -1.086      0.000
  96   96     -0.997      0.386      0.000
  98  100     -0.994     -0.971      0.000
  -1   97     -0.989      1.009      0.000
 100   98     -0.980      0.466      0.000
 101   99     -0.972      0.896      0.000
  99   -2     -0.967     -0.987      0.000
 103  101     -0.963      0.568      0.000
  -1   -2     -0.953     -0.379      0.000
 102  109     -0.950     -0.165      0.000
 105  103     -0.950     -0.424      0.000
 106  106     -0.947      0.379      0.000
 107  105     -0.946     -0.921      0.000
 108  108     -0.936     -0.214      0.000
 116   -2     -0.933     -1.167      0.000
  -1   -2     -0.920      0.612      0.000
  -1  111     -0.908      1.073      0.000
  -1  112     -0.907     -1.081      0.000
 115  113     -0.904     -0.763      0.000
 113  114     -0.904      0.333      0.000
 118  116     -0.875      0.896      0.000
  -1  117     -0.859     -0.988      0.000
 119  118     -0.857      0.566      0.000
 120  119     -0.846     -0.736      0.000
  -1  120     -0.838      0.301      0.000
 121  124     -0.827     -0.092      0.000
 122  122     -0.826     -0.611      0.000
 124  123     -0.825     -0.690      0.000
 123  126     -0.824      0.693      0.000
 114  155     -0.821      1.088      0.000
 126  127     -0.815      1.044      0.000
 129  129     -0.814     -1.162      0.000
 128  130     -0.794     -0.445      0.000
 130  131     -0.783     -0.494      0.000
 133  133     -0.777      0.995      0.000
  -1  134     -0.775     -0.037      0.000
 131  135     -0.775     -0.140      0.000
 134  136     -0.773      0.477      0.000
 135  137     -0.768     -0.221      0.000
 136  138     -0.761     -0.755      0.000
 138  140     -0.755     -0.931      0.000
 152   -2     -0.753      0.332      0.000
 140  142     -0.751      0.891      0.000
 139  146     -0.744     -0.053      0.000
 141  145     -0.743     -0.013      0.000
 150  143     -0.742     -1.011      0.000
 143  144     -0.740     -0.965      0.000
 144   -2     -0.723      0.255      0.000
 145  149     -0.717      0.399      0.000
 146  147     -0.714      0.320      0.000
 147  150     -0.713      0.989      0.000
 148  152     -0.706     -0.458      0.000
  -1  148     -0.696      0.287      0.000
 149  154     -0.693     -1.126      0.000
  -1   -2     -0.686      0.388      0.000
 151  153     -0.685     -0.063      0.000
 156   -2     -0.676      1.077      0.000
 164  156     -0.671     -1.171      0.000
 155  158     -0.668      0.032      0.000
 157   -2     -0.662      0.892      0.000
  -1   -2     -0.659      0.785      0.000
 158  159     -0.657     -1.085      0.000
  -1  168     -0.654     -0.700      0.000
 160  160     -0.648      1.162      0.000
 159  161     -0.647     -0.569      0.000
 161  163     -0.643     -0.161      0.000
 162  164     -0.638      0.140      0.000
 165  165     -0.634     -1.016      0.000
 166  166     -0.625      0.746      0.000
 168   -2     -0.614      1.097      0.000
 167  167     -0.612     -0.113      0.000
 169   -2     -0.601     -0.785      0.000
 171   -2     -0.583      0.924      0.000
 172  169     -0.581     -1.156      0.000
 173  170     -0.573      0.889      0.000
 174  171     -0.567     -0.326      0.000
 175  173     -0.562     -0.797      0.000
 176  172     -0.557     -1.003      0.000
  -1  174     -0.552     -0.453      0.000
 178  175     -0.550      1.086      0.000
 177  176     -0.549     -0.534      0.000
 179  177     -0.539     -1.173      0.000
 180   -2     -0.536     -0.298      0.000
  -1  178     -0.534     -1.084      0.000
 183  179     -0.500      0.040      0.000
 184  180     -0.499     -0.541      0.000
 185  182     -0.492      0.360      0.000
 186  184     -0.481      0.705      0.000
  -1  185     -0.477      0.566      0.000
 187  186     -0.475     -0.256      0.000
 170   -2     -0.474      0.501      0.000
 190   -2     -0.470      1.010      0.000
 192  189     -0.454     -1.169      0.000
 193  190     -0.447     -0.716      0.000
  -1  197     -0.446     -0.317      0.000
  -1   -2     -0.442     -1.091      0.000
  -1  188     -0.442      0.290      0.000
 197  194     -0.441     -0.857      0.000
 194  191     -0.437     -0.989      0.000
 195  192     -0.425      0.076      0.000
 196  193     -0.421      0.191      0.000
 198   -2     -0.412     -0.884      0.000
 199  195     -0.405     -0.063      0.000
 200  196     -0.393     -0.148      0.000
 202   -2     -0.389     -0.316      0.000
 203  198     -0.377     -1.007      0.000
 201  202     -0.375      1.118      0.000
 204  199     -0.372      0.471      0.000
 206  200     -0.370      0.796      0.000
 210  203     -0.363     -1.126      0.000
 208  205     -0.363     -0.553      0.000
 209  206     -0.360     -0.649      0.000
  -1   -2     -0.359     -1.170      0.000
 211  209     -0.351      0.671      0.000
 212  207     -0.350     -0.714      0.000
 213  208     -0.343      1.045      0.000
  -1  211     -0.337      0.963      0.000
 214  212     -0.337      0.774      0.000
 216  214     -0.333     -0.212      0.000
 215  213     -0.333      0.339      0.000
  -1   -2     -0.329      0.463      0.000
 217  215     -0.323      0.929      0.000
  -1   -2     -0.321     -0.716      0.000
 218  216     -0.318     -0.324      0.000
 219  217     -0.308     -0.286      0.000
  -1  201     -0.302      0.049      0.000
 220  218     -0.300     -0.988      0.000
 222  220     -0.291     -1.041      0.000
 224  222     -0.286     -0.625      0.000
 223   -2     -0.274     -1.173      0.000
 227  223     -0.274     -1.129      0.000
 226  224     -0.273      0.854      0.000
 228  226     -0.241      0.319      0.000
 229  227     -0.233      0.842      0.000
 230  228     -0.229     -0.933      0.000
 232  229     -0.229     -1.091      0.000
  -1   -2     -0.228      0.533      0.000
  -1  236     -0.226     -1.173      0.000
 231   -2     -0.224      1.058      0.000
 233  231     -0.220     -0.740      0.000
  -1  232     -0.219     -0.223      0.000
 234  234     -0.210      0.446      0.000
 236  235     -0.207     -0.450      0.000
 235  233     -0.196     -1.055      0.000
 238  237     -0.178      0.767      0.000
  -1  245     -0.149     -0.638      0.000
 242  239     -0.145      1.160      0.000
  -1   -2     -0.144     -0.565      0.000
 240  240     -0.141     -0.001      0.000
 243   -2     -0.138     -0.847      0.000
 245  241     -0.134     -1.097      0.000
  -1   -2     -0.129     -0.155      0.000
  -1  244     -0.124     -0.309      0.000
 247   -2     -0.118     -0.727      0.000
 248  247     -0.095      0.523      0.000
 249  246     -0.094     -0.900      0.000
 250  248     -0.092     -0.223      0.000
  -1   -2     -0.089     -1.131      0.000
 252  250     -0.088      0.674      0.000
 241  263     -0.086      0.416      0.000
  -1  251     -0.084     -0.019      0.000
 253  252     -0.069     -0.105      0.000
 254  253     -0.065      0.351      0.000
  -1  249     -0.061     -1.169      0.000
 255  255     -0.055      0.757      0.000
  -1   -2     -0.055     -0.917      0.000
 256  256     -0.053     -0.700      0.000
  -1  257     -0.048     -0.772      0.000
 257  258     -0.046      0.235      0.000
 258  259     -0.042     -0.196      0.000
  -1  266     -0.034     -0.625      0.000
 259   -2     -0.032     -0.373      0.000
 261  261     -0.029      0.637      0.000
 260   -2     -0.029      0.375      0.000
 263  271     -0.017      0.913      0.000
 280  242     -0.016     -0.957      0.000
 264  264     -0.006     -0.027      0.000
 266  260     -0.001     -0.480      0.000
 265  265     -0.000      0.121      0.000
  -1   -2      0.010     -0.539      0.000
 267  268      0.011      1.057      0.000
  -1   -2      0.014      0.801      0.000
 270  272      0.023     -1.122      0.000
 271  274      0.042      0.396      0.000
 273  277      0.043      0.623      0.000
 272  276      0.048      0.033      0.000
  -1  278      0.059      0.303      0.000
 274  279      0.060      0.980      0.000
 275  280      0.062      0.358      0.000
 278  282      0.070      0.711      0.000
  -1  281      0.072     -0.558      0.000
 279  285      0.074     -0.998      0.000
  -1   -2      0.077     -1.162      0.000
  -1  286      0.080     -0.234      0.000
 276   -2      0.090     -1.040      0.000
  -1  283      0.098      0.024      0.000
 282  289      0.105      0.149      0.000
 283  290      0.113      0.487      0.000
 284  291      0.115      0.100      0.000
 286   -2      0.122      0.432      0.000
  -1  293      0.127      0.947      0.000
  -1   -2      0.133      0.801      0.000
 287  294      0.134      0.912      0.000
  -1   -2      0.139     -1.141      0.000
 289  287      0.139     -0.951      0.000
 291   -2      0.142      0.740      0.000
 292  296      0.145      1.126      0.000
 290  298      0.146     -0.663      0.000
 293  297      0.147      0.200      0.000
 294  299      0.154     -0.544      0.000
 281  316      0.161     -0.746      0.000
 295  302      0.173      0.389      0.000
 296  303      0.187     -0.766      0.000
  -1  304      0.192      1.038      0.000
  -1  306      0.199     -0.516      0.000
 297  305      0.199     -1.175      0.000
 298   -2      0.203      0.604      0.000
  -1   -2      0.205      1.124      0.000
 299  307      0.211      0.010      0.000
 300  308      0.216     -1.087      0.000
 301  309      0.221     -0.347      0.000
 303  311      0.228     -0.957      0.000
 302  312      0.234     -0.187      0.000
 304  313      0.240      1.042      0.000
 305  314      0.247      0.129      0.000
  -1  318      0.248     -0.988      0.000
  -1  295      0.253      0.792      0.000
 306   -2      0.255     -0.425      0.000
  -1  317      0.261     -0.391      0.000
 307  319      0.262      0.255      0.000
  -1   -2      0.265     -0.261      0.000
  -1  320      0.278     -0.915      0.000
  -1  321      0.294      0.764      0.000
 311  322      0.302      0.044      0.000
  -1  323      0.303     -0.375      0.000
  -1  325      0.305     -1.083      0.000
 331   -2      0.307     -0.233      0.000
 309  330      0.308      0.367      0.000
 314  326      0.310      1.094      0.000
 315  327      0.322     -1.172      0.000
 317  328      0.354      0.046      0.000
 320  329      0.359      0.312      0.000
 319   -2      0.361      0.242      0.000
 321  331      0.369     -0.457      0.000
 322  333      0.371     -0.871      0.000
 323  332      0.371      0.171      0.000
  -1   -2      0.377      0.587      0.000
 324   -2      0.385     -0.513      0.000
 312  353      0.397     -1.126      0.000
 325  336      0.399     -0.014      0.000
  -1  349      0.406      0.760      0.000
  -1   -2      0.415     -0.723      0.000
 326  338      0.418     -0.948      0.000
  -1  341      0.429     -1.174      0.000
  -1  339      0.430      0.606      0.000
 327  340      0.430     -0.615      0.000
 316   -2      0.431      0.667      0.000
 329  342      0.431     -0.657      0.000
 330   -2      0.432      0.222      0.000
 332   -2      0.433      0.794      0.000
  -1   -2      0.434      1.167      0.000
 333  343      0.435      0.338      0.000
 334  344      0.440     -0.476      0.000
 335   -2      0.444     -0.851      0.000
 336   -2      0.452      0.731      0.000
 337  345      0.455     -0.044      0.000
 338  347      0.476      0.963      0.000
 339  348      0.476      0.821      0.000
 340  352      0.484     -0.845      0.000
 341  351      0.484     -0.675      0.000
 356  335      0.488     -1.158      0.000
 342   -2      0.494     -1.005      0.000
  -1  354      0.517     -0.397      0.000
 352   -2      0.522      0.901      0.000
 344  356      0.527     -0.053      0.000
 345  357      0.530     -0.616      0.000
 346  358      0.533      0.543      0.000
 348  359      0.536     -0.957      0.000
 347  360      0.539      0.584      0.000
 349  361      0.542      0.966      0.000
 351  363      0.560      1.098      0.000
 350  364      0.561      0.355      0.000
  -1  368      0.566     -0.761      0.000
 353  366      0.577      0.602      0.000
 354  367      0.585      0.524      0.000
 369   -2      0.591     -0.782      0.000
  -1  374      0.603     -0.431      0.000
 357  369      0.610     -1.030      0.000
 358   -2      0.616     -0.971      0.000
 359  373      0.618      0.908      0.000
 360  375      0.621     -0.871      0.000
  -1   -2      0.621     -0.201      0.000
 361  377      0.621      0.992      0.000
 362  378      0.628     -0.503      0.000
 363  379      0.633     -0.005      0.000
  -1  380      0.651     -1.168      0.000
 367   -2      0.653     -1.104      0.000
 364  381      0.661      0.274      0.000
  -1   -2      0.667      0.314      0.000
 365  382      0.678     -0.392      0.000
 368  384      0.694     -0.886      0.000
 370  385      0.703      0.361      0.000
  -1  386      0.704      0.414      0.000
 373  387      0.709      1.127      0.000
 372  388      0.719      0.678      0.000
  -1   -2      0.722     -0.078      0.000
 374  389      0.724     -0.915      0.000
 375  391      0.738     -0.659      0.000
  -1  396      0.741     -1.149      0.000
 376  392      0.764     -0.037      0.000
  -1   -2      0.767      0.958      0.000
 382  393      0.771      0.103      0.000
 379   -2      0.777     -0.237      0.000
 377   -2      0.787     -1.039      0.000
  -1   -2      0.793     -1.078      0.000
 378  398      0.799      0.937      0.000
 380  397      0.799      0.175      0.000
 381  399      0.803     -0.553      0.000
 387  395      0.805     -0.975      0.000
  -1   -2      0.814      0.542      0.000
  -1   -2      0.816      0.317      0.000
 385  401      0.816      0.447      0.000
 386  402      0.816     -0.154      0.000
 384   -2      0.817     -1.138      0.000
 389  405      0.827      0.685      0.000
 404  390      0.831     -0.274      0.000
 391  407      0.834     -0.803      0.000
 392  406      0.834      0.736      0.000
  -1  408      0.840      0.799      0.000
  -1  409      0.843     -0.497      0.000
 395  411      0.850      0.247      0.000
 398  412      0.856     -0.460      0.000
 396  413      0.856     -1.073      0.000
 400  415      0.865      1.102      0.000
 403  422      0.882     -0.221      0.000
 401  417      0.886      0.548      0.000
  -1  410      0.886     -0.330      0.000
 402  418      0.887     -0.544      0.000
 406  419      0.893      0.473      0.000
 405  421      0.894      1.129      0.000
 407  423      0.897     -0.150      0.000
 408  424      0.899     -0.876      0.000
 409  426      0.903     -1.006      0.000
  -1  425      0.903     -0.801      0.000
 410  427      0.904     -0.942      0.000
  -1  428      0.905     -1.135      0.000
  -1  429      0.913      0.031      0.000
 413  431      0.932     -1.001      0.000
 415  430      0.932     -0.026      0.000
 414  433      0.934     -0.862      0.000
 416  434      0.940     -1.077      0.000
 417  435      0.946     -0.234      0.000
  -1   -2      0.951      0.728      0.000
 418  436      0.957      0.785      0.000
 419  437      0.965      0.693      0.000
 420  439      0.977      0.004      0.000
 412  442      0.985     -1.112      0.000
 422  441      0.986     -0.583      0.000
 426  443      0.989      0.270      0.000
 423   -2      0.990     -0.032      0.000
 427  444      0.997      0.733      0.000
 429   -2      1.009      0.020      0.000
 428  447      1.011      0.111      0.000
 430  449      1.012      0.850      0.000
 425  454      1.036     -0.865      0.000
  -1  450      1.037      0.984      0.000
  -1   -2      1.054     -0.379      0.000
  -1  440      1.057     -0.318      0.000
 432  451      1.067     -0.627      0.000
 433  452      1.071     -1.175      0.000
  -1  453      1.098      1.036      0.000
 437   -2      1.109     -0.946      0.000
 438  455      1.119     -0.521      0.000
 439  463      1.122     -0.231      0.000
 453  457      1.130     -0.050      0.000
 440  458      1.131     -0.745      0.000
  -1  460      1.136     -1.176      0.000
 445  461      1.143     -0.829      0.000
 446  459      1.157      1.025      0.000
 447  465      1.161     -1.044      0.000
 449   -2      1.164     -0.337      0.000
 443   -2      1.164      0.558      0.000
 451  466      1.175      0.392      0.000
 435  477      1.177      0.967      0.000
 452  467      1.180     -0.459      0.000
  -1  468      1.183     -1.175      0.000
 448  470      1.197     -1.134      0.000
 455  473      1.211      0.985      0.000
 456  475      1.230     -1.069      0.000
 458   -2      1.230      0.423      0.000
 457   -2      1.233      0.911      0.000
 459  476      1.234     -0.460      0.000
  -1   -2      1.248     -1.110      0.000
 460  478      1.262     -0.433      0.000
  -1  471      1.263     -0.170      0.000
 461  482      1.289     -0.509      0.000
 462  483      1.294      0.178      0.000
  -1   -2      1.294     -1.169      0.000
  -1  492      1.301     -0.904      0.000
  -1  508      1.336      0.026      0.000
 464  484      1.339      0.494      0.000
 466  486      1.340      0.237      0.000
 465  488      1.342     -1.010      0.000
 468  487      1.344     -0.191      0.000
 469  490      1.352     -0.286      0.000
 470  491      1.355      1.060      0.000
 471   -2      1.364     -0.863      0.000
 472  494      1.373     -0.339      0.000
 473  495      1.375     -0.399      0.000
 474  496      1.377      0.552      0.000
 475  497      1.381     -0.920      0.000
 476  498      1.392     -0.137      0.000
 467   -2      1.393     -1.154      0.000
 477  500      1.404     -0.865      0.000
 478  499      1.405     -0.311      0.000
 479  501      1.409      0.266      0.000
  -1  503      1.416      0.722      0.000
 482  504      1.418      0.775      0.000
  -1   -2      1.431     -0.950      0.000
  -1   -2      1.437      1.005      0.000
  -1  505      1.446     -1.170      0.000
 485   -2      1.448      0.965      0.000
 486   -2      1.448     -0.020      0.000
 484   -2      1.449     -1.011      0.000
 487  507      1.450      0.402      0.000
 497  506      1.450     -0.977      0.000
 489  509      1.460     -0.151      0.000
 508   -2      1.464     -0.201      0.000
 490  512      1.465     -0.662      0.000
 488  514      1.471     -1.087      0.000
 492  513      1.471      0.087      0.000
 483  517      1.486     -0.389      0.000
 494  518      1.486      0.655      0.000
 496  519      1.489      0.540      0.000
  -1   -2      1.499     -0.655      0.000
 498   -2      1.508      1.146      0.000
 500  520      1.508      0.357      0.000
 499  521      1.508      1.029      0.000
 501   -2      1.524     -1.114      0.000
 502  523      1.525      0.733      0.000
 503  525      1.528     -0.526      0.000
  -1  524      1.536     -1.137      0.000
 507  527      1.540      0.419      0.000
 506  526      1.542     -1.174      0.000
 509  529      1.544     -0.828      0.000
 510  530      1.544     -0.945      0.000
 511  528      1.545      1.067      0.000
  -1  531      1.551      0.023      0.000
 512  532      1.553     -0.721      0.000
  -1  533      1.573      0.837      0.000
