520
  -1    0     -1.574      0.254      0.000
   2    1     -1.567     -0.877      0.000
   1    2     -1.565      0.326      0.000
   3    3     -1.553      0.484      0.000
  -1    4     -1.552      0.619      0.000
   4    7     -1.539      0.174      0.000
   6    8     -1.535      0.764      0.000
   5    9     -1.535     -0.367      0.000
  15   -2     -1.519     -0.943      0.000
  -1   13     -1.510      0.569      0.000
  10   15     -1.508      0.398      0.000
  -1   14     -1.501      0.977      0.000
  13   17     -1.480     -0.422      0.000
  14   -2     -1.480     -0.603      0.000
  12   18     -1.479      0.329      0.000
  17   19     -1.466      0.065      0.000
  16   16     -1.465     -1.166      0.000
  18   20     -1.465      0.810      0.000
  19   21     -1.462     -0.708      0.000
  20   22     -1.460      1.126      0.000
  21   23     -1.443     -0.462      0.000
  22   24     -1.442      0.862      0.000
  23   25     -1.441      0.730      0.000
  -1   -2     -1.429      0.693      0.000
  24   26     -1.421     -0.020      0.000
  32   -2     -1.419     -0.811      0.000
  26   -2     -1.414     -1.081      0.000
  25   28     -1.412      0.187      0.000
  -1   -2     -1.409      0.960      0.000
  -1   -2     -1.396     -0.565      0.000
  27   30     -1.394     -0.615      0.000
  28   31     -1.381      0.780      0.000
  -1   -2     -1.366      0.445      0.000
  29   -2     -1.365      0.623      0.000
  30   33     -1.362     -0.397      0.000
  31   32     -1.362     -0.956      0.000
  33   34     -1.351      0.740      0.000
  -1   -2     -1.335     -0.022      0.000
  34   35     -1.334      1.016      0.000
  35   36     -1.333     -0.991      0.000
  -1   -2     -1.322     -0.498      0.000
  37   -2     -1.305      1.172      0.000
  38   40     -1.301     -1.130      0.000
  -1   38     -1.300     -0.442      0.000
  39   41     -1.292     -0.903      0.000
  40   42     -1.287     -0.594      0.000
  41   43     -1.284     -0.700      0.000
  -1   57     -1.280     -0.301      0.000
  42   44     -1.280     -1.095      0.000
  36   45     -1.276     -0.122      0.000
  44   46     -1.273     -0.932      0.000
  45   47     -1.267     -1.170      0.000
  46   -2     -1.264     -0.653      0.000
  48   48     -1.244      1.075      0.000
  47   50     -1.242      0.440      0.000
  49   49     -1.242      0.899      0.000
  50   51     -1.236      0.689      0.000
  51   53     -1.235      0.785      0.000
  53   -2     -1.233     -1.074      0.000
  52   60     -1.223     -0.709      0.000
  55   54     -1.223     -0.912      0.000
  57   59     -1.208     -0.122      0.000
  58   -2     -1.193     -0.615      0.000
  -1   -2     -1.187     -1.169      0.000
  59   61     -1.186      0.699      0.000
  61   -2     -1.183      0.993      0.000
  60   62     -1.179      0.428      0.000
  56   63     -1.178     -0.405      0.000
  -1   52     -1.176     -1.143      0.000
  64   64     -1.165     -0.311      0.000
  65   -2     -1.162      1.064      0.000
  66   65     -1.159      1.103      0.000
  67   66     -1.157     -0.900      0.000
  69   67     -1.155     -0.939      0.000
  68   68     -1.152      0.508      0.000
  71   69     -1.142      0.200      0.000
  70   70     -1.142     -0.176      0.000
  73   71     -1.135      0.413      0.000
  74   73     -1.112      0.612      0.000
  76   72     -1.111      1.096      0.000
  91   -2     -1.109      0.848      0.000
  75   75     -1.108     -0.234      0.000
  82   80     -1.106     -1.077      0.000
  78   76     -1.102      0.356      0.000
  81   77     -1.071     -0.459      0.000
  83   -2     -1.070     -1.168      0.000
  84   78     -1.065     -1.087      0.000
  95   -2     -1.058     -1.124      0.000
  85   81     -1.058     -0.774      0.000
  87   83     -1.043      0.318      0.000
  90   84     -1.025      0.946      0.000
  -1   88     -1.015     -0.606      0.000
  92   89     -1.014      0.586      0.000
  93   87     -1.013     -0.909      0.000
  94   90     -1.001      1.062      0.000
  96   94     -0.969     -0.137      0.000
 105   95     -0.962     -1.035      0.000
  -1   -2     -0.951      0.482      0.000
  -1   97     -0.951      0.393      0.000
  99   98     -0.950     -0.215      0.000
 101   99     -0.950     -0.007      0.000
 102   96     -0.949     -0.911      0.000
 100   -2     -0.949      0.702      0.000
  98  106     -0.942     -0.042      0.000
 103  101     -0.936     -0.978      0.000
 104   -2     -0.931      0.326      0.000
  -1  107     -0.929      0.263      0.000
 107  102     -0.925      1.149      0.000
  -1  104     -0.924     -0.451      0.000
 106  105     -0.919      0.443      0.000
 108  109     -0.913      0.396      0.000
 109  115     -0.908     -0.624      0.000
 112  110     -0.907      1.105      0.000
  -1  112     -0.896      0.739      0.000
 114  113     -0.893     -0.760      0.000
 132   92     -0.889     -1.166      0.000
 115  114     -0.889     -0.054      0.000
 116   -2     -0.884     -0.707      0.000
 117  116     -0.878      0.039      0.000
 118   -2     -0.875      0.379      0.000
 119  118     -0.850      0.140      0.000
 120  117     -0.848      0.814      0.000
  -1  119     -0.838     -0.441      0.000
 123   -2     -0.834     -0.143      0.000
  -1  120     -0.832      1.047      0.000
  -1  132     -0.826     -0.910      0.000
 128  122     -0.822      1.095      0.000
 127  123     -0.821      0.880      0.000
 129  124     -0.813      0.987      0.000
 130  125     -0.811     -0.755      0.000
  -1  126     -0.808     -0.804      0.000
 135  121     -0.803     -0.095      0.000
  -1  128     -0.789      0.069      0.000
  -1  129     -0.773      0.780      0.000
 124   -2     -0.754      0.964      0.000
 138   -2     -0.754     -0.931      0.000
 137  131     -0.753     -0.540      0.000
  -1  134     -0.739      0.852      0.000
 140  135     -0.731     -0.963      0.000
 139  136     -0.729     -0.288      0.000
 141  137     -0.726     -0.677      0.000
  -1  138     -0.722     -0.625      0.000
 143  139     -0.716     -1.010      0.000
 142  140     -0.715     -0.547      0.000
 144  130     -0.705      0.980      0.000
 145   -2     -0.705     -1.171      0.000
 148  141     -0.705      1.091      0.000
 146  143     -0.698     -0.260      0.000
 147  146     -0.695      0.049      0.000
 150  144     -0.695      1.037      0.000
  -1  147     -0.691     -0.212      0.000
 151  148     -0.686     -0.407      0.000
 152  142     -0.686     -1.137      0.000
 153  149     -0.675      0.330      0.000
 154  150     -0.668     -0.482      0.000
 155  152     -0.655     -0.740      0.000
 157  154     -0.651      0.852      0.000
 158  158     -0.642     -0.212      0.000
 161  157     -0.638      1.111      0.000
 159  159     -0.637      0.452      0.000
 163  160     -0.633      1.038      0.000
 162  161     -0.632     -0.022      0.000
 164  163     -0.620     -1.056      0.000
 166  165     -0.615     -0.740      0.000
 165  166     -0.614     -0.478      0.000
 156   -2     -0.614     -0.980      0.000
 168  167     -0.609      0.082      0.000
 169  169     -0.604      0.180      0.000
  -1  168     -0.604      0.635      0.000
 171   -2     -0.596     -1.093      0.000
 172  171     -0.581     -0.037      0.000
 173  172     -0.572      1.001      0.000
 174  174     -0.560     -0.108      0.000
 175  177     -0.544     -1.168      0.000
  -1  170     -0.542     -1.088      0.000
 176  175     -0.538     -0.252      0.000
 178  178     -0.526      1.124      0.000
 177  179     -0.525      0.410      0.000
 179  180     -0.522     -0.627      0.000
 180  181     -0.516      0.908      0.000
 181  183     -0.492      0.298      0.000
 182   -2     -0.486     -1.165      0.000
 170  200     -0.486      0.828      0.000
 183  184     -0.484     -0.159      0.000
 185   -2     -0.468     -0.461      0.000
 187  185     -0.465      0.686      0.000
 188  193     -0.462     -1.115      0.000
  -1  187     -0.455     -0.293      0.000
 190  189     -0.449     -0.545      0.000
 192  190     -0.449     -0.774      0.000
 191  192     -0.447     -0.217      0.000
 193  191     -0.447     -0.884      0.000
 195  194     -0.432      0.660      0.000
 194   -2     -0.431     -1.133      0.000
 197  195     -0.423     -0.601      0.000
 184  220     -0.423      0.468      0.000
  -1   -2     -0.423      0.608      0.000
 198  196     -0.420      1.136      0.000
 200  197     -0.409     -1.166      0.000
 204   -2     -0.391      0.975      0.000
 203  199     -0.386     -0.882      0.000
 202  201     -0.386      0.790      0.000
 206  203     -0.384      0.279      0.000
  -1  202     -0.381      0.899      0.000
 207   -2     -0.375      0.480      0.000
 208  204     -0.374     -0.506      0.000
  -1  205     -0.362      0.254      0.000
 213  206     -0.358     -1.135      0.000
  -1   -2     -0.355     -1.077      0.000
 210  209     -0.348     -0.155      0.000
 211  208     -0.346      0.713      0.000
 215  210     -0.331      1.160      0.000
 214  211     -0.329      0.369      0.000
  -1   -2     -0.326     -0.664      0.000
 216  212     -0.317     -0.839      0.000
 217  213     -0.308     -0.337      0.000
 219  215     -0.300      0.695      0.000
 221  216     -0.297     -0.887      0.000
 222  218     -0.289      0.662      0.000
 224  219     -0.280     -0.589      0.000
  -1   -2     -0.275      0.766      0.000
 218  226     -0.272      0.020      0.000
 209   -2     -0.268     -1.169      0.000
  -1   -2     -0.267      0.472      0.000
 226  222     -0.260     -0.969      0.000
 232   -2     -0.255     -0.767      0.000
 229  224     -0.250      0.623      0.000
 230   -2     -0.244     -1.086      0.000
  -1  225     -0.236     -1.041      0.000
 233  229     -0.215     -0.210      0.000
 246   -2     -0.181      1.111      0.000
 235  231     -0.180     -1.078      0.000
 249   -2     -0.177     -0.665      0.000
 236  235     -0.177      1.154      0.000
 237  236     -0.175      0.332      0.000
 238  237     -0.170      0.419      0.000
 239  238     -0.168     -0.557      0.000
 240  239     -0.159     -0.057      0.000
  -1   -2     -0.152     -0.993      0.000
 241  241     -0.151      0.536      0.000
 242  242     -0.146      0.288      0.000
  -1  251     -0.142     -1.121      0.000
 244  243     -0.133     -0.898      0.000
 245  244     -0.125      0.202      0.000
 248  245     -0.121      1.162      0.000
 263   -2     -0.101      0.596      0.000
 243  249     -0.100     -0.262      0.000
 251  250     -0.098      0.304      0.000
 252  248     -0.095     -0.522      0.000
  -1  259     -0.089     -1.006      0.000
 255  252     -0.084      1.000      0.000
 256  253     -0.081      0.505      0.000
 258  254     -0.077     -0.958      0.000
 257  247     -0.075     -1.170      0.000
 259  257     -0.068      1.113      0.000
 253  268     -0.056     -0.995      0.000
 261   -2     -0.055     -0.339      0.000
  -1  260     -0.050      0.814      0.000
 254  265     -0.040     -1.139      0.000
  -1  258     -0.035     -0.383      0.000
  -1  261     -0.032      1.068      0.000
  -1  262     -0.030     -0.096      0.000
 262   -2     -0.022      0.272      0.000
 264  263     -0.020      0.479      0.000
 269   -2     -0.005      0.050      0.000
 267  267     -0.002      0.319      0.000
 265  278      0.009      0.841      0.000
 271  270      0.010      0.733      0.000
  -1   -2      0.019     -1.101      0.000
 272  271      0.020      0.490      0.000
 273  272      0.026      0.289      0.000
 274  274      0.030     -0.029      0.000
 276  275      0.044     -1.062      0.000
 277  277      0.054      0.553      0.000
 278   -2      0.059      0.771      0.000
  -1   -2      0.064     -0.879      0.000
 280  280      0.066     -0.935      0.000
  -1   -2      0.068      0.212      0.000
 281  283      0.072     -0.779      0.000
 282  284      0.078      0.137      0.000
 290   -2      0.082      0.796      0.000
 284  289      0.085     -1.163      0.000
 266   -2      0.091      0.101      0.000
 287  287      0.092     -0.026      0.000
 288  290      0.097      0.386      0.000
 291  292      0.139     -0.953      0.000
 292  293      0.141      0.722      0.000
 293  294      0.143     -0.386      0.000
  -1  296      0.151      0.576      0.000
 295  298      0.156     -1.090      0.000
 296  297      0.157     -0.552      0.000
 297  299      0.165      0.897      0.000
 299  300      0.177      0.311      0.000
 300  301      0.187     -0.574      0.000
 301  302      0.191     -1.057      0.000
 298   -2      0.199     -0.365      0.000
 305  306      0.213     -0.873      0.000
 303  304      0.214     -1.168      0.000
 304  305      0.214      1.106      0.000
 306  307      0.214     -1.086      0.000
  -1   -2      0.219      0.826      0.000
 307  308      0.220      0.036      0.000
 308  314      0.226     -0.992      0.000
 309  310      0.228     -0.747      0.000
 310  309      0.229      0.471      0.000
  -1  311      0.233      0.902      0.000
 311  313      0.246     -0.110      0.000
 322  303      0.270     -0.295      0.000
 313  316      0.276      0.826      0.000
 314  317      0.285      1.038      0.000
 315  318      0.291      0.966      0.000
 316  319      0.296      0.213      0.000
 317  320      0.296      0.613      0.000
 318  328      0.308     -1.174      0.000
  -1   -2      0.316      0.731      0.000
  -1   -2      0.316      0.991      0.000
 321  323      0.327      0.497      0.000
 325  327      0.344      0.056      0.000
  -1   -2      0.348     -0.495      0.000
 326  329      0.351      0.881      0.000
 327  330      0.361     -1.060      0.000
  -1   -2      0.362      1.019      0.000
 328  333      0.380     -1.125      0.000
 329  331      0.380     -0.334      0.000
 333  332      0.385     -0.698      0.000
  -1   -2      0.385     -0.941      0.000
 334  346      0.400      0.987      0.000
 330  351      0.409     -1.167      0.000
  -1  335      0.412      0.056      0.000
 335  336      0.419     -1.004      0.000
 337  337      0.420     -0.340      0.000
 338  338      0.425     -0.388      0.000
 339  339      0.428      0.255      0.000
 340  340      0.430     -0.779      0.000
 342  341      0.441      0.148      0.000
 343  342      0.446     -0.576      0.000
 344  343      0.449      0.765      0.000
  -1   -2      0.451     -0.892      0.000
 345  344      0.456      1.088      0.000
 341   -2      0.461     -1.176      0.000
 346   -2      0.466     -0.698      0.000
 347  345      0.472     -0.520      0.000
 348  348      0.478      0.006      0.000
 349  350      0.479     -1.010      0.000
  -1  357      0.491      0.436      0.000
 352  352      0.495     -0.366      0.000
 354  353      0.509     -0.705      0.000
 357  358      0.514      0.274      0.000
 356  356      0.515      0.640      0.000
 359  359      0.530     -0.547      0.000
 364  355      0.531      0.585      0.000
 361  360      0.537     -0.021      0.000
 362  361      0.538      0.788      0.000
 363  362      0.549     -0.825      0.000
 365  363      0.559      0.664      0.000
 366  364      0.568     -0.878      0.000
  -1  365      0.570      0.598      0.000
 368  366      0.583     -0.508      0.000
 371   -2      0.600      0.739      0.000
 351  373      0.602     -1.167      0.000
  -1   -2      0.603     -0.656      0.000
 372  370      0.609     -0.916      0.000
 373  371      0.612      0.923      0.000
 375  372      0.615      0.797      0.000
 376  374      0.627     -0.679      0.000
 378  375      0.629     -0.034      0.000
 377  377      0.630     -1.069      0.000
 379  378      0.648     -0.772      0.000
 380  379      0.649      0.439      0.000
 382  380      0.654      0.472      0.000
 384  369      0.655      0.715      0.000
 383  381      0.657     -0.623      0.000
 370  398      0.667      0.276      0.000
 374   -2      0.672      1.070      0.000
 385  384      0.682     -0.978      0.000
  -1  385      0.694      0.286      0.000
  -1   -2      0.697     -1.173      0.000
 387  386      0.698      0.836      0.000
 389   -2      0.700     -0.435      0.000
 390  388      0.706      0.758      0.000
  -1  383      0.707     -0.382      0.000
 391  389      0.711      0.427      0.000
  -1   -2      0.712     -0.781      0.000
 392  390      0.717     -0.812      0.000
 381   -2      0.721     -0.240      0.000
 395  392      0.727      1.080      0.000
 396  393      0.731     -1.037      0.000
 397  394      0.732     -0.605      0.000
 398   -2      0.742     -0.655      0.000
 400  396      0.752      0.982      0.000
  -1  387      0.755     -0.417      0.000
 388  410      0.760     -1.080      0.000
 402  399      0.769     -0.349      0.000
  -1   -2      0.781     -0.992      0.000
 403  401      0.786     -1.037      0.000
 406  402      0.793     -0.612      0.000
 404  404      0.803     -0.993      0.000
 408   -2      0.822      0.262      0.000
 411  408      0.836     -1.114      0.000
  -1  409      0.841     -0.858      0.000
 413   -2      0.845     -1.054      0.000
  -1  411      0.848      0.838      0.000
 414  412      0.853      0.576      0.000
 416  413      0.857      0.345      0.000
 415  414      0.858     -0.082      0.000
 417  415      0.859      0.300      0.000
 418  416      0.865      1.151      0.000
 419  417      0.865     -0.781      0.000
 422  418      0.866     -1.156      0.000
  -1   -2      0.871      0.472      0.000
 410   -2      0.882     -0.234      0.000
 423  420      0.890      0.824      0.000
  -1  422      0.901     -1.005      0.000
 425  421      0.902     -0.042      0.000
 426   -2      0.910     -0.654      0.000
 427  423      0.921      1.011      0.000
 428  424      0.926      0.075      0.000
 429  426      0.932      1.111      0.000
 431  427      0.933     -0.805      0.000
 430  428      0.937     -1.078      0.000
 432  429      0.940     -0.266      0.000
 433  430      0.946     -0.457      0.000
 434   -2      0.954     -0.160      0.000
 435  431      0.960     -0.546      0.000
 436   -2      0.963      0.709      0.000
  -1  432      0.965      0.142      0.000
 437  435      0.967     -1.135      0.000
 439  434      0.970      0.605      0.000
 438  433      0.970      0.653      0.000
 444   -2      0.984      0.099      0.000
 442  437      0.985      0.387      0.000
 441   -2      0.985      0.272      0.000
 443  439      1.000      0.754      0.000
 445   -2      1.012     -0.234      0.000
 447  441      1.024      0.206      0.000
 448  442      1.025     -0.268      0.000
 455  436      1.033      0.282      0.000
 449  444      1.035     -0.173      0.000
 450  447      1.050     -0.616      0.000
 453  446      1.051      0.492      0.000
 451   -2      1.051     -1.002      0.000
 452  448      1.052     -0.917      0.000
 475   -2      1.061      0.541      0.000
 456  449      1.070      0.426      0.000
 459   -2      1.072     -0.264      0.000
 458  452      1.077     -0.732      0.000
  -1  454      1.084      0.728      0.000
 460  455      1.090     -0.057      0.000
 461   -2      1.097     -1.063      0.000
 462  458      1.110     -1.019      0.000
 463  467      1.111      1.020      0.000
 464  459      1.111      0.943      0.000
  -1   -2      1.116     -1.118      0.000
 466  460      1.119     -0.689      0.000
 467  461      1.122      0.813      0.000
 468  462      1.132     -0.031      0.000
 470  464      1.132     -1.142      0.000
 465  463      1.135      0.696      0.000
  -1  465      1.147      1.162      0.000
 472   -2      1.153      1.018      0.000
 474  469      1.158     -0.829      0.000
 477  470      1.177      0.242      0.000
 478  471      1.179      0.077      0.000
 479  473      1.186     -0.599      0.000
  -1   -2      1.218     -1.058      0.000
 480  476      1.220      0.961      0.000
 481  486      1.235     -0.982      0.000
 482  479      1.251     -0.555      0.000
 483  480      1.256     -0.421      0.000
 484  481      1.266     -0.630      0.000
 485   -2      1.270      0.249      0.000
  -1   -2      1.276     -1.106      0.000
 486  482      1.278      1.011      0.000
  -1  485      1.296      0.561      0.000
 487   -2      1.297     -0.572      0.000
 488  491      1.307      0.275      0.000
  -1  484      1.308     -1.162      0.000
 490  483      1.316     -0.192      0.000
 492  487      1.331     -0.550      0.000
 494  488      1.341      0.401      0.000
 493  489      1.341     -0.638      0.000
 495  490      1.373     -1.017      0.000
 496  495      1.386     -1.077      0.000
 498  493      1.391     -1.172      0.000
 500  492      1.393      0.446      0.000
 501  496      1.405      1.137      0.000
 502   -2      1.415     -1.029      0.000
 503  497      1.430     -0.408      0.000
 506  498      1.432      0.162      0.000
 505  501      1.434     -0.545      0.000
 499   -2      1.436     -0.293      0.000
 508  502      1.441     -0.475      0.000
 511  505      1.452     -1.143      0.000
  -1  506      1.453     -1.176      0.000
  -1  504      1.455     -0.239      0.000
  -1   -2      1.469     -0.444      0.000
 513  507      1.475      0.238      0.000
  -1  512      1.475      0.667      0.000
 514  509      1.480      0.554      0.000
 515  510      1.489     -0.845      0.000
  -1  511      1.498     -0.806      0.000
  -1   -2      1.501     -1.017      0.000
 521   -2      1.509     -1.169      0.000
 510   -2      1.512      0.637      0.000
 518  513      1.522      0.887      0.000
 519  514      1.530      0.283      0.000
 522  516      1.532     -0.259      0.000
 520  515      1.533     -0.330      0.000
  -1   -2      1.535     -0.943      0.000
 523  518      1.537     -0.088      0.000
  -1  519      1.543     -1.169      0.000
  -1  520      1.551     -0.294      0.000
 525  521      1.556     -1.132      0.000
 526  523      1.556     -1.020      0.000
  -1  522      1.557     -0.712      0.000
 528  524      1.563      0.052      0.000
 527  525      1.564      1.157      0.000
 529  526      1.571      0.468      0.000
 530  527      1.573     -0.920      0.000
  -1   -2      1.575      0.393      0.000
