539
   0    0     -1.572      0.331      0.000
   2    1     -1.567     -0.894      0.000
  -1    2     -1.563      0.495      0.000
   3    4     -1.562      0.634      0.000
   4    5     -1.548      0.177      0.000
   6    7     -1.541      0.779      0.000
   5    8     -1.541     -0.378      0.000
  -1   -2     -1.523     -0.127      0.000
   7   10     -1.519      0.408      0.000
  -1   11     -1.505      0.997      0.000
  10   13     -1.492      0.337      0.000
  11   14     -1.486     -0.435      0.000
  13   17     -1.476      0.064      0.000
  -1   16     -1.474     -1.133      0.000
  12   12     -1.469     -1.171      0.000
  14   18     -1.467      0.824      0.000
  15   19     -1.464     -0.722      0.000
  16   20     -1.458      1.140      0.000
  17   21     -1.449     -0.474      0.000
  18   22     -1.449      0.744      0.000
  19   23     -1.446      0.874      0.000
  -1   -2     -1.437      0.706      0.000
  21   24     -1.432     -0.023      0.000
  20   -2     -1.432      0.024      0.000
  23   25     -1.424      0.189      0.000
  24   -2     -1.415     -1.095      0.000
  25   26     -1.407     -0.820      0.000
  -1   28     -1.394     -0.630      0.000
  26   27     -1.388     -1.119      0.000
  -1   -2     -1.387      0.792      0.000
  28   34     -1.375      0.632      0.000
  30   31     -1.371     -0.406      0.000
  29   -2     -1.371     -0.036      0.000
  31   32     -1.361     -0.769      0.000
  33   -2     -1.355      0.747      0.000
  -1   -2     -1.341      0.578      0.000
  34   35     -1.336      1.029      0.000
  36   36     -1.329     -1.004      0.000
  35   37     -1.329     -0.509      0.000
  37   38     -1.320     -0.156      0.000
  39   39     -1.294     -0.605      0.000
  40   41     -1.290     -0.918      0.000
  41   42     -1.289     -0.713      0.000
  -1   -2     -1.289     -0.127      0.000
  38   43     -1.288     -1.158      0.000
  44   44     -1.274     -0.943      0.000
  46   46     -1.257      0.445      0.000
  47   47     -1.250      0.696      0.000
  48   48     -1.246      0.908      0.000
  49   49     -1.243      1.084      0.000
  50   50     -1.241      0.796      0.000
  52   55     -1.230     -0.397      0.000
  54   54     -1.227     -0.719      0.000
  56   53     -1.227     -1.080      0.000
  55   57     -1.223     -0.125      0.000
  57   56     -1.222     -0.923      0.000
  45   -2     -1.212     -0.068      0.000
  -1   58     -1.211     -0.860      0.000
  -1   65     -1.203     -1.159      0.000
  58   60     -1.203     -0.474      0.000
  60   62     -1.197      0.433      0.000
  61   61     -1.197      0.707      0.000
  -1   67     -1.188      1.002      0.000
  62   63     -1.181     -0.415      0.000
  63   64     -1.177     -0.317      0.000
  64   -2     -1.176     -0.991      0.000
  66   -2     -1.170     -1.162      0.000
  67   66     -1.165      0.515      0.000
  -1   -2     -1.161      1.072      0.000
  69   68     -1.157      1.112      0.000
  68   70     -1.156     -0.179      0.000
  71   69     -1.156     -0.911      0.000
  70   72     -1.152      0.418      0.000
  73   71     -1.151     -0.949      0.000
  72   -2     -1.147     -0.532      0.000
  75   -2     -1.126     -0.196      0.000
  77   75     -1.124     -0.240      0.000
  76   74     -1.124      0.616      0.000
  78   76     -1.119      0.361      0.000
  79   77     -1.115      0.853      0.000
  81   81     -1.107     -1.173      0.000
  83   80     -1.079     -0.464      0.000
  85   82     -1.062     -0.782      0.000
  84   84     -1.060      0.321      0.000
  86   83     -1.057     -1.097      0.000
  90   85     -1.053     -1.135      0.000
  87   86     -1.043     -0.094      0.000
 105   73     -1.030     -0.443      0.000
  88   87     -1.030      0.590      0.000
  89   -2     -1.029      0.950      0.000
  91   89     -1.013     -0.917      0.000
  -1   -2     -1.003     -1.167      0.000
  92   90     -1.002      1.067      0.000
  93   92     -0.986     -0.138      0.000
  94   91     -0.982     -1.121      0.000
  95   -2     -0.971      0.339      0.000
  96   93     -0.969     -0.016      0.000
  97   96     -0.968     -0.218      0.000
  98   -2     -0.961      0.703      0.000
  99  103     -0.943      0.267      0.000
  -1  100     -0.941      0.429      0.000
 100   -2     -0.938      0.920      0.000
 101   -2     -0.935      0.321      0.000
 102  101     -0.934     -0.986      0.000
  -1  104     -0.932      0.397      0.000
  -1  105     -0.916     -0.627      0.000
 106   -2     -0.911     -1.170      0.000
  -1   -2     -0.909     -0.489      0.000
 107  109     -0.907     -0.053      0.000
 103  117     -0.907      1.108      0.000
 110  111     -0.897      0.040      0.000
 111  110     -0.897     -0.763      0.000
 109   -2     -0.892      0.380      0.000
 104   -2     -0.891     -0.710      0.000
 113  107     -0.876     -1.142      0.000
 114  113     -0.867      0.140      0.000
 115  114     -0.856      0.813      0.000
  -1  116     -0.851     -0.135      0.000
  -1  115     -0.850     -0.442      0.000
  -1   97     -0.836      0.631      0.000
 119   -2     -0.834      1.048      0.000
 118  118     -0.830     -1.164      0.000
 120  120     -0.828      0.879      0.000
 121  121     -0.822      1.094      0.000
 117  122     -0.821     -0.095      0.000
 123  124     -0.816      0.987      0.000
 125  125     -0.815     -0.755      0.000
  -1  128     -0.780      0.778      0.000
 128   -2     -0.776      0.653      0.000
 129  130     -0.763     -0.540      0.000
 130  131     -0.762      0.959      0.000
 136  132     -0.754     -0.932      0.000
 131  142     -0.752     -1.150      0.000
 133  133     -0.745      0.850      0.000
 134  134     -0.744     -0.287      0.000
  -1   -2     -0.731     -0.964      0.000
  -1  136     -0.731     -0.626      0.000
 135   -2     -0.730     -0.676      0.000
 138  137     -0.726     -0.545      0.000
 139  139     -0.715      0.050      0.000
 137  135     -0.715     -1.010      0.000
 140  140     -0.712     -0.256      0.000
 116   -2     -0.698     -0.403      0.000
 143   -2     -0.697     -1.172      0.000
  -1  143     -0.697      1.033      0.000
 142  144     -0.697      0.335      0.000
 165   -2     -0.683     -1.140      0.000
 146  146     -0.679     -0.480      0.000
 145   -2     -0.675      0.254      0.000
 147  147     -0.660     -0.737      0.000
 149  148     -0.660      0.857      0.000
 150   -2     -0.658      0.823      0.000
 148  150     -0.658     -0.210      0.000
  -1  153     -0.657      1.155      0.000
 152  149     -0.656     -0.884      0.000
 154  151     -0.653     -0.268      0.000
 153  152     -0.649      0.449      0.000
 155   -2     -0.641      1.106      0.000
 156  154     -0.634      1.029      0.000
 157  156     -0.627      0.081      0.000
 160  155     -0.626     -0.474      0.000
 159  159     -0.623      0.178      0.000
 163  160     -0.619     -0.978      0.000
 162  158     -0.618     -1.054      0.000
 161  161     -0.617      0.629      0.000
 164  163     -0.599     -0.036      0.000
  -1  157     -0.595     -0.799      0.000
  -1   -2     -0.594      0.644      0.000
 158  170     -0.593     -1.090      0.000
 167  164     -0.576      0.996      0.000
 166  165     -0.576     -0.106      0.000
 169  166     -0.558     -0.935      0.000
 170  168     -0.553     -0.249      0.000
  -1   -2     -0.552      1.164      0.000
 172  171     -0.541      0.414      0.000
 173  167     -0.540     -1.170      0.000
  -1   -2     -0.536     -1.086      0.000
 175  172     -0.531     -0.621      0.000
 176  173     -0.526      1.117      0.000
 177  174     -0.523      0.899      0.000
 178  175     -0.510      0.295      0.000
 179  176     -0.499     -0.154      0.000
 180  177     -0.495      0.463      0.000
 181   -2     -0.491      0.825      0.000
 182   -2     -0.487     -0.706      0.000
  -1  179     -0.479     -1.173      0.000
  -1  178     -0.477     -0.458      0.000
 185  181     -0.475      0.983      0.000
 183  180     -0.475      0.678      0.000
 184  182     -0.473     -0.245      0.000
 186  183     -0.463     -0.211      0.000
 187  185     -0.459     -0.537      0.000
 188  184     -0.458     -1.109      0.000
 189  186     -0.455     -0.766      0.000
 190  187     -0.450     -0.875      0.000
 191  188     -0.443      0.651      0.000
 192  189     -0.431     -0.593      0.000
  -1  191     -0.421      1.123      0.000
 196  192     -0.411     -0.661      0.000
 195  205     -0.408      0.366      0.000
 198   -2     -0.404     -1.059      0.000
  -1  194     -0.400      0.815      0.000
 199  195     -0.392      0.780      0.000
 197  198     -0.390      0.268      0.000
 200  196     -0.389     -0.872      0.000
 202  199     -0.389      0.890      0.000
 203  197     -0.388      0.960      0.000
 201  200     -0.387      0.472      0.000
 204  201     -0.383     -0.497      0.000
 205   -2     -0.360     -0.151      0.000
  -1   -2     -0.359     -0.940      0.000
  -1  202     -0.355     -1.075      0.000
 206  204     -0.355      0.702      0.000
  -1  203     -0.354     -1.173      0.000
 207   -2     -0.353     -1.126      0.000
 193  215     -0.348     -0.401      0.000
 210   -2     -0.340      0.362      0.000
 212  206     -0.330      1.146      0.000
 215  208     -0.319     -0.827      0.000
 214  209     -0.319     -0.330      0.000
 216  210     -0.307      0.685      0.000
 219  211     -0.300     -0.874      0.000
 217  212     -0.299      0.648      0.000
 220  214     -0.288     -0.578      0.000
  -1   -2     -0.284     -0.469      0.000
  -1   -2     -0.280     -1.127      0.000
 226   -2     -0.265     -1.172      0.000
 223  218     -0.264     -0.754      0.000
 224  217     -0.261     -0.956      0.000
 225  219     -0.259      0.611      0.000
  -1  220     -0.251      0.879      0.000
 227  223     -0.246      0.074      0.000
 229  213     -0.243     -1.076      0.000
 221  224     -0.242      0.037      0.000
 231  225     -0.224     -0.200      0.000
 222   -2     -0.220      0.377      0.000
 247   -2     -0.206     -0.141      0.000
  -1  229     -0.184      0.328      0.000
 235  231     -0.183     -0.648      0.000
 237  230     -0.182     -0.540      0.000
 236  233     -0.182      0.410      0.000
 238  232     -0.179     -1.065      0.000
 239  234     -0.176      1.135      0.000
 240  235     -0.171     -0.055      0.000
 241  236     -0.158      0.525      0.000
  -1  239     -0.154      0.283      0.000
  -1  238     -0.152     -0.249      0.000
 258   -2     -0.146     -0.559      0.000
 244  242     -0.136     -0.880      0.000
 245  243     -0.133      0.199      0.000
  -1  244     -0.130     -0.116      0.000
 249  245     -0.121      1.142      0.000
 248  259     -0.120      0.734      0.000
 251  237     -0.120     -1.166      0.000
 250   -2     -0.109     -0.248      0.000
 253  249     -0.107     -0.514      0.000
 252  248     -0.106      0.298      0.000
 254  251     -0.091     -0.994      0.000
 255  252     -0.087      0.493      0.000
 268   -2     -0.086      0.122      0.000
 256  253     -0.085      0.981      0.000
 257  254     -0.084      0.007      0.000
 259  256     -0.079     -0.942      0.000
 264  240     -0.068     -1.129      0.000
 260  257     -0.067      1.093      0.000
 263  246     -0.066     -0.325      0.000
 262   -2     -0.048      0.798      0.000
 265  261     -0.036      1.040      0.000
  -1  262     -0.030      0.266      0.000
 266  263     -0.024      0.474      0.000
 267  265     -0.018      0.901      0.000
  -1  266     -0.011      0.051      0.000
 271  268     -0.006     -1.023      0.000
 269  267     -0.005      0.314      0.000
 276  260     -0.004     -1.171      0.000
  -1  270      0.007      0.719      0.000
 272  269      0.008      0.821      0.000
 273  271      0.015      0.479      0.000
 278   -2      0.020      0.285      0.000
  -1   -2      0.043     -1.058      0.000
  -1   -2      0.049     -1.134      0.000
 275  276      0.052      0.541      0.000
 277  277      0.058      0.752      0.000
 287   -2      0.060      1.004      0.000
 280  279      0.064     -0.916      0.000
  -1  275      0.065     -1.090      0.000
 281  280      0.069     -0.761      0.000
 282  282      0.075      0.136      0.000
 284   -2      0.083     -0.193      0.000
  -1  283      0.088      0.101      0.000
  -1  284      0.096     -1.163      0.000
 288  285      0.103      1.032      0.000
  -1   -2      0.132     -0.465      0.000
 289  287      0.136      0.807      0.000
 290   -2      0.138     -0.951      0.000
 291  290      0.141     -0.372      0.000
 292  289      0.142      0.704      0.000
 294  291      0.151      0.559      0.000
 285   -2      0.152     -0.539      0.000
 293  292      0.154     -1.071      0.000
 295  293      0.165      0.878      0.000
 296  294      0.177      0.306      0.000
 297  295      0.183     -0.556      0.000
 298  296      0.191     -1.035      0.000
 300  298      0.199     -0.355      0.000
 304  302      0.212     -1.065      0.000
 301  300      0.215     -0.855      0.000
 303  301      0.215      1.085      0.000
 306  304      0.220      0.037      0.000
  -1  303      0.222      0.808      0.000
 307  307      0.229      0.462      0.000
  -1  306      0.229     -0.730      0.000
 309  309      0.239     -1.018      0.000
 310  308      0.246     -0.107      0.000
 302  318      0.269     -1.166      0.000
 311  311      0.271     -0.288      0.000
 313  312      0.274      0.124      0.000
 312  313      0.275      0.810      0.000
 314  314      0.287      1.017      0.000
 315  315      0.294      0.946      0.000
  -1   -2      0.298      0.598      0.000
 316  316      0.298      0.209      0.000
 317  330      0.330     -1.174      0.000
 318  320      0.336     -0.254      0.000
  -1   -2      0.338      0.581      0.000
 319  322      0.347      0.056      0.000
  -1   -2      0.348      0.756      0.000
  -1  323      0.350     -0.484      0.000
 321  325      0.356      1.151      0.000
 322  324      0.356      0.864      0.000
 323  326      0.359     -1.046      0.000
 325   -2      0.363      0.292      0.000
 320   -2      0.366     -1.125      0.000
  -1   -2      0.381      0.909      0.000
 326  328      0.383     -0.325      0.000
  -1  331      0.388     -0.928      0.000
 327  329      0.389     -1.103      0.000
 328  332      0.390     -0.681      0.000
  -1  336      0.393     -0.844      0.000
  -1  327      0.402      0.968      0.000
 330  333      0.415      0.055      0.000
 329  334      0.417     -0.989      0.000
 331  335      0.423     -0.332      0.000
 333   -2      0.431     -0.767      0.000
 334  339      0.435      0.250      0.000
 335  340      0.446      0.145      0.000
 336  341      0.450     -0.564      0.000
  -1   -2      0.457      0.749      0.000
 337  343      0.458      1.068      0.000
  -1   -2      0.460      0.883      0.000
 338   -2      0.469     -0.687      0.000
  -1  345      0.474     -0.510      0.000
  -1   -2      0.478      0.954      0.000
 332  347      0.483     -1.149      0.000
 340  346      0.484      0.007      0.000
 343  342      0.498      0.427      0.000
 344  348      0.499     -0.359      0.000
 345  349      0.508     -0.846      0.000
 346  351      0.512     -0.694      0.000
 348   -2      0.513      0.585      0.000
 347  352      0.521      0.623      0.000
 359   -2      0.524      0.269      0.000
 350  355      0.533      1.163      0.000
 351  356      0.534     -0.536      0.000
  -1   -2      0.543     -0.295      0.000
 353  358      0.544     -0.021      0.000
  -1  360      0.546      0.771      0.000
 352  362      0.550     -0.815      0.000
 360  353      0.552      0.575      0.000
 358  363      0.564      0.652      0.000
 357  364      0.568     -0.866      0.000
  -1  366      0.586     -0.500      0.000
  -1  367      0.598     -0.305      0.000
  -1  373      0.600     -0.998      0.000
  -1  377      0.607     -0.182      0.000
  -1  368      0.608      0.723      0.000
  -1   -2      0.609     -1.170      0.000
 365  369      0.610     -0.909      0.000
 367  370      0.616      0.907      0.000
 362  371      0.617      1.158      0.000
 368  372      0.622      0.784      0.000
 371   -2      0.629     -1.062      0.000
 369  374      0.629     -0.671      0.000
 370   -2      0.639     -0.034      0.000
 372  375      0.649     -0.765      0.000
 380   -2      0.655     -0.220      0.000
 373  379      0.661     -0.615      0.000
 374  378      0.662      0.429      0.000
 376  380      0.665      0.463      0.000
 375  381      0.666      0.701      0.000
  -1   -2      0.673      0.072      0.000
 386  382      0.674      1.054      0.000
 379  384      0.683     -0.969      0.000
  -1  385      0.685     -0.362      0.000
 381  386      0.704      0.824      0.000
 382   -2      0.707     -0.405      0.000
 361   -2      0.709     -0.447      0.000
 384  390      0.715      0.746      0.000
 385  391      0.720     -0.809      0.000
 388  392      0.722      0.420      0.000
  -1  393      0.725      1.060      0.000
 387  394      0.729     -1.124      0.000
 389  395      0.731     -1.031      0.000
 390   -2      0.734     -0.235      0.000
 391  396      0.746     -0.651      0.000
  -1  397      0.748     -0.842      0.000
  -1  398      0.751      1.053      0.000
 392  400      0.758     -1.076      0.000
 393  399      0.758      0.969      0.000
 394  387      0.761     -0.413      0.000
 397   -2      0.775     -0.011      0.000
 399  401      0.777     -0.347      0.000
  -1  402      0.779      1.069      0.000
 398  406      0.780     -0.989      0.000
 400  405      0.784     -1.035      0.000
 401  407      0.791      0.916      0.000
 402  408      0.798     -0.609      0.000
 403   -2      0.804     -0.993      0.000
 404  410      0.808     -0.788      0.000
 405  411      0.819      0.217      0.000
 406  412      0.829      0.255      0.000
 407  413      0.833     -1.113      0.000
 411  414      0.836     -1.059      0.000
 409  409      0.839      0.611      0.000
  -1   -2      0.841     -1.150      0.000
 410  415      0.842     -0.856      0.000
 414  418      0.854     -0.138      0.000
  -1   -2      0.855     -1.045      0.000
  -1  422      0.858      0.830      0.000
 413  417      0.866      1.140      0.000
 416  416      0.867      0.566      0.000
 415  419      0.867     -0.780      0.000
  -1   -2      0.868     -0.084      0.000
 417  420      0.872      0.341      0.000
  -1   -2      0.872      0.993      0.000
 418  421      0.873      0.295      0.000
 421  423      0.898     -1.006      0.000
 423  424      0.917     -0.050      0.000
 424  425      0.920      0.992      0.000
 425  426      0.924      1.047      0.000
 426  427      0.934      1.103      0.000
 422   -2      0.935     -0.806      0.000
  -1   -2      0.937      1.027      0.000
  -1   -2      0.939     -1.076      0.000
 428  429      0.942      0.072      0.000
 429  431      0.951     -0.268      0.000
 430  432      0.952     -0.458      0.000
 420  435      0.957     -1.157      0.000
 432  434      0.966     -0.548      0.000
 433  433      0.967     -0.162      0.000
 434  436      0.975      0.702      0.000
 435  437      0.978      0.137      0.000
 436  438      0.982      0.645      0.000
 438  439      0.984      0.597      0.000
  -1   -2      0.992      0.204      0.000
  -1  430      0.999      0.975      0.000
 440  441      0.999      0.382      0.000
 443  445      1.031     -0.262      0.000
  -1   -2      1.038      0.607      0.000
 444  446      1.038      0.205      0.000
 446  447      1.048     -0.175      0.000
 447  448      1.053     -0.621      0.000
  -1  464      1.065     -1.173      0.000
 448  450      1.065      0.488      0.000
 450   -2      1.082     -0.732      0.000
 451  452      1.083      0.423      0.000
 452  453      1.084     -0.267      0.000
 454  457      1.104     -0.059      0.000
 455  458      1.110     -1.025      0.000
 457  459      1.116      1.017      0.000
 456  460      1.118      0.942      0.000
 458  461      1.121     -0.695      0.000
 459  462      1.124      0.642      0.000
 461  463      1.132      0.810      0.000
  -1   -2      1.137      0.270      0.000
 462   -2      1.145     -1.140      0.000
 463  466      1.147     -0.034      0.000
 464  467      1.156      1.017      0.000
  -1  468      1.157     -0.924      0.000
 465  469      1.164     -0.837      0.000
  -1   -2      1.168      0.567      0.000
 453  481      1.173     -0.381      0.000
 473   -2      1.186     -0.023      0.000
 467  472      1.188      0.238      0.000
 468  474      1.190     -0.608      0.000
 469  473      1.192      0.072      0.000
  -1  478      1.230      0.966      0.000
  -1  477      1.230     -0.994      0.000
 471   -2      1.240      0.873      0.000
 474  480      1.256     -0.565      0.000
 472   -2      1.264     -0.430      0.000
 479  482      1.281      0.250      0.000
 478  484      1.282      1.013      0.000
  -1  483      1.285     -0.110      0.000
 476  491      1.303     -0.583      0.000
 485  489      1.319      0.276      0.000
 483  487      1.319     -1.167      0.000
 481  499      1.325     -0.976      0.000
 486   -2      1.335     -0.561      0.000
 487  492      1.337      0.579      0.000
 488  493      1.344     -0.651      0.000
  -1  494      1.353     -0.074      0.000
 489  495      1.354      0.399      0.000
 492  497      1.385     -1.089      0.000
 496   -2      1.387     -1.036      0.000
  -1  511      1.402      0.782      0.000
 494  501      1.407      1.144      0.000
 498  502      1.436     -0.422      0.000
 497  504      1.437     -0.554      0.000
 499  503      1.439     -0.316      0.000
 500  505      1.442      0.160      0.000
 501  507      1.444     -0.487      0.000
  -1  506      1.444      0.074      0.000
  -1  508      1.444      0.582      0.000
  -1  509      1.446     -0.287      0.000
 491  524      1.453     -1.164      0.000
  -1   -2      1.453     -0.392      0.000
 503   -2      1.472     -0.454      0.000
 504   -2      1.476      0.670      0.000
 505  512      1.486      0.238      0.000
 506  515      1.490     -0.861      0.000
 508  514      1.490      0.561      0.000
 507  513      1.492     -1.041      0.000
 513   -2      1.499      1.123      0.000
 510  516      1.501     -0.825      0.000
 512  517      1.522      0.646      0.000
 514  518      1.530      0.899      0.000
 515  519      1.533      0.030      0.000
 517   -2      1.534     -0.571      0.000
 516  520      1.535     -0.338      0.000
 518  521      1.539     -0.275      0.000
 519  522      1.539      0.285      0.000
 520  523      1.542     -0.096      0.000
 502   -2      1.544     -1.162      0.000
 524  526      1.558     -0.308      0.000
 523  525      1.559     -1.039      0.000
 525  528      1.564      1.168      0.000
 526  529      1.570      0.048      0.000
 527  530      1.573     -0.937      0.000
