519
   1    1     -1.566      0.387      0.000
  -1    2     -1.558      0.816      0.000
  -1    3     -1.552     -0.145      0.000
   2    4     -1.550     -0.011      0.000
   3    5     -1.541     -0.049      0.000
   4    6     -1.539      0.248      0.000
   5    7     -1.534      0.903      0.000
  -1   -2     -1.525      1.025      0.000
   6   17     -1.521     -1.137      0.000
  -1   -2     -1.510     -0.112      0.000
  -1   -2     -1.498      0.601      0.000
   7   11     -1.487      0.211      0.000
  -1   12     -1.480      0.306      0.000
   9   14     -1.474      0.823      0.000
  11   16     -1.470      0.497      0.000
  12   18     -1.469      0.624      0.000
  10   19     -1.468      0.264      0.000
   8   20     -1.466     -1.128      0.000
  14   21     -1.463      0.971      0.000
  13   22     -1.461     -0.262      0.000
  -1   15     -1.459     -0.934      0.000
  16   23     -1.457      0.387      0.000
  17   24     -1.439     -0.571      0.000
  -1   25     -1.438     -0.473      0.000
  18   26     -1.435      0.151      0.000
  -1   28     -1.406     -0.319      0.000
  -1   34     -1.391     -1.173      0.000
  21   31     -1.390      0.322      0.000
  22   30     -1.387      0.271      0.000
  -1   32     -1.387     -0.818      0.000
  23   33     -1.385      0.724      0.000
  25   -2     -1.373     -1.130      0.000
  24   37     -1.370     -0.357      0.000
  26   36     -1.370      1.078      0.000
  27   38     -1.363     -0.857      0.000
  29   39     -1.361     -1.003      0.000
  31   -2     -1.360     -0.766      0.000
  28   43     -1.356      0.272      0.000
  -1   40     -1.356     -0.499      0.000
  30   42     -1.355      0.609      0.000
  32   46     -1.345      0.067      0.000
  -1   44     -1.344     -0.197      0.000
  34   45     -1.340     -1.102      0.000
  33   47     -1.335      0.580      0.000
  36   48     -1.333      0.992      0.000
  -1   50     -1.327      0.028      0.000
  37   51     -1.314      0.892      0.000
  39   52     -1.303     -0.784      0.000
  40   54     -1.290     -0.001      0.000
  41   53     -1.288     -0.812      0.000
  42   55     -1.280     -0.948      0.000
  44   58     -1.272      1.171      0.000
  43   59     -1.272      0.165      0.000
  -1   61     -1.268     -0.319      0.000
  -1   -2     -1.262     -0.651      0.000
  47   62     -1.254      0.531      0.000
  48   63     -1.251     -0.599      0.000
  50   64     -1.237      0.965      0.000
  51   65     -1.234     -0.803      0.000
  52   66     -1.227     -0.502      0.000
  -1   70     -1.223      0.376      0.000
  53   67     -1.219     -1.094      0.000
  -1   -2     -1.217     -0.559      0.000
  -1   69     -1.200     -1.056      0.000
  54   71     -1.188      0.805      0.000
  55   72     -1.185     -0.617      0.000
  49   -2     -1.173     -1.173      0.000
  58   75     -1.168     -0.841      0.000
  60   76     -1.164     -0.806      0.000
  59   79     -1.161     -0.113      0.000
  61   78     -1.159      1.009      0.000
  -1   80     -1.156     -0.250      0.000
  63   81     -1.148      0.703      0.000
  64   82     -1.129      0.613      0.000
  65   83     -1.120     -1.033      0.000
  66   -2     -1.118     -0.998      0.000
  67   84     -1.114      1.018      0.000
  68   85     -1.102     -0.336      0.000
  69   86     -1.083      0.391      0.000
  70   87     -1.075      0.632      0.000
  72   88     -1.057     -1.173      0.000
  71   91     -1.054     -0.363      0.000
  73   93     -1.044     -0.102      0.000
  74   92     -1.042     -1.036      0.000
  76   94     -1.035      0.788      0.000
  78   96     -1.029     -0.713      0.000
  77   97     -1.028     -0.276      0.000
  79   98     -1.017     -0.846      0.000
  81  102     -0.998      0.469      0.000
  82  103     -0.990      1.011      0.000
  83  101     -0.989     -1.101      0.000
  80  108     -0.984      0.385      0.000
  85  104     -0.980      0.899      0.000
  84  105     -0.978     -0.157      0.000
  86  106     -0.977      0.571      0.000
  -1   -2     -0.977     -0.652      0.000
  90   -2     -0.964      1.043      0.000
  92  107     -0.960     -0.987      0.000
  88  109     -0.960     -0.426      0.000
  89  110     -0.957      0.185      0.000
  91  111     -0.953     -0.216      0.000
  93  113     -0.948     -0.176      0.000
  94  112     -0.944     -0.926      0.000
  -1   -2     -0.940      0.775      0.000
  96   -2     -0.933     -1.167      0.000
  97  116     -0.921      0.334      0.000
  -1  119     -0.914      0.439      0.000
  98  130     -0.909      1.075      0.000
  99  118     -0.908     -0.763      0.000
 100  117     -0.908     -1.083      0.000
  -1  114     -0.890     -1.166      0.000
 101  120     -0.878      0.898      0.000
 102  121     -0.873      0.566      0.000
  -1  122     -0.859     -0.990      0.000
 103  123     -0.856      0.304      0.000
 104  124     -0.850     -0.739      0.000
  -1  125     -0.846     -0.091      0.000
  -1  126     -0.838     -0.933      0.000
 105  127     -0.835      0.692      0.000
 106  128     -0.834     -0.611      0.000
 107  129     -0.831     -0.691      0.000
 109   -2     -0.822      1.088      0.000
 110  131     -0.818      1.044      0.000
 112  133     -0.808     -0.443      0.000
 113  135     -0.793     -0.139      0.000
 111  132     -0.792     -1.161      0.000
 116  137     -0.783     -0.218      0.000
 117  138     -0.780      0.995      0.000
 118  139     -0.777     -0.799      0.000
 119   -2     -0.768      0.817      0.000
 120  141     -0.767     -0.754      0.000
 121  144     -0.761     -0.012      0.000
 122  145     -0.757      0.889      0.000
 124  143     -0.756     -0.931      0.000
 125  142     -0.750      0.325      0.000
 128  146     -0.741     -1.011      0.000
 127  148     -0.740      0.258      0.000
 130  147     -0.739     -0.964      0.000
 129  149     -0.735      0.398      0.000
 132  151     -0.717     -0.454      0.000
  -1   -2     -0.715     -0.928      0.000
 133  152     -0.714      0.987      0.000
 135  153     -0.708      1.111      0.000
 134  154     -0.706     -0.061      0.000
  -1  155     -0.697     -0.998      0.000
 136  156     -0.696      0.385      0.000
 137  157     -0.688      0.033      0.000
 140  159     -0.678      1.073      0.000
 141  160     -0.676     -1.122      0.000
  -1  162     -0.670      0.889      0.000
 142  161     -0.669      1.019      0.000
 139  158     -0.667     -1.172      0.000
 143  165     -0.659     -0.157      0.000
 144  167     -0.658      0.138      0.000
 145  166     -0.657     -0.567      0.000
 146  164     -0.655     -1.082      0.000
 147  171     -0.631     -1.012      0.000
 149  170     -0.630     -0.112      0.000
  -1   -2     -0.621     -0.581      0.000
 151  173     -0.607     -0.779      0.000
  -1  175     -0.586      0.908      0.000
 153  174     -0.585     -1.138      0.000
 155  176     -0.582     -0.320      0.000
 158  177     -0.569     -0.945      0.000
 157  178     -0.567     -0.791      0.000
 159  179     -0.561     -0.529      0.000
 163   -2     -0.557     -0.999      0.000
 162  180     -0.550      1.077      0.000
 161  181     -0.550     -0.292      0.000
  -1   -2     -0.537     -1.151      0.000
  -1   -2     -0.535      0.646      0.000
 165  184     -0.517      0.040      0.000
 166  185     -0.508     -0.533      0.000
 167  186     -0.506      0.357      0.000
  -1  183     -0.504      0.836      0.000
 169  188     -0.492      0.697      0.000
 170  189     -0.488      0.494      0.000
 172  190     -0.488     -0.252      0.000
  -1  192     -0.482      0.274      0.000
  -1  191     -0.482     -0.676      0.000
 174  187     -0.478     -1.168      0.000
 173  193     -0.472      1.001      0.000
 175  194     -0.453     -0.707      0.000
  -1  195     -0.439     -1.082      0.000
 176  197     -0.439      0.076      0.000
 178  196     -0.438     -0.978      0.000
 177  198     -0.436      0.190      0.000
  -1  199     -0.431     -0.802      0.000
 179  200     -0.421     -0.058      0.000
 180  201     -0.413     -0.872      0.000
 181  202     -0.406     -0.143      0.000
 182  203     -0.401     -0.310      0.000
  -1   -2     -0.391      0.124      0.000
 184  204     -0.385      0.463      0.000
  -1  210     -0.383     -1.169      0.000
  -1   -2     -0.380     -0.022      0.000
 185  206     -0.378      0.783      0.000
 186  205     -0.377     -0.996      0.000
 183  207     -0.376      1.106      0.000
 187  208     -0.371     -0.545      0.000
 188  209     -0.369     -0.637      0.000
 191   -2     -0.355      0.540      0.000
  -1   -2     -0.349      0.181      0.000
 194  212     -0.348      1.032      0.000
 192  211     -0.348     -0.703      0.000
 193  213     -0.346      0.335      0.000
 195  214     -0.344      0.762      0.000
 196  216     -0.343     -0.204      0.000
 197   -2     -0.329     -0.314      0.000
 198  217     -0.328      0.915      0.000
 190   -2     -0.325      0.707      0.000
 199  218     -0.319     -0.277      0.000
 212   -2     -0.317      1.020      0.000
  -1   -2     -0.305     -0.459      0.000
 201  219     -0.300     -0.974      0.000
 202  221     -0.291     -0.615      0.000
 203  220     -0.291     -1.027      0.000
 204  222     -0.279     -0.796      0.000
 205  223     -0.278      0.840      0.000
 206  225     -0.271     -1.115      0.000
  -1  227     -0.269      0.562      0.000
 207  224     -0.269     -1.172      0.000
 208  226     -0.258      0.320      0.000
  -1  229     -0.234     -0.917      0.000
 213  232     -0.223     -0.726      0.000
  -1  233     -0.221      0.794      0.000
 215  234     -0.220      0.437      0.000
 216  235     -0.214     -0.437      0.000
 218  236     -0.187      0.123      0.000
 214   -2     -0.184     -1.070      0.000
 219  237     -0.183      0.754      0.000
  -1   -2     -0.179      0.571      0.000
 221  239     -0.156     -0.004      0.000
 222   -2     -0.148     -0.550      0.000
  -1  241     -0.141     -0.828      0.000
 225  243     -0.137     -0.149      0.000
  -1   -2     -0.135     -0.326      0.000
 211  263     -0.133     -0.200      0.000
 228  246     -0.132     -0.289      0.000
 227  244     -0.132     -1.076      0.000
 229  247     -0.120     -0.709      0.000
 231  249     -0.100      0.512      0.000
  -1  248     -0.099     -0.215      0.000
 233  252     -0.091      0.661      0.000
 234  255     -0.079     -0.104      0.000
 235  257     -0.072      0.344      0.000
  -1  258     -0.058     -0.995      0.000
 238  261     -0.052      0.233      0.000
 239   -2     -0.048     -0.188      0.000
  -1  264     -0.043     -0.331      0.000
 241   -2     -0.036     -0.367      0.000
 242  265     -0.035      0.368      0.000
 243  266     -0.033      0.626      0.000
  -1  282     -0.010     -0.024      0.000
 232  298     -0.008     -1.157      0.000
  -1  270     -0.003      0.118      0.000
 236   -2      0.010      0.788      0.000
 248  273      0.011      1.037      0.000
 244  269      0.023     -1.109      0.000
  -1  276      0.023     -0.161      0.000
 251  277      0.024      0.329      0.000
  -1  278      0.038      0.388      0.000
 246  292      0.044      0.032      0.000
 256  287      0.049     -0.971      0.000
 255  281      0.049      0.612      0.000
 258  283      0.059      0.351      0.000
 259  284      0.060      0.959      0.000
 260  285      0.065      0.695      0.000
  -1  272      0.068      0.844      0.000
 252  294      0.079     -0.978      0.000
 267   -2      0.088     -1.033      0.000
 263  289      0.098     -0.770      0.000
 264  290      0.103      0.147      0.000
 265  291      0.110      0.477      0.000
 266   -2      0.114      0.100      0.000
  -1   -2      0.119      0.531      0.000
  -1   -2      0.126      1.025      0.000
 269  293      0.132      0.902      0.000
 270   -2      0.138     -0.952      0.000
 272  296      0.147      1.104      0.000
 271  297      0.147      0.200      0.000
  -1   -2      0.151      0.027      0.000
 273  299      0.153     -0.528      0.000
 257  305      0.158     -1.164      0.000
 276  301      0.170     -0.294      0.000
 277  302      0.173     -0.115      0.000
 278  303      0.174      0.382      0.000
 279  304      0.185     -0.748      0.000
 282   -2      0.201     -1.164      0.000
 296  306      0.205      0.590      0.000
  -1   -2      0.208      1.103      0.000
 284  307      0.211      0.014      0.000
 285  308      0.214     -1.068      0.000
 287  310      0.227     -0.937      0.000
 288  312      0.234     -0.178      0.000
 289  313      0.244      1.023      0.000
 290  314      0.248      0.129      0.000
 291  315      0.252     -0.701      0.000
 292  316      0.256     -0.411      0.000
  -1  311      0.256     -0.998      0.000
  -1   -2      0.257     -0.953      0.000
  -1  333      0.262      0.767      0.000
 293  317      0.265      0.251      0.000
 294  318      0.267      1.169      0.000
  -1   -2      0.274     -0.899      0.000
 295  319      0.280      0.127      0.000
  -1  320      0.282      0.481      0.000
  -1  331      0.284      0.620      0.000
 297   -2      0.303     -1.064      0.000
 298  323      0.305      0.046      0.000
  -1  325      0.310     -0.224      0.000
 300  328      0.314     -1.173      0.000
 301   -2      0.344      1.120      0.000
 299  332      0.351     -0.321      0.000
  -1  322      0.354     -1.065      0.000
 303  334      0.357      0.047      0.000
 305  335      0.363      0.244      0.000
 304  336      0.364      0.307      0.000
 306   -2      0.370      1.178      0.000
 307  338      0.371     -0.855      0.000
 308  337      0.371     -0.445      0.000
 309  339      0.376      0.170      0.000
 310  340      0.389     -0.498      0.000
  -1  341      0.390     -1.022      0.000
 312  342      0.408     -0.012      0.000
 314  344      0.416     -0.709      0.000
 315  345      0.417     -0.931      0.000
 316  346      0.431     -1.162      0.000
  -1  348      0.433     -0.975      0.000
 317  347      0.434     -0.644      0.000
 319   -2      0.438      0.216      0.000
  -1  351      0.439      1.155      0.000
 321  352      0.443      0.332      0.000
 325  353      0.443      0.778      0.000
 323  354      0.445     -0.463      0.000
 324  356      0.457     -0.041      0.000
 328  358      0.478      0.949      0.000
  -1  362      0.479     -1.122      0.000
 313   -2      0.481      0.805      0.000
 327  357      0.483      0.455      0.000
 330  360      0.484     -0.833      0.000
 331   -2      0.488     -1.150      0.000
 329  361      0.490     -0.660      0.000
 332  363      0.503     -0.985      0.000
 334  364      0.527      0.889      0.000
 335  366      0.533     -0.600      0.000
 337  365      0.534     -0.049      0.000
 336  368      0.542     -0.955      0.000
  -1  370      0.547     -0.463      0.000
  -1  371      0.548      0.951      0.000
 339  372      0.549      0.574      0.000
  -1  367      0.551      0.166      0.000
  -1  388      0.564     -0.277      0.000
 341  373      0.564      1.082      0.000
 342  374      0.568      0.351      0.000
 343  375      0.577      0.853      0.000
 344  377      0.592     -0.771      0.000
  -1   -2      0.592     -0.916      0.000
 345  376      0.594      0.515      0.000
 348   -2      0.608     -1.023      0.000
 347  379      0.615     -0.702      0.000
 349  381      0.623     -0.862      0.000
 351  382      0.624      0.893      0.000
 350  383      0.626      0.979      0.000
 352   -2      0.632     -0.493      0.000
  -1  389      0.643     -0.000      0.000
 353  385      0.644     -1.164      0.000
 355  378      0.649     -1.027      0.000
 354  386      0.671      0.270      0.000
  -1  384      0.674     -0.516      0.000
 346  405      0.677     -0.069      0.000
 356   -2      0.683     -0.387      0.000
 357  390      0.695     -0.879      0.000
 358  391      0.701     -0.714      0.000
 360  393      0.714      0.409      0.000
 359  394      0.716      0.357      0.000
  -1  396      0.729     -0.900      0.000
 361  395      0.729      0.668      0.000
 362  398      0.735     -0.076      0.000
  -1  399      0.740     -0.210      0.000
  -1  400      0.740     -1.147      0.000
 363  401      0.741     -0.654      0.000
  -1  403      0.769      1.057      0.000
 364  404      0.770      0.948      0.000
 366   -2      0.774     -0.038      0.000
 367  406      0.779     -0.828      0.000
  -1  413      0.782      0.101      0.000
 368  407      0.785     -1.036      0.000
 369  409      0.805      0.925      0.000
 371  412      0.810     -0.205      0.000
 370  408      0.811     -1.134      0.000
 372   -2      0.813      0.173      0.000
 373  414      0.822     -0.882      0.000
  -1  417      0.830     -0.266      0.000
 375  415      0.830     -0.155      0.000
 376  418      0.831      0.441      0.000
 378  419      0.835     -0.799      0.000
 380  420      0.837      0.676      0.000
  -1  421      0.838      0.493      0.000
 381  422      0.845      0.728      0.000
  -1  424      0.848     -0.197      0.000
 382  423      0.850      0.789      0.000
 383  425      0.852     -1.071      0.000
 384   -2      0.853     -0.847      0.000
 374  426      0.861     -0.285      0.000
 387  428      0.863     -0.457      0.000
 389  429      0.864      1.095      0.000
 388  427      0.865      0.245      0.000
 391  430      0.886     -1.081      0.000
 394  431      0.892     -0.221      0.000
  -1  432      0.892      0.825      0.000
  -1   -2      0.893      1.148      0.000
 408  411      0.893     -0.543      0.000
 407  435      0.896      1.122      0.000
 398  434      0.898      0.542      0.000
 396  436      0.901     -1.006      0.000
 397  437      0.902     -1.135      0.000
 399  438      0.904     -0.941      0.000
  -1  439      0.905     -0.801      0.000
 402  440      0.907     -0.154      0.000
 401  442      0.910     -0.251      0.000
 403  441      0.911      0.466      0.000
 413   -2      0.912      0.593      0.000
 404  443      0.931     -1.001      0.000
 395  445      0.935     -0.863      0.000
  -1  446      0.937     -1.078      0.000
 409  448      0.944     -0.027      0.000
 410   -2      0.950      0.365      0.000
 411  451      0.954     -0.235      0.000
 400   -2      0.956     -0.732      0.000
 428   -2      0.977      0.694      0.000
  -1  454      0.981     -0.074      0.000
  -1  455      0.983     -1.115      0.000
 417  457      0.988      0.002      0.000
 416  456      0.988     -0.326      0.000
 418  458      0.990     -0.589      0.000
  -1  449      0.991     -0.441      0.000
 423   -2      0.996      0.076      0.000
 420  460      1.011      0.267      0.000
 421  462      1.021      0.846      0.000
 422  463      1.024      0.108      0.000
 425   -2      1.042      0.982      0.000
  -1   -2      1.050     -0.949      0.000
  -1   -2      1.059      0.364      0.000
 426  464      1.071     -0.630      0.000
 427  465      1.073     -1.169      0.000
 429  466      1.092     -0.551      0.000
 430  467      1.102      1.034      0.000
  -1  468      1.109     -0.954      0.000
 434  469      1.128     -0.531      0.000
 435  471      1.136     -0.752      0.000
 436  470      1.138      0.879      0.000
 437  472      1.144     -0.836      0.000
 438  475      1.153      1.030      0.000
 450  476      1.160     -1.052      0.000
 441  479      1.175      0.558      0.000
 433  492      1.182     -0.273      0.000
  -1  480      1.182     -1.175      0.000
 443   -2      1.186     -0.467      0.000
 444  482      1.190      0.392      0.000
 445  483      1.197     -1.143      0.000
 448  481      1.214     -0.532      0.000
 449  484      1.216      0.987      0.000
 447  486      1.231     -1.076      0.000
 446  491      1.232     -0.074      0.000
 451   -2      1.241     -0.470      0.000
  -1   -2      1.243      0.915      0.000
 452  487      1.252      0.422      0.000
  -1   -2      1.255      1.063      0.000
 453  488      1.269     -0.441      0.000
  -1  494      1.290     -1.168      0.000
 456  493      1.293     -0.519      0.000
  -1   -2      1.300     -0.916      0.000
 457  495      1.307      0.175      0.000
 458  497      1.313      0.108      0.000
  -1   -2      1.326      0.253      0.000
 459  498      1.342     -1.022      0.000
 461  499      1.350      0.499      0.000
 462  500      1.353     -0.200      0.000
 463  501      1.354      0.236      0.000
 464  503      1.358      1.068      0.000
 465  502      1.359     -0.295      0.000
 466  504      1.364     -0.876      0.000
  -1  511      1.374     -1.155      0.000
 467  505      1.379     -0.412      0.000
 469  506      1.381     -0.933      0.000
 468   -2      1.381     -0.349      0.000
 470  507      1.390      0.558      0.000
 471   -2      1.399     -0.143      0.000
 472  510      1.407     -0.880      0.000
 473  508      1.409     -0.320      0.000
 460  530      1.417     -1.165      0.000
 475  512      1.419      0.267      0.000
 477  514      1.427      0.784      0.000
 481   -2      1.444      1.017      0.000
  -1  515      1.445     -0.391      0.000
 480  516      1.451     -0.994      0.000
 482  518      1.455     -0.024      0.000
 484  520      1.462      0.408      0.000
 486  521      1.467     -0.160      0.000
 485  522      1.467     -0.679      0.000
 488  523      1.470     -0.208      0.000
 489   -2      1.478     -0.845      0.000
 490  524      1.480      0.085      0.000
 493   -2      1.498      0.664      0.000
 494  525      1.502      0.547      0.000
  -1   -2      1.507     -1.004      0.000
 495  526      1.514      1.038      0.000
 496  527      1.517      0.359      0.000
 497   -2      1.520     -1.140      0.000
  -1  528      1.524      0.410      0.000
  -1  529      1.531     -0.542      0.000
 498  531      1.534      0.744      0.000
 499   -2      1.543     -1.173      0.000
 501  533      1.546     -0.962      0.000
 500  532      1.546     -0.845      0.000
 502  534      1.549      1.081      0.000
 503  537      1.553     -0.739      0.000
 505  536      1.554      0.428      0.000
