542
   0    0     -1.575      0.911      0.000
  -1   -2     -1.573     -1.132      0.000
   1    1     -1.570     -0.807      0.000
   2    3     -1.555     -0.142      0.000
  -1   -2     -1.547      0.998      0.000
   4    4     -1.542      0.233      0.000
   3   -2     -1.537      0.346      0.000
   5    5     -1.527      0.297      0.000
  -1    6     -1.525     -1.171      0.000
   6    7     -1.521      0.562      0.000
   8   11     -1.518     -1.107      0.000
   7    8     -1.516      0.438      0.000
   9    9     -1.511      0.697      0.000
  10   10     -1.509     -0.318      0.000
  11   12     -1.498      0.163      0.000
  12   -2     -1.498     -1.084      0.000
  13   14     -1.493     -0.421      0.000
  -1   16     -1.471      0.519      0.000
  15   17     -1.467      1.058      0.000
  -1   19     -1.459     -0.322      0.000
  16   18     -1.459      0.361      0.000
  19   20     -1.454     -0.645      0.000
  18   21     -1.450     -0.372      0.000
  21   22     -1.443     -1.017      0.000
  22   23     -1.439      0.746      0.000
  23   25     -1.432      0.301      0.000
  26   27     -1.420      0.798      0.000
  27   29     -1.418      0.067      0.000
  29   28     -1.416     -0.411      0.000
  14   -2     -1.411     -1.156      0.000
  24   31     -1.410     -0.229      0.000
  30   30     -1.409      0.674      0.000
  32   34     -1.392      0.640      0.000
  33   -2     -1.372     -0.893      0.000
  34   36     -1.367     -0.008      0.000
  36   37     -1.355      1.152      0.000
  35   38     -1.355      0.177      0.000
  42   32     -1.354     -1.166      0.000
  39   40     -1.349     -0.932      0.000
  37   39     -1.349      0.728      0.000
  41   42     -1.331     -1.074      0.000
  40   43     -1.330      0.962      0.000
  43   45     -1.323     -0.357      0.000
  44   44     -1.322      0.923      0.000
  45   46     -1.321      0.580      0.000
  46   -2     -1.309     -1.036      0.000
  48   50     -1.299     -1.171      0.000
  49   51     -1.294     -0.862      0.000
  -1   -2     -1.293     -0.453      0.000
  51   54     -1.272     -0.653      0.000
  52   55     -1.266     -0.551      0.000
  -1   56     -1.266     -1.047      0.000
  53   57     -1.256     -1.015      0.000
  50   58     -1.246      1.027      0.000
  56   -2     -1.237     -1.172      0.000
  -1   -2     -1.234      1.163      0.000
  57   60     -1.231     -0.864      0.000
  58   63     -1.222      0.856      0.000
  59   64     -1.209     -0.666      0.000
  60   65     -1.205     -1.089      0.000
  61   66     -1.200      0.747      0.000
  62   -2     -1.190      0.655      0.000
  63   67     -1.177      0.414      0.000
  64   61     -1.176     -1.163      0.000
  -1   68     -1.170     -0.583      0.000
  66   69     -1.166     -0.895      0.000
  68   72     -1.165      1.057      0.000
  67   73     -1.164     -0.857      0.000
  69   71     -1.163     -1.115      0.000
  -1   74     -1.151     -0.436      0.000
  71   75     -1.140      0.668      0.000
  70   76     -1.139     -0.110      0.000
  72   77     -1.122     -0.386      0.000
  74   78     -1.116      1.061      0.000
  76   79     -1.110      0.408      0.000
  77   81     -1.110     -0.490      0.000
  78   80     -1.107     -0.292      0.000
  79   91     -1.102     -1.169      0.000
  82   82     -1.086     -1.086      0.000
  80   83     -1.086      0.487      0.000
  83   84     -1.081      0.819      0.000
  84   85     -1.074     -0.165      0.000
  86   87     -1.065      0.196      0.000
  85   86     -1.064      0.398      0.000
  88   89     -1.054      0.590      0.000
  -1   -2     -1.052      0.433      0.000
  89   92     -1.044     -0.224      0.000
  91   93     -1.026     -0.440      0.000
  90   94     -1.025      0.344      0.000
  92   95     -1.016     -0.880      0.000
  93   -2     -1.014     -1.078      0.000
  95   96     -1.007      0.924      0.000
  -1   -2     -1.006     -1.171      0.000
  96   97     -0.998      1.039      0.000
  87   -2     -0.994     -0.682      0.000
  98   98     -0.982     -0.589      0.000
  99   99     -0.979     -0.951      0.000
 100  100     -0.978     -1.016      0.000
 101  101     -0.967      1.067      0.000
 102  102     -0.964      0.312      0.000
 103  104     -0.953      0.575      0.000
 105  103     -0.952     -1.133      0.000
 106  107     -0.944      0.506      0.000
 108  108     -0.937     -0.954      0.000
  -1   -2     -0.912     -0.306      0.000
 109  109     -0.910      0.908      0.000
 110  110     -0.908      1.093      0.000
  -1  111     -0.906     -1.071      0.000
 111  112     -0.901      0.694      0.000
 112  113     -0.893     -0.135      0.000
  -1  122     -0.882      0.473      0.000
 113  117     -0.879     -0.215      0.000
 115  115     -0.876     -0.617      0.000
 114  116     -0.876     -0.749      0.000
 143   -2     -0.875     -1.170      0.000
  -1   -2     -0.873     -1.119      0.000
 116  118     -0.872      0.330      0.000
 118  120     -0.870     -0.009      0.000
 117  119     -0.870     -0.047      0.000
 120  121     -0.862     -0.697      0.000
 122  124     -0.850      0.737      0.000
  -1   -2     -0.849      0.430      0.000
 123  126     -0.844      0.262      0.000
 124  128     -0.836      0.316      0.000
 121  134     -0.834      0.392      0.000
 126  125     -0.831     -1.089      0.000
 127  129     -0.826      1.046      0.000
 129  130     -0.822      1.093      0.000
 128  132     -0.818      0.813      0.000
 130  133     -0.808     -0.056      0.000
 132  149     -0.802     -0.948      0.000
 134  135     -0.796      0.991      0.000
 133  140     -0.794      0.036      0.000
 135  137     -0.793      0.883      0.000
 137  139     -0.792     -0.799      0.000
 136  138     -0.792     -0.754      0.000
 138  141     -0.785     -0.442      0.000
 139  143     -0.764      0.140      0.000
  -1  142     -0.759     -1.075      0.000
 141  145     -0.756     -0.145      0.000
 140  144     -0.754     -0.930      0.000
 144  148     -0.738      0.973      0.000
 145   -2     -0.736     -0.963      0.000
 159   -2     -0.730     -1.168      0.000
 149  151     -0.728     -1.009      0.000
 146  152     -0.727     -0.101      0.000
 148  153     -0.725      0.762      0.000
 142  178     -0.711     -0.272      0.000
 152  156     -0.710     -0.548      0.000
 150  155     -0.708      0.068      0.000
 153  157     -0.705      0.866      0.000
 155  159     -0.695      0.716      0.000
  -1   -2     -0.690     -0.635      0.000
  -1  162     -0.689      0.427      0.000
 157  163     -0.687      1.052      0.000
 158  161     -0.687      0.998      0.000
  -1  164     -0.679     -1.126      0.000
 161   -2     -0.673     -0.558      0.000
 154  160     -0.670     -0.664      0.000
 162  166     -0.664     -0.298      0.000
 163   -2     -0.656      1.084      0.000
 164  167     -0.642      1.134      0.000
 166  169     -0.633     -0.755      0.000
 169  168     -0.633     -1.067      0.000
 167   -2     -0.629     -0.272      0.000
 168  170     -0.629     -0.422      0.000
 165   -2     -0.628     -1.109      0.000
 170  172     -0.624     -0.995      0.000
  -1  173     -0.620      0.874      0.000
 171  174     -0.619     -0.498      0.000
  -1  176     -0.619      0.404      0.000
 174  175     -0.615      0.048      0.000
 175   -2     -0.598      0.340      0.000
 176  177     -0.591     -0.759      0.000
  -1  171     -0.580     -1.115      0.000
 180  179     -0.567      0.468      0.000
 182  180     -0.566     -0.498      0.000
 181  181     -0.565      0.528      0.000
 183  182     -0.561      1.036      0.000
 184  183     -0.552      0.658      0.000
 185  184     -0.548     -0.962      0.000
 187   -2     -0.536     -1.085      0.000
 186  186     -0.534      0.081      0.000
 179  189     -0.534     -1.172      0.000
 201   -2     -0.532      1.160      0.000
 188  187     -0.528      0.185      0.000
 190  188     -0.509     -0.044      0.000
  -1  190     -0.495      0.947      0.000
 193  191     -0.489     -0.660      0.000
 192  192     -0.489     -0.120      0.000
  -1   -2     -0.478      0.127      0.000
 195  193     -0.476     -0.272      0.000
 196  194     -0.459      0.431      0.000
  -1   -2     -0.445     -1.173      0.000
 198  195     -0.441     -0.925      0.000
 199  196     -0.432     -0.813      0.000
  -1   -2     -0.426     -1.031      0.000
  -1  199     -0.425      0.313      0.000
 202  200     -0.423      0.726      0.000
 214  198     -0.415     -1.126      0.000
 204  202     -0.414     -0.171      0.000
 206  203     -0.409     -0.582      0.000
  -1  204     -0.402      1.039      0.000
 207  205     -0.401     -0.272      0.000
 209  207     -0.391      0.702      0.000
 210  206     -0.390     -0.643      0.000
 208  208     -0.389     -0.239      0.000
 211  209     -0.379     -0.931      0.000
 212  211     -0.373      1.029      0.000
 213   -2     -0.366      0.878      0.000
 215  212     -0.363      0.956      0.000
 216  213     -0.356      0.843      0.000
 217  214     -0.335     -0.546      0.000
 218  215     -0.325      0.513      0.000
 244   -2     -0.324      0.094      0.000
 219  216     -0.323      0.297      0.000
 221  217     -0.312      0.766      0.000
 222  218     -0.308     -0.897      0.000
 224  219     -0.298     -0.448      0.000
 226  220     -0.291     -0.948      0.000
 225  232     -0.289     -0.181      0.000
 228  222     -0.281     -1.163      0.000
 229  223     -0.278      0.397      0.000
 230   -2     -0.268      0.747      0.000
 231  225     -0.264     -0.376      0.000
 232  224     -0.263     -1.033      0.000
 235  226     -0.252     -0.644      0.000
  -1  227     -0.249      0.121      0.000
 237   -2     -0.243     -0.829      0.000
 233  229     -0.241     -1.114      0.000
 238  234     -0.238      0.322      0.000
 239   -2     -0.228     -1.091      0.000
 240  228     -0.226      0.512      0.000
 241  230     -0.218      0.014      0.000
 242  231     -0.218      0.676      0.000
  -1   -2     -0.213     -0.203      0.000
  -1  233     -0.211      1.022      0.000
 245  237     -0.192     -0.503      0.000
  -1   -2     -0.190      0.044      0.000
  -1  236     -0.190     -0.114      0.000
 236  238     -0.187      0.074      0.000
  -1   -2     -0.184     -0.043      0.000
 247  239     -0.180     -0.240      0.000
 246  235     -0.177     -1.157      0.000
 248  240     -0.155     -0.735      0.000
 249  243     -0.145     -0.172      0.000
 251  241     -0.138     -0.617      0.000
 252  246     -0.135      0.458      0.000
 253  244     -0.134      0.364      0.000
 254  245     -0.131     -0.975      0.000
 255  247     -0.125      0.732      0.000
 256  248     -0.123     -0.075      0.000
 257  249     -0.121      0.588      0.000
 258  255     -0.092      0.214      0.000
 259  256     -0.085      1.090      0.000
 260  257     -0.083     -0.154      0.000
  -1   -2     -0.080      0.657      0.000
 269   -2     -0.078     -1.042      0.000
 262  258     -0.075     -0.588      0.000
  -1   -2     -0.075     -0.273      0.000
 263  259     -0.070     -0.304      0.000
  -1  260     -0.068      0.331      0.000
 266  261     -0.057      0.555      0.000
 267  262     -0.046     -0.002      0.000
  -1   -2     -0.033     -0.390      0.000
 268   -2     -0.031      1.148      0.000
  -1   -2     -0.022      0.899      0.000
  -1  264     -0.015     -0.440      0.000
  -1  266     -0.011      0.488      0.000
 264  276     -0.007     -1.169      0.000
 270  265     -0.004     -0.120      0.000
  -1  267     -0.001      0.294      0.000
  -1  271      0.003      0.115      0.000
 272  268      0.011      0.924      0.000
 265  292      0.016      0.348      0.000
 273  269      0.017      0.811      0.000
  -1   -2      0.018      0.042      0.000
  -1   -2      0.031     -1.120      0.000
 275  274      0.035      0.541      0.000
 278  277      0.043      0.315      0.000
  -1  263      0.044      1.117      0.000
 274  288      0.050     -0.042      0.000
 280  280      0.059      0.851      0.000
 283  273      0.062     -0.967      0.000
 281  281      0.062      0.613      0.000
 282  282      0.067     -1.023      0.000
 284  283      0.075     -0.864      0.000
  -1   -2      0.087     -0.202      0.000
  -1   -2      0.087     -0.919      0.000
  -1  284      0.089     -0.955      0.000
  -1   -2      0.090      1.083      0.000
 286  286      0.092      0.144      0.000
  -1  285      0.093     -0.662      0.000
 300  279      0.102     -0.048      0.000
 288  289      0.103      0.102      0.000
 289   -2      0.105      0.424      0.000
 291   -2      0.120      0.380      0.000
 293  293      0.138      0.798      0.000
 292  294      0.138     -0.951      0.000
 294  295      0.141     -0.548      0.000
 296  296      0.144     -0.444      0.000
 285   -2      0.153     -1.176      0.000
 298  298      0.156      0.987      0.000
 287   -2      0.156     -0.626      0.000
 301  299      0.177      0.343      0.000
 303  300      0.185     -0.646      0.000
 304  302      0.192     -1.142      0.000
 305   -2      0.198     -0.422      0.000
 308  304      0.208      0.911      0.000
  -1  307      0.215     -1.168      0.000
 309  306      0.215     -0.958      0.000
 310  305      0.216      0.029      0.000
 311  308      0.216      0.523      0.000
 312  316      0.223     -0.277      0.000
 314  310      0.227     -0.829      0.000
 315  311      0.239     -0.138      0.000
 317  313      0.257      0.913      0.000
 319  321      0.260      0.125      0.000
 318  314      0.260     -0.848      0.000
  -1  328      0.261     -0.607      0.000
 320  315      0.263     -0.342      0.000
 326   -2      0.268     -0.311      0.000
 321  317      0.274      1.129      0.000
 322  319      0.278      1.055      0.000
 328   -2      0.278      0.894      0.000
 323  320      0.281      0.230      0.000
 333  312      0.281      0.678      0.000
 324   -2      0.297      0.124      0.000
 325  322      0.302     -0.961      0.000
  -1   -2      0.309      0.550      0.000
  -1  323      0.311     -0.068      0.000
  -1  324      0.320     -1.102      0.000
 329  325      0.323     -1.172      0.000
 331  326      0.326      0.054      0.000
  -1  327      0.330     -0.365      0.000
 332  329      0.334      0.964      0.000
  -1  330      0.360      1.010      0.000
  -1  331      0.364     -0.378      0.000
 327  351      0.364      0.599      0.000
 334  332      0.366     -1.135      0.000
 335  333      0.379     -0.763      0.000
 336  334      0.383      0.053      0.000
 337  348      0.389     -0.934      0.000
 339  337      0.398      0.278      0.000
 340  338      0.400     -0.385      0.000
  -1  339      0.409     -0.433      0.000
 341  340      0.410      0.157      0.000
 342  341      0.420     -1.073      0.000
 343  342      0.422     -0.845      0.000
 344  359      0.426      0.835      0.000
 345  343      0.431     -0.629      0.000
 346  344      0.443      1.167      0.000
 347  346      0.444      0.002      0.000
  -1  347      0.452     -1.164      0.000
 348  349      0.452     -0.569      0.000
  -1   -2      0.454     -0.758      0.000
 351  350      0.470     -0.405      0.000
 352  352      0.476      0.695      0.000
 350   -2      0.478      0.528      0.000
  -1   -2      0.482      0.021      0.000
 354  355      0.490      0.299      0.000
 355  362      0.492     -1.153      0.000
 358  356      0.496     -0.758      0.000
 359  357      0.499     -0.027      0.000
 361   -2      0.501     -0.914      0.000
 362   -2      0.519     -0.589      0.000
 364  361      0.522      0.723      0.000
 349   -2      0.532      1.002      0.000
 366  364      0.533     -0.864      0.000
 367  365      0.549     -0.892      0.000
  -1  367      0.556      0.367      0.000
 369  360      0.559     -0.546      0.000
 370   -2      0.561     -0.925      0.000
 371  369      0.582      0.864      0.000
 372   -2      0.584     -0.695      0.000
 373  370      0.586     -0.037      0.000
 374  371      0.587      0.993      0.000
 375  372      0.601      0.477      0.000
 376  377      0.604     -1.017      0.000
 378  373      0.605      0.515      0.000
 377  374      0.607     -0.963      0.000
 379  375      0.610     -0.718      0.000
  -1   -2      0.613      0.083      0.000
 381  368      0.616      0.774      0.000
 383  379      0.626     -0.609      0.000
  -1   -2      0.627     -1.068      0.000
 384  378      0.635     -0.810      0.000
 380   -2      0.637      0.315      0.000
 385  376      0.639     -1.110      0.000
 387  383      0.643     -0.381      0.000
 386  380      0.644     -1.168      0.000
 395   -2      0.656     -0.153      0.000
  -1  389      0.657      1.136      0.000
 390  381      0.659      0.464      0.000
 391  382      0.661      0.897      0.000
 392  384      0.668      0.816      0.000
 401  385      0.672     -0.465      0.000
 396  387      0.706     -0.839      0.000
 397   -2      0.706     -0.063      0.000
 398   -2      0.709     -0.003      0.000
 400   -2      0.710      1.143      0.000
 399  388      0.726     -0.677      0.000
 404  390      0.729     -0.364      0.000
 403   -2      0.729      1.039      0.000
  -1   -2      0.731      1.129      0.000
 394  393      0.732     -1.062      0.000
 406  392      0.741      0.246      0.000
 405   -2      0.742     -0.870      0.000
 426  386      0.768     -1.098      0.000
 409  394      0.769     -0.627      0.000
 420  391      0.787     -1.050      0.000
  -1   -2      0.790     -0.136      0.000
 424   -2      0.792     -0.809      0.000
 415  396      0.793      0.324      0.000
 414  397      0.793      0.373      0.000
 417  399      0.798      0.612      0.000
 413  400      0.798     -0.982      0.000
 416  401      0.798      1.024      0.000
  -1   -2      0.810      0.884      0.000
  -1  402      0.825      0.928      0.000
  -1  398      0.831     -0.867      0.000
 421  404      0.844     -0.039      0.000
  -1   -2      0.845      0.324      0.000
 442  406      0.847     -0.537      0.000
  -1  409      0.847     -1.061      0.000
  -1  407      0.848      1.049      0.000
 422  408      0.850      0.869      0.000
 408  415      0.851      1.101      0.000
 423   -2      0.854     -0.821      0.000
 419  416      0.861     -1.152      0.000
 425  411      0.863      0.086      0.000
  -1  412      0.876     -0.201      0.000
  -1   -2      0.877      0.599      0.000
 427  414      0.889     -0.663      0.000
 428  413      0.891     -0.261      0.000
 429  417      0.895      0.155      0.000
  -1  418      0.900     -0.157      0.000
 448  410      0.900      1.052      0.000
 440   -2      0.900     -1.005      0.000
 431   -2      0.906      1.098      0.000
  -1  420      0.908      0.224      0.000
  -1   -2      0.908      0.501      0.000
 432  423      0.909     -0.454      0.000
 434  422      0.909      0.633      0.000
 435  424      0.913      0.683      0.000
 437  425      0.915      0.409      0.000
 438  428      0.921      1.148      0.000
  -1  427      0.924      0.283      0.000
 439  419      0.926     -0.871      0.000
  -1  429      0.931     -0.543      0.000
 441  430      0.932     -1.077      0.000
 445  433      0.953      0.224      0.000
 444  432      0.953      0.782      0.000
 443   -2      0.964     -0.049      0.000
 450   -2      0.972     -0.255      0.000
 449  438      0.975     -1.125      0.000
 451  439      0.980     -0.160      0.000
 452  440      0.983      0.511      0.000
 453   -2      0.995      0.439      0.000
 454  437      1.009     -0.296      0.000
 455  445      1.024     -0.599      0.000
  -1  443      1.024     -0.247      0.000
 456  444      1.026     -0.042      0.000
  -1  451      1.030      0.749      0.000
 468  442      1.034      0.348      0.000
 459  448      1.049     -0.341      0.000
 460   -2      1.050      0.665      0.000
  -1  449      1.062     -0.705      0.000
 461   -2      1.068     -1.172      0.000
  -1  450      1.068     -0.011      0.000
 464  452      1.077      0.826      0.000
 463  453      1.079      1.157      0.000
 465  454      1.079      0.960      0.000
 458   -2      1.088      0.250      0.000
  -1  447      1.095      0.577      0.000
 467  455      1.097     -0.661      0.000
 470  457      1.112      0.092      0.000
 469  458      1.113     -0.986      0.000
 473  459      1.123      1.026      0.000
 474   -2      1.138     -1.175      0.000
  -1  460      1.145     -0.794      0.000
 476  461      1.152     -1.098      0.000
  -1  462      1.153     -0.880      0.000
 477  463      1.160     -0.566      0.000
 478  464      1.188      0.880      0.000
  -1  466      1.199      0.018      0.000
  -1  456      1.202      0.262      0.000
  -1  468      1.223     -0.204      0.000
 482  469      1.224     -0.513      0.000
 483  470      1.230      0.548      0.000
  -1   -2      1.241      0.276      0.000
  -1  471      1.245     -0.584      0.000
 485  473      1.252      1.001      0.000
 486  474      1.264     -0.160      0.000
 487  475      1.275     -0.523      0.000
 488  476      1.280      0.400      0.000
  -1   -2      1.282      0.444      0.000
  -1  472      1.283     -1.172      0.000
 489  477      1.305     -0.499      0.000
 491  478      1.322     -0.583      0.000
  -1  479      1.329      0.433      0.000
 493  482      1.345     -1.094      0.000
 495  483      1.370     -0.956      0.000
  -1   -2      1.375      1.131      0.000
 497  484      1.380      0.167      0.000
 496  486      1.386     -1.013      0.000
 498  485      1.387      1.106      0.000
 499  487      1.400     -0.258      0.000
 500  488      1.402     -0.355      0.000
  -1   -2      1.405      0.258      0.000
 507   -2      1.407     -0.231      0.000
 501   -2      1.411     -0.965      0.000
 502  490      1.414     -0.480      0.000
 503  491      1.417     -0.415      0.000
 504  493      1.424      0.236      0.000
 510   -2      1.425      0.525      0.000
 492   -2      1.430     -1.173      0.000
  -1   -2      1.442     -0.753      0.000
  -1  496      1.445     -0.385      0.000
 509   -2      1.452     -1.118      0.000
 508  497      1.452     -1.077      0.000
 511  500      1.480     -0.769      0.000
 512  501      1.483      0.839      0.000
 514  502      1.485      0.275      0.000
 513  503      1.485     -0.728      0.000
 517  505      1.503     -0.058      0.000
 522  506      1.506     -0.212      0.000
 519  508      1.526      0.438      0.000
 520   -2      1.530      0.068      0.000
 515   -2      1.533     -1.139      0.000
  -1  510      1.539     -1.175      0.000
  -1   -2      1.544      0.675      0.000
 524  511      1.545      1.107      0.000
 525  512      1.546     -0.634      0.000
 526  513      1.554     -1.058      0.000
 527  514      1.554     -0.945      0.000
 528  515      1.556      0.726      0.000
 529  516      1.562      0.597      0.000
 531  517      1.565     -0.840      0.000
  -1  509      1.566      0.016      0.000
 532  519      1.568      0.099      0.000
 533  520      1.573      0.388      0.000
