550
   2    1     -1.570     -0.028      0.000
   1    0     -1.565      0.852      0.000
   4   -2     -1.563     -0.150      0.000
   3    2     -1.559      0.259      0.000
  -1   -2     -1.549     -0.427      0.000
  -1    3     -1.541      0.800      0.000
  -1   -2     -1.536     -1.056      0.000
  -1    4     -1.527     -0.122      0.000
  -1    5     -1.517     -1.035      0.000
   6    6     -1.509      0.220      0.000
   7    9     -1.495      0.288      0.000
   9    8     -1.491      0.521      0.000
  11   10     -1.488     -0.730      0.000
  10   12     -1.485      0.651      0.000
  13   15     -1.484     -1.167      0.000
  -1   11     -1.483      0.857      0.000
  14   14     -1.482      0.406      0.000
  12   13     -1.482     -0.284      0.000
  -1   -2     -1.481      1.050      0.000
  -1   -2     -1.471     -0.381      0.000
  16   16     -1.466      1.004      0.000
  17   17     -1.461      0.156      0.000
  18   19     -1.454     -0.967      0.000
  19   20     -1.445     -0.598      0.000
  20   -2     -1.434      0.482      0.000
  24   -2     -1.429     -1.124      0.000
  21   22     -1.429     -0.292      0.000
  23   23     -1.426      0.338      0.000
  22   21     -1.426     -0.339      0.000
  -1   24     -1.415      0.703      0.000
  26   -2     -1.399      0.750      0.000
  27   25     -1.389     -0.377      0.000
  28   26     -1.387      0.282      0.000
  30   27     -1.384     -0.849      0.000
  29   28     -1.379      0.632      0.000
  31   29     -1.370      0.065      0.000
  33   30     -1.368      1.101      0.000
  34   32     -1.359      0.602      0.000
  35   31     -1.359     -0.886      0.000
  39   34     -1.349     -1.031      0.000
  -1   -2     -1.345      0.547      0.000
  37   35     -1.331      1.018      0.000
  42   36     -1.323     -1.129      0.000
  48   -2     -1.323      0.688      0.000
  -1   37     -1.322      1.074      0.000
  41   39     -1.321      0.917      0.000
  40   40     -1.321     -0.004      0.000
  46   33     -1.316     -1.165      0.000
  43   43     -1.305      0.168      0.000
  45   42     -1.295     -0.821      0.000
  -1   44     -1.293     -0.223      0.000
  47   47     -1.289     -0.330      0.000
  49   48     -1.280      0.548      0.000
  62   -2     -1.273     -0.980      0.000
  51   51     -1.262     -0.425      0.000
  52   52     -1.260     -0.619      0.000
  -1   -2     -1.250      0.044      0.000
  54   55     -1.244     -0.521      0.000
  55   54     -1.241      0.989      0.000
  57   56     -1.233     -0.826      0.000
  56   58     -1.232      0.503      0.000
  -1   57     -1.231     -1.178      0.000
  59   60     -1.202     -1.117      0.000
  58   61     -1.201      0.822      0.000
  60   62     -1.197     -0.122      0.000
  69   59     -1.197     -0.636      0.000
  71   63     -1.185     -1.080      0.000
  63   64     -1.173     -1.168      0.000
  64   67     -1.169      0.719      0.000
  65   66     -1.167     -0.862      0.000
  66   68     -1.164     -0.826      0.000
  -1   69     -1.155      0.918      0.000
  67   -2     -1.155      0.991      0.000
  72   70     -1.128     -0.345      0.000
  73   71     -1.119      0.398      0.000
  74   72     -1.115      1.033      0.000
  76   74     -1.109     -1.018      0.000
  75   73     -1.108     -1.055      0.000
  77   75     -1.099      0.645      0.000
  78   76     -1.082     -0.105      0.000
  79   77     -1.081     -0.369      0.000
  -1   78     -1.070     -0.479      0.000
  80   79     -1.059     -0.281      0.000
  82   80     -1.054      0.799      0.000
  81   81     -1.053      0.394      0.000
  -1   83     -1.049      0.262      0.000
  83   84     -1.039     -1.170      0.000
  -1  105     -1.037     -0.724      0.000
  85   85     -1.033     -1.053      0.000
  84   86     -1.033      0.475      0.000
  88   87     -1.018     -0.858      0.000
  87   88     -1.015     -0.160      0.000
  -1   96     -1.011     -0.242      0.000
  89   89     -1.008      0.575      0.000
  90   90     -1.004      0.388      0.000
  92   -2     -1.003     -0.771      0.000
  91   91     -0.999      0.188      0.000
  93   92     -0.994      1.022      0.000
  -1   -2     -0.991     -0.390      0.000
  95   94     -0.990      0.908      0.000
  96   95     -0.987     -0.431      0.000
  97   -2     -0.987     -0.211      0.000
  99   98     -0.977     -1.109      0.000
  86  106     -0.969      1.056      0.000
 101  100     -0.963      0.337      0.000
 104  104     -0.955     -1.006      0.000
 105  102     -0.950      0.776      0.000
  98   -2     -0.941     -0.935      0.000
  -1  103     -0.940      1.121      0.000
 108   -2     -0.909      1.082      0.000
 107   -2     -0.909     -0.766      0.000
 109  107     -0.904      0.568      0.000
 110  108     -0.897      0.305      0.000
  -1  114     -0.889     -1.092      0.000
  -1  110     -0.885     -0.088      0.000
  -1  119     -0.882     -1.168      0.000
 111  112     -0.862      0.691      0.000
 112  111     -0.862     -0.741      0.000
 114  113     -0.850     -0.613      0.000
 115  115     -0.844     -0.692      0.000
 116  116     -0.833     -0.443      0.000
 117  117     -0.832     -0.136      0.000
  -1  129     -0.829     -0.066      0.000
 118  120     -0.822     -0.215      0.000
 119  118     -0.822      1.089      0.000
  -1  122     -0.814      0.384      0.000
 121  121     -0.813      0.735      0.000
 124  123     -0.804     -0.011      0.000
 120   -2     -0.791      0.322      0.000
 127  127     -0.786      0.992      0.000
 126  130     -0.786      0.816      0.000
 128  132     -0.786      0.254      0.000
 113  141     -0.785     -1.030      0.000
 130  131     -0.782     -0.800      0.000
 131  133     -0.776     -0.753      0.000
 132  135     -0.774      0.396      0.000
 135  134     -0.772      0.887      0.000
  -1  136     -0.759      0.293      0.000
 134   -2     -0.755     -0.021      0.000
 137  137     -0.754     -0.930      0.000
 138  139     -0.744     -0.059      0.000
 139  138     -0.744     -0.449      0.000
 141  140     -0.739     -0.964      0.000
 140   -2     -0.737      0.383      0.000
 136   -2     -0.736     -1.010      0.000
  -1  142     -0.735     -0.784      0.000
 122  154     -0.734     -1.166      0.000
 143  143     -0.729      0.035      0.000
 144  144     -0.724      0.981      0.000
  -1   -2     -0.706     -0.354      0.000
 145  145     -0.704      1.111      0.000
 146  146     -0.698      0.138      0.000
 147  147     -0.696     -0.154      0.000
 150  150     -0.682      1.064      0.000
 151  152     -0.677     -0.558      0.000
 152  151     -0.677      1.010      0.000
 155  155     -0.665     -0.106      0.000
 153  156     -0.661     -0.655      0.000
 154  157     -0.658      0.729      0.000
 148   -2     -0.646     -1.078      0.000
  -1  161     -0.643      0.065      0.000
 160  159     -0.643      1.148      0.000
 161  160     -0.642     -0.570      0.000
 163  162     -0.628     -1.117      0.000
 162  163     -0.626     -1.006      0.000
 164  164     -0.616     -0.769      0.000
 165   -2     -0.615      1.075      0.000
 166  165     -0.613     -0.311      0.000
 167  166     -0.599      0.893      0.000
 168  167     -0.589     -0.435      0.000
 173   -2     -0.587     -1.109      0.000
 169  168     -0.582     -0.515      0.000
 170  169     -0.577     -0.283      0.000
 171  170     -0.575     -0.777      0.000
 172  171     -0.562      0.411      0.000
 175  172     -0.555     -0.983      0.000
 176  173     -0.553      1.059      0.000
 174  175     -0.553      0.043      0.000
 179   -2     -0.550     -1.174      0.000
 177  177     -0.541      0.350      0.000
 180  178     -0.530     -0.519      0.000
 182  179     -0.521     -0.240      0.000
 181  180     -0.520      0.268      0.000
  -1   -2     -0.519      0.822      0.000
 183  181     -0.518      0.546      0.000
 185  183     -0.514      0.680      0.000
  -1  182     -0.514      0.483      0.000
 197  176     -0.487     -1.173      0.000
 187  186     -0.479      0.980      0.000
 188  187     -0.476      0.079      0.000
 189  188     -0.472      0.187      0.000
 190  189     -0.469     -0.684      0.000
 191  190     -0.453     -0.053      0.000
 194  192     -0.438     -0.957      0.000
 193  194     -0.437     -0.135      0.000
  -1  210     -0.433     -1.061      0.000
 195  195     -0.430     -0.294      0.000
 192   -2     -0.425     -1.156      0.000
 198  196     -0.419     -0.848      0.000
 199  197     -0.413      0.451      0.000
  -1   -2     -0.395      1.079      0.000
 200  199     -0.395      0.759      0.000
 203   -2     -0.389      0.644      0.000
 204  201     -0.383     -0.615      0.000
 206  204     -0.377      0.326      0.000
 207  202     -0.376     -0.970      0.000
 201  207     -0.371     -0.193      0.000
 210  205     -0.367      1.075      0.000
 209  206     -0.367     -0.680      0.000
  -1  211     -0.362     -0.400      0.000
 211  208     -0.360      0.738      0.000
 212   -2     -0.354     -0.299      0.000
 213  213     -0.350      0.921      0.000
 214  212     -0.350      1.000      0.000
  -1  198     -0.348     -1.164      0.000
 215  214     -0.345     -0.262      0.000
 216  215     -0.337      0.885      0.000
  -1   -2     -0.333     -0.171      0.000
  -1  226     -0.330     -0.431      0.000
 205   -2     -0.316      0.466      0.000
 218  218     -0.307     -0.586      0.000
 219  219     -0.301     -0.943      0.000
  -1  217     -0.292     -0.857      0.000
 221  220     -0.291     -0.997      0.000
 220  221     -0.290      0.809      0.000
  -1  222     -0.286     -0.765      0.000
 222   -2     -0.283      0.310      0.000
 225  224     -0.270     -1.169      0.000
 226   -2     -0.266     -1.084      0.000
 224  225     -0.263      0.283      0.000
  -1  228     -0.251     -0.202      0.000
 228  229     -0.240      0.420      0.000
 229  231     -0.234     -0.692      0.000
 230  233     -0.232     -0.412      0.000
 227   -2     -0.231      0.763      0.000
 232  227     -0.227     -1.092      0.000
  -1  240     -0.215     -0.574      0.000
 234   -2     -0.213     -1.006      0.000
 233  234     -0.212      0.123      0.000
 238   -2     -0.198     -1.069      0.000
 236  237     -0.195      0.723      0.000
 237  238     -0.188     -0.819      0.000
 239  239     -0.182      1.107      0.000
  -1   -2     -0.164     -0.588      0.000
 260  241     -0.157     -0.135      0.000
  -1  243     -0.152      0.069      0.000
  -1  242     -0.151     -0.898      0.000
 245   -2     -0.147     -1.120      0.000
 240  245     -0.146     -0.272      0.000
 244   -2     -0.143     -0.617      0.000
 247  248     -0.131     -1.037      0.000
 246  247     -0.130     -0.671      0.000
  -1   -2     -0.119     -0.968      0.000
 248  249     -0.118     -0.195      0.000
 249  250     -0.113      0.489      0.000
 250  251     -0.109      0.385      0.000
 253  253     -0.104      1.116      0.000
 251  254     -0.101      0.631      0.000
 257  246     -0.099     -1.144      0.000
 252  255     -0.093     -0.090      0.000
 255  256     -0.086      1.157      0.000
 254  257     -0.085      0.331      0.000
  -1  265     -0.082      0.592      0.000
 259  261     -0.064      0.226      0.000
  -1  259     -0.064     -0.170      0.000
 261  260     -0.063     -0.644      0.000
  -1   -2     -0.059     -1.000      0.000
 263  263     -0.048     -0.341      0.000
 264  264     -0.047      0.352      0.000
 262   -2     -0.046     -0.575      0.000
 265   -2     -0.041      0.596      0.000
 258  273     -0.026      0.764      0.000
 266  267     -0.021     -0.016      0.000
 267  268     -0.001     -0.490      0.000
 273  258      0.006     -1.151      0.000
 268  270      0.009      0.573      0.000
 269  271      0.012      0.992      0.000
 270  272      0.015      0.315      0.000
 272  274      0.031      0.373      0.000
 274  276      0.034      0.042      0.000
 275   -2      0.041      0.583      0.000
 276  279      0.049     -0.918      0.000
 277  280      0.054      0.335      0.000
 278  281      0.061      0.915      0.000
 279  284      0.066     -1.092      0.000
 280  283      0.067      0.663      0.000
  -1  288      0.067     -1.034      0.000
  -1  278      0.067      0.590      0.000
 282  286      0.077     -0.933      0.000
  -1   -2      0.078      0.804      0.000
  -1   -2      0.082      1.156      0.000
 283  289      0.099      0.146      0.000
 285   -2      0.107     -1.167      0.000
 284  291      0.107      0.457      0.000
 286  292      0.111      0.100      0.000
  -1  294      0.114     -0.065      0.000
 288   -2      0.127      0.980      0.000
 290   -2      0.133      0.885      0.000
 301  285      0.133      0.767      0.000
  -1   -2      0.134     -1.075      0.000
 291  295      0.136      0.850      0.000
 292  296      0.137     -0.950      0.000
  -1  308      0.148      0.026      0.000
 295  297      0.150      1.057      0.000
 296  299      0.151     -0.609      0.000
  -1  298      0.151     -0.495      0.000
  -1  300      0.157     -0.687      0.000
  -1   -2      0.163     -1.129      0.000
 298  301      0.167     -0.269      0.000
  -1  302      0.171     -0.102      0.000
 299  303      0.175      0.365      0.000
 300  304      0.186     -0.708      0.000
 305  293      0.189     -1.169      0.000
 293  318      0.199     -0.469      0.000
  -1  306      0.200      0.976      0.000
 306  307      0.210      0.563      0.000
 308   -2      0.213      0.020      0.000
 303   -2      0.216      1.056      0.000
 313  309      0.217     -1.022      0.000
 309  311      0.225     -0.579      0.000
 310  312      0.227     -0.895      0.000
 311  313      0.236     -0.161      0.000
 312  315      0.249      0.978      0.000
 297   -2      0.256     -0.664      0.000
 314   -2      0.258     -0.383      0.000
 315   -2      0.259     -0.910      0.000
 316   -2      0.267      0.734      0.000
  -1   -2      0.271      0.952      0.000
 318  321      0.271      0.242      0.000
 317  320      0.271      1.124      0.000
  -1   -2      0.279     -0.162      0.000
  -1  319      0.281     -0.856      0.000
 320  322      0.282      0.161      0.000
 322  314      0.303     -1.023      0.000
  -1   -2      0.309      0.714      0.000
 323   -2      0.310     -0.338      0.000
 326  325      0.313     -0.206      0.000
 324  324      0.313      0.048      0.000
 328  323      0.314     -1.172      0.000
 327  326      0.318     -0.406      0.000
 330   -2      0.323      1.030      0.000
  -1  317      0.332     -0.607      0.000
  -1   -2      0.344      1.174      0.000
 332  331      0.368      0.050      0.000
 333  333      0.373     -0.818      0.000
  -1   -2      0.375      1.137      0.000
 335  334      0.377      0.294      0.000
 337  336      0.387     -0.421      0.000
 338  337      0.389      0.164      0.000
 336  338      0.390     -0.984      0.000
  -1  344      0.391     -1.074      0.000
 339   -2      0.394     -0.474      0.000
  -1  329      0.417      1.032      0.000
 341  339      0.420     -0.898      0.000
 342  340      0.420     -0.006      0.000
 344  341      0.422     -0.678      0.000
 343  343      0.422     -1.125      0.000
 345   -2      0.424     -1.033      0.000
  -1  346      0.426      0.712      0.000
  -1   -2      0.434     -0.936      0.000
 346  345      0.441     -0.614      0.000
  -1   -2      0.444      1.118      0.000
 340   -2      0.450      0.569      0.000
 347  348      0.450      0.319      0.000
 348  347      0.456     -0.440      0.000
 349   -2      0.457      0.751      0.000
 351  351      0.473      0.689      0.000
 352  350      0.474     -0.035      0.000
 350  356      0.479     -1.162      0.000
 353  352      0.483     -1.118      0.000
 354   -2      0.485      0.319      0.000
 355  355      0.488     -0.803      0.000
 358  353      0.492     -0.360      0.000
 365   -2      0.497      0.772      0.000
 381   -2      0.497     -0.170      0.000
 359   -2      0.498      0.441      0.000
 360  358      0.499     -0.631      0.000
 362  359      0.504     -0.965      0.000
 364  361      0.520      0.329      0.000
  -1   -2      0.534     -0.798      0.000
 366   -2      0.537     -0.918      0.000
 367  362      0.539     -0.582      0.000
 368  365      0.553     -0.044      0.000
 363  380      0.555     -1.170      0.000
  -1  364      0.558     -0.963      0.000
 369  366      0.559     -0.441      0.000
 370  367      0.561      0.916      0.000
 371  368      0.566      0.509      0.000
 372  369      0.570      0.548      0.000
 373  370      0.572      1.045      0.000
 374  371      0.575      0.321      0.000
 375  373      0.590      0.821      0.000
 376  375      0.599     -0.749      0.000
 377   -2      0.604     -0.996      0.000
 379  376      0.620      0.494      0.000
  -1  378      0.623     -0.684      0.000
 382  379      0.626     -0.843      0.000
 384  384      0.640      0.946      0.000
 385  381      0.641      0.862      0.000
 383   -2      0.641     -1.151      0.000
 386   -2      0.644     -0.460      0.000
 388  383      0.648     -0.497      0.000
 389  385      0.684     -1.035      0.000
 401  382      0.697     -0.451      0.000
  -1   -2      0.698     -1.173      0.000
 392  389      0.702     -0.863      0.000
 393  388      0.703     -0.378      0.000
  -1  390      0.705     -0.063      0.000
  -1   -2      0.707     -1.098      0.000
 391   -2      0.707      0.300      0.000
 394  392      0.709     -0.700      0.000
 395  393      0.717      1.087      0.000
  -1  394      0.718     -0.999      0.000
 396   -2      0.723      1.173      0.000
 398  391      0.738     -1.077      0.000
 399  396      0.745      0.394      0.000
 400  395      0.746      0.342      0.000
 402  397      0.751     -0.643      0.000
 403  398      0.755      0.646      0.000
 404  399      0.758     -0.075      0.000
 387  412      0.762     -0.201      0.000
 407  403      0.786      0.921      0.000
 406  404      0.787     -1.030      0.000
 409  405      0.802     -0.038      0.000
 408  406      0.802     -0.984      0.000
 410   -2      0.815      0.095      0.000
 411  408      0.822      0.904      0.000
 412  410      0.823     -0.544      0.000
 414  411      0.825     -0.876      0.000
 413  407      0.827     -1.136      0.000
  -1  414      0.841     -0.795      0.000
 416   -2      0.843     -0.202      0.000
 417  413      0.845      0.166      0.000
  -1  415      0.851     -1.068      0.000
  -1   -2      0.856     -0.154      0.000
  -1  417      0.858     -0.268      0.000
 421  418      0.863      0.427      0.000
 422  419      0.865      0.658      0.000
 450   -2      0.872      0.713      0.000
 425   -2      0.873      0.480      0.000
 426  422      0.877      1.072      0.000
 427  423      0.881     -0.455      0.000
 429  424      0.898      0.235      0.000
 430   -2      0.901      1.111      0.000
  -1  425      0.901     -0.874      0.000
  -1  426      0.901     -1.006      0.000
  -1   -2      0.906     -0.172      0.000
 431  427      0.907     -0.543      0.000
 415  429      0.912     -0.801      0.000
 432  421      0.915      0.808      0.000
 433  430      0.917      1.177      0.000
 419   -2      0.917     -0.324      0.000
 435  433      0.931     -1.002      0.000
 436  431      0.931      0.027      0.000
 438  432      0.932      0.528      0.000
 439  434      0.934     -0.250      0.000
 440  435      0.935     -0.153      0.000
 437  436      0.937     -1.080      0.000
 428  437      0.941     -0.867      0.000
 443  438      0.942     -0.700      0.000
 444  439      0.945      0.455      0.000
 445   -2      0.975     -0.286      0.000
 447  440      0.975     -0.036      0.000
 462   -2      0.980     -1.118      0.000
 448  441      0.982     -0.240      0.000
  -1  447      0.990      0.708      0.000
 441   -2      0.991      0.765      0.000
 452   -2      1.002      0.670      0.000
 451   -2      1.003     -0.821      0.000
 453  443      1.005     -0.589      0.000
  -1  444      1.012     -0.327      0.000
 456  445      1.023     -0.005      0.000
 459  446      1.034      0.268      0.000
  -1   -2      1.036      0.718      0.000
 458  449      1.041      0.838      0.000
 461   -2      1.059      0.102      0.000
 460  452      1.059      0.971      0.000
 446   -2      1.066     -1.171      0.000
 463  455      1.082     -0.642      0.000
 481   -2      1.083      0.636      0.000
  -1  451      1.085      0.079      0.000
 465  462      1.101     -0.561      0.000
 466  457      1.111      1.031      0.000
 467  458      1.111     -0.967      0.000
 468  460      1.134     -1.175      0.000
 469  461      1.137     -0.769      0.000
 470   -2      1.139     -0.541      0.000
 471  463      1.143      0.268      0.000
 473  465      1.157      1.029      0.000
 474  464      1.157      0.879      0.000
 472  466      1.159     -1.069      0.000
 475   -2      1.167      0.960      0.000
 478   -2      1.187     -1.164      0.000
 477  468      1.187      0.284      0.000
 479  469      1.190     -0.358      0.000
 480  470      1.203     -0.485      0.000
 482  472      1.225      0.392      0.000
  -1   -2      1.228     -0.139      0.000
 483  473      1.229     -0.551      0.000
 484  474      1.230      0.992      0.000
  -1   -2      1.234     -1.102      0.000
 486  478      1.255     -0.491      0.000
  -1  479      1.272     -0.992      0.000
 485  481      1.279     -1.169      0.000
 488  480      1.285     -0.465      0.000
 489  483      1.305     -0.943      0.000
 490  482      1.305     -0.544      0.000
 492   -2      1.320     -0.436      0.000
 493  484      1.336      0.176      0.000
 494  485      1.343     -1.051      0.000
 495  486      1.367     -0.907      0.000
 496  487      1.369      1.080      0.000
 497  488      1.371     -0.216      0.000
 499  489      1.378     -0.319      0.000
 501  490      1.380      0.239      0.000
 502  491      1.381      0.509      0.000
 503  492      1.384     -0.965      0.000
 504  493      1.395     -0.437      0.000
 505  494      1.396     -0.375      0.000
 506  496      1.409     -0.914      0.000
 507  497      1.418      0.574      0.000
 500  503      1.425     -1.162      0.000
 509  499      1.446      0.268      0.000
 511  500      1.449      0.804      0.000
 510  502      1.451     -1.067      0.000
  -1  501      1.453     -1.018      0.000
  -1   -2      1.455      1.037      0.000
 512  505      1.474     -0.714      0.000
 513  504      1.475     -0.037      0.000
 514  506      1.483     -0.180      0.000
  -1   -2      1.487     -0.236      0.000
 515  508      1.488      0.418      0.000
 516  509      1.501      0.076      0.000
 517  507      1.504     -1.041      0.000
  -1  510      1.507     -0.706      0.000
  -1  514      1.510     -1.134      0.000
 518  511      1.522      0.687      0.000
 520  512      1.525      0.566      0.000
 519  513      1.528      1.066      0.000
 521   -2      1.531     -1.167      0.000
 522  515      1.538     -0.578      0.000
 523  516      1.540      0.369      0.000
 524  517      1.544      0.106      0.000
 525  519      1.545     -0.885      0.000
  -1  518      1.545      0.766      0.000
 526  520      1.547     -1.001      0.000
  -1   -2      1.554      0.812      0.000
 527  521      1.558     -0.778      0.000
 528  522      1.563      1.109      0.000
 529  523      1.570      0.442      0.000
