506
   0   -2     -1.572     -0.722      0.000
   1    0     -1.568      0.388      0.000
   4    3     -1.553     -0.014      0.000
  -1    4     -1.542     -0.050      0.000
   5    5     -1.541      0.250      0.000
   6    6     -1.536      0.906      0.000
   8    8     -1.524     -1.134      0.000
  10   11     -1.490      0.212      0.000
   9   17     -1.482     -1.173      0.000
   2   13     -1.476      0.826      0.000
  11   16     -1.474      0.276      0.000
  12   14     -1.473      0.500      0.000
  13   15     -1.471      0.626      0.000
  14   19     -1.465     -0.267      0.000
  17   18     -1.464      0.974      0.000
  -1   -2     -1.464     -1.128      0.000
  18   21     -1.460      0.390      0.000
  20   22     -1.439     -0.573      0.000
  19   24     -1.438      0.151      0.000
  22   -2     -1.411     -0.320      0.000
  26   -2     -1.399      0.676      0.000
  27   27     -1.393      0.324      0.000
  -1   28     -1.388      0.271      0.000
  28   30     -1.386      0.727      0.000
  31   32     -1.373     -0.359      0.000
  32   31     -1.370     -1.129      0.000
  34   33     -1.369      1.081      0.000
  35   34     -1.363     -0.861      0.000
  33   37     -1.361      0.274      0.000
  37   35     -1.361     -1.005      0.000
  36   39     -1.359      0.611      0.000
  -1   36     -1.356     -0.698      0.000
  38   40     -1.349      0.067      0.000
  39   43     -1.339      0.582      0.000
  40   42     -1.338     -1.104      0.000
  41   -2     -1.335     -0.968      0.000
  43   44     -1.332      0.996      0.000
  44   46     -1.320      0.893      0.000
  25   -2     -1.305     -1.168      0.000
  47   47     -1.303     -0.786      0.000
  48   48     -1.293     -0.001      0.000
  49   49     -1.287     -0.813      0.000
  52   50     -1.279     -0.952      0.000
  51   52     -1.276      0.165      0.000
  -1   51     -1.271      1.175      0.000
  50   -2     -1.270     -0.320      0.000
  46   -2     -1.261      0.637      0.000
  -1   55     -1.256      0.532      0.000
  57   56     -1.252     -0.600      0.000
  56   66     -1.241     -1.174      0.000
  59   57     -1.238      0.967      0.000
  60   58     -1.234     -0.805      0.000
  61   59     -1.229     -0.502      0.000
  62   61     -1.214     -1.096      0.000
  65   64     -1.190      0.806      0.000
  66   65     -1.186     -0.620      0.000
  63   -2     -1.182      0.602      0.000
  67   -2     -1.181     -1.170      0.000
  69   67     -1.168     -0.844      0.000
  68   69     -1.167     -0.117      0.000
  70   68     -1.165     -0.808      0.000
  71   70     -1.159      1.008      0.000
  72   -2     -1.156     -0.980      0.000
  73   72     -1.151      0.705      0.000
  74   73     -1.132      0.614      0.000
  75   74     -1.119     -1.035      0.000
  76   75     -1.115     -0.999      0.000
  77   76     -1.114      1.020      0.000
  78   77     -1.106     -0.337      0.000
  79   78     -1.088      0.391      0.000
  80   79     -1.077      0.635      0.000
  81   81     -1.058     -0.363      0.000
  83   80     -1.049     -1.171      0.000
  82   82     -1.049     -0.102      0.000
  84   83     -1.041     -1.043      0.000
  -1   -2     -1.038     -0.665      0.000
  85   84     -1.037      0.789      0.000
  86   86     -1.031     -0.277      0.000
  88   85     -1.030     -0.714      0.000
  90   87     -1.018     -0.847      0.000
  89   91     -1.017      0.390      0.000
  91   88     -1.004      0.470      0.000
  92   89     -0.992      1.013      0.000
  93   90     -0.988     -1.100      0.000
  94   93     -0.983     -0.158      0.000
  96   92     -0.982      0.899      0.000
 105   94     -0.981      0.572      0.000
 108   -2     -0.969      0.382      0.000
  99   98     -0.964     -0.427      0.000
 100   99     -0.963      0.186      0.000
  98   96     -0.962      1.043      0.000
 101  100     -0.958     -0.216      0.000
  -1   97     -0.958     -0.988      0.000
 103  101     -0.952     -0.177      0.000
 104  102     -0.944     -0.928      0.000
  -1   -2     -0.943      0.775      0.000
 106  104     -0.933     -1.166      0.000
 107  105     -0.927      0.334      0.000
  -1  107     -0.910      1.079      0.000
 109  108     -0.909     -0.763      0.000
 110  109     -0.908     -1.083      0.000
 111  111     -0.880      0.896      0.000
 112  112     -0.876      0.567      0.000
 114  114     -0.861      0.304      0.000
 116  115     -0.854     -0.738      0.000
 117  118     -0.838      0.692      0.000
 118  119     -0.836     -0.611      0.000
 119  120     -0.833     -0.691      0.000
 124   -2     -0.825     -1.085      0.000
 120  121     -0.822      1.088      0.000
 121  122     -0.818      1.044      0.000
 123  125     -0.811     -1.162      0.000
 122  123     -0.810     -0.444      0.000
 125  124     -0.797     -0.139      0.000
  -1   -2     -0.794      0.737      0.000
 128   -2     -0.790     -0.493      0.000
 127  126     -0.786     -0.217      0.000
 129  127     -0.781      0.995      0.000
 131  128     -0.778     -0.799      0.000
  -1  129     -0.771      0.816      0.000
 133  130     -0.768     -0.754      0.000
 134  131     -0.766     -0.012      0.000
  -1  132     -0.759      0.889      0.000
  -1   -2     -0.759      0.420      0.000
 137  133     -0.757     -0.931      0.000
 136  134     -0.752      0.322      0.000
  -1   -2     -0.750     -0.388      0.000
 138  136     -0.746      0.258      0.000
 140  135     -0.741     -1.011      0.000
 139  138     -0.741      0.398      0.000
 141  137     -0.740     -0.964      0.000
  -1   -2     -0.734     -0.232      0.000
 142  139     -0.722     -0.453      0.000
 143  141     -0.716      0.987      0.000
 144  143     -0.710     -0.061      0.000
 159  142     -0.703      1.122      0.000
 145  145     -0.701      0.383      0.000
 147  146     -0.693      0.033      0.000
 156   -2     -0.681     -0.361      0.000
 151  151     -0.678     -1.172      0.000
 149  147     -0.678      1.071      0.000
 150  148     -0.675     -1.122      0.000
 152  150     -0.671      1.016      0.000
 153  152     -0.664     -0.157      0.000
 154  153     -0.662      0.139      0.000
 157  154     -0.659     -0.566      0.000
 158  155     -0.654     -1.082      0.000
  -1  156     -0.652     -1.016      0.000
 161   -2     -0.637     -1.120      0.000
 160  157     -0.635     -0.111      0.000
  -1   -2     -0.621     -1.009      0.000
 164  159     -0.608     -0.777      0.000
  -1   -2     -0.597      0.223      0.000
  -1  161     -0.590     -1.107      0.000
 178   -2     -0.588      0.906      0.000
 166  162     -0.585     -0.319      0.000
  -1   -2     -0.576     -1.007      0.000
 167  164     -0.568     -0.790      0.000
 163  163     -0.568     -0.944      0.000
 170  165     -0.565     -0.530      0.000
 169   -2     -0.565     -0.447      0.000
 172  168     -0.553     -0.291      0.000
  -1  167     -0.552      1.076      0.000
 173  166     -0.551     -0.991      0.000
 174   -2     -0.537     -1.085      0.000
 175  171     -0.521      0.041      0.000
 176  172     -0.511     -0.531      0.000
 177  173     -0.509      0.355      0.000
  -1   -2     -0.497     -0.587      0.000
 180  175     -0.495      0.695      0.000
 181  176     -0.494      0.493      0.000
  -1   -2     -0.493      0.558      0.000
 182  177     -0.491     -0.250      0.000
 185  181     -0.472      0.998      0.000
 184  180     -0.471     -1.168      0.000
 186  182     -0.455     -0.704      0.000
 187  184     -0.444      0.076      0.000
 188  186     -0.440      0.189      0.000
 189  185     -0.438     -0.976      0.000
 191  188     -0.424     -0.058      0.000
 192  189     -0.414     -0.869      0.000
 193  190     -0.409     -0.141      0.000
 194  191     -0.405     -0.308      0.000
  -1  198     -0.394      1.107      0.000
 195  193     -0.387      0.462      0.000
 196  196     -0.379      0.781      0.000
 197  197     -0.377     -0.993      0.000
 199  199     -0.372     -0.542      0.000
 200  200     -0.370     -0.633      0.000
 201   -2     -0.367      1.101      0.000
  -1  210     -0.362      0.661      0.000
 202  201     -0.357      0.537      0.000
 203  204     -0.356     -0.702      0.000
 204  205     -0.350      0.334      0.000
 207  203     -0.350      1.029      0.000
 205  206     -0.347      0.759      0.000
 206  207     -0.344     -0.201      0.000
 208  208     -0.335     -0.311      0.000
 209  209     -0.328      0.912      0.000
 210  211     -0.322     -0.276      0.000
  -1   -2     -0.320      1.017      0.000
 211  214     -0.301     -0.970      0.000
 212  215     -0.294     -0.611      0.000
 213  216     -0.291     -1.024      0.000
 214  217     -0.280     -0.790      0.000
 215  218     -0.280      0.836      0.000
 217  219     -0.271     -1.112      0.000
 218  221     -0.263     -1.172      0.000
 219  222     -0.262      0.319      0.000
 222   -2     -0.234      0.829      0.000
 230   -2     -0.231     -0.912      0.000
  -1  237     -0.231     -0.207      0.000
  -1  212     -0.225      1.041      0.000
 225  224     -0.224     -0.720      0.000
 224  229     -0.223     -1.094      0.000
 226  226     -0.221      0.436      0.000
 227  227     -0.216     -0.435      0.000
  -1   -2     -0.210      1.118      0.000
  -1  228     -0.191      0.122      0.000
 228  230     -0.184      0.749      0.000
 229   -2     -0.184     -1.067      0.000
  -1  232     -0.159     -0.003      0.000
  -1  233     -0.147     -0.615      0.000
  -1   -2     -0.143     -1.120      0.000
 233   -2     -0.143     -0.937      0.000
 234  235     -0.138     -0.148      0.000
  -1   -2     -0.132     -0.072      0.000
 235  239     -0.132     -1.072      0.000
 236  238     -0.129     -0.288      0.000
 237  240     -0.127     -0.702      0.000
 250   -2     -0.104     -0.211      0.000
 239  241     -0.101      0.509      0.000
 240  254     -0.097     -1.158      0.000
 242  243     -0.092      0.658      0.000
 244  244     -0.079     -0.102      0.000
 245  245     -0.073      0.343      0.000
 247  256     -0.059      0.738      0.000
 248   -2     -0.055     -0.678      0.000
 249  247     -0.053      0.232      0.000
  -1  248     -0.049     -0.186      0.000
  -1   -2     -0.045     -0.755      0.000
 251  250     -0.037     -0.364      0.000
 252  251     -0.036      0.366      0.000
 253  252     -0.035      0.622      0.000
 255  258     -0.020     -1.073      0.000
 256   -2     -0.016      0.902      0.000
 246  262     -0.011     -0.023      0.000
  -1   -2      0.006     -0.520      0.000
 259  257      0.011      1.032      0.000
 260   -2      0.015      0.604      0.000
 261   -2      0.020      0.905      0.000
 262  260      0.022      0.325      0.000
 254  269      0.031     -0.989      0.000
 265   -2      0.043      0.031      0.000
  -1   -2      0.045     -1.061      0.000
 267  264      0.048      0.610      0.000
  -1  263      0.050     -0.960      0.000
 263  283      0.057     -1.149      0.000
 268  265      0.058      0.349      0.000
 269  266      0.061      0.954      0.000
 270  267      0.067      0.693      0.000
 274   -2      0.079     -0.973      0.000
  -1   -2      0.086     -1.027      0.000
  -1  271      0.097     -0.764      0.000
 273  272      0.102      0.147      0.000
 275  273      0.110      0.476      0.000
 276  274      0.113      0.100      0.000
  -1  270      0.114     -1.081      0.000
  -1   -2      0.124      0.420      0.000
 277  277      0.132      0.898      0.000
 278  278      0.139     -0.955      0.000
 280  280      0.146      0.200      0.000
 281  279      0.147      1.099      0.000
 282  282      0.152     -0.524      0.000
 279   -2      0.154     -0.645      0.000
  -1   -2      0.157     -0.720      0.000
 284  284      0.170     -0.292      0.000
  -1  285      0.172     -0.112      0.000
 285  286      0.174      0.381      0.000
 286  287      0.186     -0.744      0.000
 288   -2      0.195      1.017      0.000
 289   -2      0.198     -0.500      0.000
 283  288      0.199     -1.173      0.000
 290   -2      0.206      0.589      0.000
 292  291      0.212      0.015      0.000
 293  292      0.215     -1.064      0.000
 294   -2      0.219     -0.335      0.000
 297  293      0.227     -0.932      0.000
 298  294      0.234     -0.176      0.000
 300  295      0.244      1.017      0.000
 299  296      0.248      0.129      0.000
  -1  297      0.253     -0.698      0.000
 301  298      0.256     -0.408      0.000
 304  302      0.266      0.250      0.000
 305  303      0.267      1.164      0.000
  -1  305      0.281      0.126      0.000
 320  289      0.286      0.614      0.000
 306  308      0.304     -1.060      0.000
 308  309      0.306      0.046      0.000
 307  313      0.307     -0.362      0.000
 311  311      0.309     -1.175      0.000
 310  312      0.318      1.069      0.000
 312   -2      0.327     -0.636      0.000
  -1  315      0.358      0.047      0.000
 316  317      0.365      0.307      0.000
 315  316      0.365      0.243      0.000
  -1  318      0.369      1.175      0.000
 317  319      0.371     -0.850      0.000
 314  320      0.373     -0.443      0.000
 318  321      0.377      0.169      0.000
 321  322      0.390     -0.495      0.000
  -1   -2      0.400      0.926      0.000
 323  324      0.410     -0.011      0.000
 313  338      0.411      0.740      0.000
 325  325      0.416     -0.705      0.000
 326  326      0.417     -0.928      0.000
 327  327      0.426     -1.157      0.000
 328  329      0.434     -0.638      0.000
 330   -2      0.436      0.654      0.000
 331  330      0.442      0.215      0.000
 334   -2      0.442      0.775      0.000
 335  332      0.444      0.330      0.000
 332   -2      0.445     -0.835      0.000
 333  334      0.446     -0.460      0.000
 336  335      0.459     -0.041      0.000
  -1  333      0.461      0.714      0.000
  -1   -2      0.466     -1.174      0.000
 337  339      0.477      0.448      0.000
  -1  336      0.479      0.945      0.000
 341  342      0.481     -0.663      0.000
 339  340      0.484     -0.829      0.000
 340  341      0.487     -1.146      0.000
 342  343      0.503     -0.986      0.000
  -1   -2      0.506      0.748      0.000
  -1  344      0.530      0.883      0.000
 344  345      0.534     -0.597      0.000
 345  347      0.535     -0.941      0.000
 346  346      0.535     -0.048      0.000
 338   -2      0.549      0.947      0.000
 351  350      0.551      0.569      0.000
 352   -2      0.558     -0.986      0.000
 353  353      0.564      1.078      0.000
 354  354      0.570      0.349      0.000
  -1  355      0.576      0.848      0.000
 356  356      0.592     -0.768      0.000
 357  358      0.597      0.513      0.000
 349  370      0.603     -0.170      0.000
 358  360      0.605     -0.659      0.000
 360  359      0.607     -1.023      0.000
 361  361      0.623     -0.860      0.000
 364  363      0.628      0.974      0.000
 355  362      0.629      0.889      0.000
 363  364      0.633     -0.493      0.000
 366  366      0.641     -1.163      0.000
  -1  368      0.680      0.312      0.000
 368  367      0.684     -1.049      0.000
 369  371      0.685     -0.386      0.000
 370  372      0.695     -0.879      0.000
  -1  373      0.701     -0.711      0.000
 373  375      0.717      0.355      0.000
 374  374      0.718      0.407      0.000
 375  377      0.732      0.664      0.000
 376  378      0.738     -0.076      0.000
 377  381      0.742     -0.652      0.000
 378  383      0.771      0.944      0.000
 365   -2      0.772     -0.474      0.000
 379  384      0.778     -0.039      0.000
  -1  385      0.780     -0.827      0.000
 380  387      0.784     -1.035      0.000
 383  388      0.807      0.924      0.000
 384  390      0.810     -1.134      0.000
  -1  389      0.811     -0.203      0.000
 385  391      0.821      0.172      0.000
  -1  392      0.822     -0.882      0.000
 381  404      0.831     -0.265      0.000
 388  394      0.832     -0.154      0.000
 390  395      0.834      0.439      0.000
 387   -2      0.834      1.107      0.000
 389  396      0.835     -0.799      0.000
  -1   -2      0.837      0.129      0.000
 391  397      0.840      0.674      0.000
 392  399      0.847      0.726      0.000
 394  401      0.849      0.785      0.000
 393  402      0.852     -1.071      0.000
  -1  403      0.855     -0.848      0.000
 396   -2      0.863     -0.287      0.000
 411   -2      0.864      0.026      0.000
 397  405      0.865     -0.457      0.000
 399  407      0.867      0.245      0.000
 398  406      0.871      1.088      0.000
  -1   -2      0.878      0.594      0.000
 400  408      0.885     -1.079      0.000
 402   -2      0.893      1.125      0.000
 401   -2      0.894     -0.543      0.000
  -1  409      0.897     -0.224      0.000
 403  424      0.900     -0.875      0.000
 404  415      0.901     -1.006      0.000
  -1  416      0.901     -1.135      0.000
 407  414      0.903      0.540      0.000
  -1  417      0.903     -0.940      0.000
 395  429      0.905     -0.801      0.000
 409  420      0.910     -0.248      0.000
 408  419      0.911     -0.151      0.000
 410  421      0.915      0.466      0.000
 412  423      0.930     -1.002      0.000
 413   -2      0.933     -0.861      0.000
 415   -2      0.933     -0.698      0.000
 416  413      0.942      1.053      0.000
  -1  412      0.948     -0.534      0.000
 417  426      0.948     -0.028      0.000
  -1  427      0.956      0.362      0.000
 418  428      0.959     -0.234      0.000
  -1   -2      0.969     -0.045      0.000
 424  422      0.975      0.682      0.000
 405   -2      0.984     -1.117      0.000
  -1   -2      0.986      0.263      0.000
 421  434      0.990     -0.327      0.000
  -1  433      0.991      0.001      0.000
 423  435      0.992     -0.586      0.000
 426   -2      1.018      0.596      0.000
  -1  438      1.019      0.267      0.000
 427  439      1.022      0.845      0.000
 428  440      1.026      0.108      0.000
 422  437      1.027      0.016      0.000
 429   -2      1.042     -0.691      0.000
 430  441      1.044      0.979      0.000
 433  444      1.072     -0.631      0.000
 438  445      1.074     -1.172      0.000
  -1  430      1.092      0.717      0.000
 434  446      1.093     -0.551      0.000
 435  447      1.102      1.033      0.000
 431   -2      1.107     -0.955      0.000
  -1   -2      1.119      0.267      0.000
  -1  456      1.125     -0.187      0.000
 437  449      1.127     -0.529      0.000
 439  450      1.135     -0.754      0.000
 440  451      1.142      0.878      0.000
 441  452      1.145     -0.838      0.000
 442  453      1.150      1.029      0.000
 443   -2      1.155     -1.054      0.000
 445   -2      1.174     -0.344      0.000
 444  455      1.178      0.559      0.000
 447   -2      1.184     -0.275      0.000
 448  458      1.187     -0.468      0.000
 450  459      1.189      0.386      0.000
 446  460      1.193     -1.145      0.000
 451  464      1.205      0.021      0.000
  -1  463      1.212     -1.036      0.000
 453  461      1.215     -0.534      0.000
 454  462      1.217      0.988      0.000
 457  454      1.230     -1.077      0.000
 456  465      1.243     -0.471      0.000
 458  467      1.253      0.423      0.000
 459  469      1.271     -0.445      0.000
  -1   -2      1.272     -0.999      0.000
 460   -2      1.285      0.722      0.000
 462  471      1.294     -0.521      0.000
 465  473      1.310      0.174      0.000
  -1  474      1.317      0.107      0.000
 466  476      1.342     -1.024      0.000
 461  491      1.350     -1.169      0.000
 468  477      1.354      0.499      0.000
 467  478      1.354     -0.200      0.000
 469  479      1.357      0.237      0.000
 470  480      1.359      1.070      0.000
 471  481      1.361     -0.297      0.000
 472  482      1.365     -0.880      0.000
 475  484      1.380     -0.416      0.000
 474  486      1.381     -0.353      0.000
 473  485      1.382     -0.936      0.000
 476  487      1.392      0.559      0.000
 478  488      1.402     -0.146      0.000
 480  489      1.407     -0.883      0.000
  -1  490      1.410     -0.323      0.000
  -1   -2      1.419     -0.667      0.000
 481  492      1.422      0.267      0.000
 479   -2      1.424     -1.125      0.000
 482  493      1.429      0.786      0.000
 483   -2      1.445      1.017      0.000
 495   -2      1.449     -0.998      0.000
  -1  496      1.449     -1.034      0.000
 485  494      1.457      0.979      0.000
 487  497      1.458     -0.026      0.000
 486   -2      1.460     -1.111      0.000
 488  498      1.465      0.409      0.000
 489  500      1.468     -0.682      0.000
 491  499      1.469     -0.161      0.000
 490   -2      1.469     -0.644      0.000
 492  501      1.470     -0.211      0.000
  -1  502      1.481     -0.856      0.000
 493  503      1.481      0.084      0.000
  -1   -2      1.485     -1.076      0.000
 504   -2      1.489     -0.588      0.000
 496  504      1.500      0.668      0.000
 497  505      1.504      0.548      0.000
 499  507      1.517      1.043      0.000
 500  508      1.519      0.360      0.000
  -1  509      1.523     -1.134      0.000
 498  512      1.536      0.746      0.000
  -1  513      1.539     -1.173      0.000
 506  515      1.545     -0.849      0.000
 505  514      1.546     -0.965      0.000
 507  516      1.550      1.084      0.000
 508  517      1.554     -0.743      0.000
  -1   -2      1.555      0.018      0.000
 509  518      1.556      0.430      0.000
