530
   1   -2     -1.569     -0.160      0.000
   2    1     -1.567      0.858      0.000
   6    0     -1.566     -0.050      0.000
   5    3     -1.562      0.261      0.000
   7    2     -1.549     -0.231      0.000
  20   -2     -1.539      0.808      0.000
  12    9     -1.513      0.221      0.000
  13   10     -1.506      0.324      0.000
  14   -2     -1.496      0.278      0.000
  15   11     -1.494      0.524      0.000
  10   13     -1.488      0.654      0.000
  17   12     -1.486     -0.731      0.000
  19   17     -1.486     -0.288      0.000
  -1   14     -1.485     -1.168      0.000
  18   16     -1.485      0.408      0.000
   4   -2     -1.477     -0.974      0.000
  24   20     -1.466      1.008      0.000
  23   21     -1.464      0.157      0.000
  25   22     -1.452     -0.969      0.000
  26   23     -1.447     -0.602      0.000
  27   24     -1.439      0.483      0.000
  -1   26     -1.432     -0.293      0.000
  29   28     -1.430     -0.341      0.000
  28   27     -1.428      0.340      0.000
  36   25     -1.426     -1.128      0.000
  32   -2     -1.408      0.136      0.000
  33   30     -1.403      0.755      0.000
  34   31     -1.392     -0.379      0.000
  35   32     -1.391      0.284      0.000
  37   34     -1.380      0.637      0.000
  38   33     -1.380     -0.851      0.000
  40   35     -1.378      0.066      0.000
  -1   -2     -1.373     -0.210      0.000
  39   36     -1.364      1.110      0.000
  41   37     -1.361      0.604      0.000
  42   38     -1.359     -0.890      0.000
  43   -2     -1.349     -1.032      0.000
  44   41     -1.333      1.025      0.000
  -1   -2     -1.325      0.690      0.000
  -1   39     -1.324     -1.064      0.000
  45   46     -1.324     -0.005      0.000
  46   45     -1.323      0.921      0.000
  -1   42     -1.322     -1.131      0.000
  48   48     -1.310      0.168      0.000
  49   -2     -1.305     -0.969      0.000
  53   49     -1.297     -0.825      0.000
  -1   47     -1.291     -1.170      0.000
  51   51     -1.291     -0.331      0.000
  -1   43     -1.287      0.756      0.000
  52   52     -1.285      0.550      0.000
  55   -2     -1.273     -0.983      0.000
  -1   54     -1.269     -0.430      0.000
  56   55     -1.261     -0.624      0.000
  -1   -2     -1.260      0.388      0.000
  57   57     -1.247     -0.522      0.000
  58   58     -1.242      0.991      0.000
  -1   60     -1.236      0.506      0.000
  59   59     -1.234     -0.829      0.000
  62   63     -1.203      0.825      0.000
  63   62     -1.202     -1.121      0.000
  61   64     -1.200     -0.122      0.000
  -1   -2     -1.198     -0.639      0.000
  80   53     -1.185     -1.082      0.000
  60   67     -1.176     -1.174      0.000
  64   68     -1.173      0.721      0.000
  65   69     -1.168     -0.864      0.000
  67   70     -1.165     -0.828      0.000
  68   72     -1.163      1.033      0.000
  -1   -2     -1.155      0.630      0.000
  -1   65     -1.150     -0.557      0.000
  72   -2     -1.143     -0.998      0.000
  73   66     -1.142     -1.103      0.000
  74   73     -1.131     -0.347      0.000
  75   74     -1.124      0.399      0.000
  76   75     -1.116      1.037      0.000
  79   77     -1.107     -1.057      0.000
  78   76     -1.107     -1.019      0.000
  77   78     -1.104      0.648      0.000
  81   79     -1.087     -0.104      0.000
  82   80     -1.085     -0.370      0.000
  83   82     -1.063     -0.282      0.000
  84   84     -1.057      0.395      0.000
  85   83     -1.056      0.800      0.000
  -1   86     -1.048     -1.171      0.000
  86   89     -1.037      0.476      0.000
  88   88     -1.033     -1.055      0.000
  -1  103     -1.029      1.097      0.000
  89   91     -1.021     -0.160      0.000
  90   90     -1.018     -0.859      0.000
  91   93     -1.013      0.577      0.000
  92   94     -1.008      0.388      0.000
  93   96     -1.006      0.192      0.000
  94   95     -1.003     -0.774      0.000
  96   97     -0.995      1.024      0.000
  95   -2     -0.994     -0.220      0.000
  97   99     -0.992      0.909      0.000
  98  100     -0.991     -0.431      0.000
  -1  101     -0.988     -0.180      0.000
  -1  107     -0.984     -0.937      0.000
 100  102     -0.974     -1.111      0.000
 102   -2     -0.970      1.055      0.000
 101  104     -0.968      0.337      0.000
 103   -2     -0.963      0.621      0.000
  -1   -2     -0.960      0.437      0.000
  99  105     -0.955     -1.009      0.000
 104  106     -0.952      0.777      0.000
 105   -2     -0.941     -0.936      0.000
  -1  110     -0.910     -0.766      0.000
 106  109     -0.910      1.083      0.000
 107  111     -0.908      0.570      0.000
 109  112     -0.902      0.306      0.000
 111  116     -0.866      0.690      0.000
 112  117     -0.862     -0.741      0.000
  -1  132     -0.854     -0.998      0.000
 113  118     -0.854     -0.613      0.000
 114  119     -0.845     -0.693      0.000
 116  120     -0.837     -0.442      0.000
 115  121     -0.836     -0.136      0.000
 118  123     -0.827     -0.214      0.000
 120  124     -0.822      1.089      0.000
 121  128     -0.817      0.330      0.000
  -1  126     -0.816      0.735      0.000
 117  146     -0.816     -1.165      0.000
 119   -2     -0.811     -0.049      0.000
 122  127     -0.808     -0.011      0.000
 124   -2     -0.800      0.445      0.000
 126  130     -0.789      0.814      0.000
 127  129     -0.787      0.992      0.000
 125  131     -0.786      0.257      0.000
 143   -2     -0.785     -1.027      0.000
 128  133     -0.784     -0.799      0.000
 132  134     -0.778     -0.753      0.000
  -1  135     -0.778      0.396      0.000
 131   -2     -0.776      0.313      0.000
 133  138     -0.775     -0.031      0.000
 134  136     -0.773      0.887      0.000
 123  144     -0.770     -1.073      0.000
 142  139     -0.750     -0.925      0.000
 138  140     -0.749     -0.058      0.000
 139  141     -0.747     -0.448      0.000
 130  143     -0.746      0.383      0.000
  -1  142     -0.739     -0.964      0.000
  -1   -2     -0.736     -1.010      0.000
 141  147     -0.735      0.035      0.000
 144  148     -0.725      0.981      0.000
 147  150     -0.704      1.111      0.000
 145  151     -0.704      0.139      0.000
 146  152     -0.702     -0.153      0.000
 137  159     -0.695     -0.995      0.000
 149   -2     -0.685      0.876      0.000
 150  153     -0.683      1.064      0.000
 151  154     -0.679     -0.557      0.000
 153  155     -0.678      1.008      0.000
 152  157     -0.678     -0.689      0.000
 155  158     -0.672      0.733      0.000
 154  156     -0.670     -0.105      0.000
 161   -2     -0.664     -1.162      0.000
  -1   -2     -0.662     -0.658      0.000
  -1   -2     -0.654     -0.223      0.000
 158   -2     -0.646     -1.076      0.000
 159  161     -0.644      1.147      0.000
 157  162     -0.643     -0.569      0.000
 162  164     -0.628     -1.005      0.000
 170  163     -0.627     -1.117      0.000
 164  165     -0.617     -0.768      0.000
  -1  166     -0.617      1.073      0.000
 163  167     -0.616     -0.310      0.000
 167  168     -0.600      0.892      0.000
 168  169     -0.593     -0.433      0.000
 169  171     -0.586     -0.514      0.000
 171  172     -0.582     -0.283      0.000
  -1  173     -0.578     -0.776      0.000
 172  174     -0.568      0.410      0.000
  -1  170     -0.564     -1.099      0.000
 173  177     -0.561      0.042      0.000
 174  175     -0.557     -0.981      0.000
  -1  176     -0.554      1.056      0.000
 175  179     -0.547      0.349      0.000
  -1   -2     -0.541      1.149      0.000
 176  178     -0.539     -1.174      0.000
 177  180     -0.533     -0.518      0.000
 179  182     -0.525      0.268      0.000
 178  181     -0.524     -0.239      0.000
  -1  184     -0.522      0.546      0.000
 199   -2     -0.518      0.483      0.000
 181  185     -0.517      0.679      0.000
  -1   -2     -0.492     -1.171      0.000
 184  188     -0.480      0.978      0.000
 182  189     -0.479      0.078      0.000
 183  190     -0.476      0.187      0.000
 185  191     -0.470     -0.683      0.000
 187  192     -0.458     -0.051      0.000
 186  197     -0.441     -1.139      0.000
 188  194     -0.440     -0.133      0.000
 190  193     -0.438     -0.955      0.000
 191  196     -0.434     -0.292      0.000
 208   -2     -0.434     -1.059      0.000
 204  187     -0.433     -1.175      0.000
 192  198     -0.421     -0.845      0.000
 193  199     -0.417      0.450      0.000
 194  201     -0.397      0.757      0.000
  -1  206     -0.395     -0.204      0.000
  -1   -2     -0.391     -0.520      0.000
 196  202     -0.389      0.639      0.000
 198  203     -0.386     -0.613      0.000
 180  219     -0.383      0.520      0.000
 200  204     -0.379      0.324      0.000
 201  205     -0.377     -0.967      0.000
 202   -2     -0.371     -0.188      0.000
 203  208     -0.370     -0.675      0.000
 205  207     -0.367      1.071      0.000
 206  210     -0.363      0.735      0.000
 207  211     -0.358     -0.296      0.000
  -1  212     -0.351      0.918      0.000
 209  213     -0.351      0.997      0.000
 210  215     -0.349     -0.259      0.000
 212  216     -0.338      0.883      0.000
 213   -2     -0.337     -0.678      0.000
 214  220     -0.308     -0.584      0.000
 215  221     -0.302     -0.939      0.000
 217  224     -0.292      0.806      0.000
 218  223     -0.290     -0.992      0.000
 220  226     -0.285      0.310      0.000
 222   -2     -0.269     -0.480      0.000
 221  229     -0.268      0.283      0.000
 223  227     -0.267     -1.166      0.000
 224  228     -0.266     -1.080      0.000
  -1  234     -0.247      0.795      0.000
 226  231     -0.244      0.419      0.000
 228  232     -0.235     -0.689      0.000
 227  233     -0.235     -0.409      0.000
  -1   -2     -0.234      0.762      0.000
 229  235     -0.226     -1.093      0.000
 230  238     -0.215      0.123      0.000
  -1  237     -0.214     -1.003      0.000
  -1   -2     -0.205      0.338      0.000
 233  240     -0.197      0.718      0.000
  -1  241     -0.192     -0.818      0.000
 232  239     -0.189     -1.069      0.000
  -1  242     -0.183      1.102      0.000
 225  248     -0.180     -0.235      0.000
  -1   -2     -0.178      0.386      0.000
 237   -2     -0.152     -0.784      0.000
 239   -2     -0.147     -0.270      0.000
  -1  249     -0.145     -0.613      0.000
 238  247     -0.144     -1.123      0.000
 240  251     -0.137     -0.663      0.000
 241  250     -0.131     -1.033      0.000
 242  253     -0.120     -0.195      0.000
 243  254     -0.115      0.488      0.000
 244  255     -0.112      0.384      0.000
 245  257     -0.103      0.628      0.000
 246  259     -0.096     -0.088      0.000
  -1  256     -0.095      1.110      0.000
 247  261     -0.088      0.330      0.000
 248  260     -0.086      1.152      0.000
 250   -2     -0.080     -1.101      0.000
 253  258     -0.072     -1.164      0.000
  -1  271     -0.068      0.702      0.000
 251  263     -0.066      0.226      0.000
 267  244     -0.065     -0.175      0.000
  -1  265     -0.064     -0.639      0.000
  -1  269     -0.058     -0.521      0.000
 254  267     -0.050     -0.339      0.000
 255  268     -0.049      0.351      0.000
 256  270     -0.045      0.593      0.000
 257  272     -0.027     -0.013      0.000
  -1  273     -0.015     -0.431      0.000
 260  275      0.008      0.572      0.000
 262  276      0.012      0.987      0.000
 261  277      0.013      0.313      0.000
 263   -2      0.019      0.867      0.000
 264  278      0.028      0.370      0.000
 265  274      0.030     -1.121      0.000
 266  279      0.031      0.041      0.000
 268  280      0.040      0.580      0.000
 269  281      0.046     -0.919      0.000
 271  282      0.052      0.334      0.000
 272  283      0.061      0.911      0.000
 274  284      0.065     -1.089      0.000
  -1  285      0.066      0.659      0.000
  -1   -2      0.077     -0.978      0.000
 276  288      0.078     -0.930      0.000
 278  291      0.097      0.146      0.000
 280  293      0.106      0.454      0.000
 282  292      0.107     -1.165      0.000
 283  294      0.109      0.101      0.000
 286   -2      0.122      0.403      0.000
  -1  296      0.125      0.974      0.000
  -1   -2      0.132      0.760      0.000
  -1  297      0.133      0.881      0.000
  -1  300      0.136      0.846      0.000
 281  301      0.137     -0.950      0.000
 279  313      0.148     -0.490      0.000
  -1   -2      0.149      0.026      0.000
 291  303      0.150      1.052      0.000
 289  304      0.152     -0.606      0.000
 270  323      0.158     -0.681      0.000
 293  308      0.166     -0.268      0.000
 294  310      0.175      0.364      0.000
 295  311      0.188     -0.704      0.000
  -1  298      0.193      0.738      0.000
  -1   -2      0.199     -0.465      0.000
  -1  317      0.200      1.080      0.000
 287   -2      0.202      0.972      0.000
 296  312      0.205     -1.171      0.000
 298  315      0.210      0.561      0.000
 299   -2      0.210     -1.015      0.000
 300  316      0.213      0.021      0.000
  -1  319      0.225     -0.574      0.000
 301  320      0.226     -0.890      0.000
 302  321      0.236     -0.160      0.000
 303  322      0.248      0.972      0.000
  -1  318      0.251     -1.018      0.000
 304  324      0.258     -0.380      0.000
 305  325      0.258     -0.906      0.000
 306  326      0.268      0.727      0.000
 307  329      0.270      1.119      0.000
 308  328      0.271      0.241      0.000
  -1   -2      0.274     -0.238      0.000
  -1  332      0.283      0.161      0.000
  -1   -2      0.300      1.143      0.000
 312  333      0.302     -1.019      0.000
  -1  335      0.309     -0.336      0.000
 313  337      0.313      0.048      0.000
  -1   -2      0.314     -0.378      0.000
 315  336      0.315     -0.204      0.000
 316  339      0.318     -0.405      0.000
 314  338      0.321     -1.170      0.000
 317   -2      0.322      1.026      0.000
  -1  340      0.350      1.072      0.000
 319   -2      0.353     -0.414      0.000
 320  343      0.368      0.050      0.000
 321  344      0.373     -0.815      0.000
  -1   -2      0.374      1.131      0.000
 322  346      0.378      0.292      0.000
  -1  349      0.387     -0.981      0.000
 323  347      0.387     -0.416      0.000
 324  348      0.390      0.164      0.000
 325  351      0.395     -0.469      0.000
  -1  362      0.396      0.545      0.000
 328  353      0.419     -0.894      0.000
 330  354      0.421     -0.006      0.000
 329  356      0.422     -1.123      0.000
  -1  355      0.423     -0.675      0.000
  -1  357      0.426     -1.030      0.000
 333  360      0.442     -0.611      0.000
 338  363      0.450      0.318      0.000
 335  364      0.455     -0.437      0.000
 336  365      0.456      0.748      0.000
 332  368      0.459     -1.174      0.000
  -1  366      0.473      0.686      0.000
 339  367      0.475     -0.034      0.000
 340  369      0.482     -1.117      0.000
  -1  370      0.485      0.319      0.000
 341  371      0.488     -0.799      0.000
 326   -2      0.490      0.908      0.000
 331   -2      0.492     -0.908      0.000
 344  372      0.495     -0.363      0.000
 346  375      0.496      0.441      0.000
 348  376      0.497     -0.630      0.000
 347   -2      0.497      0.769      0.000
 349  377      0.504     -0.965      0.000
 343  383      0.509     -1.168      0.000
 350  378      0.516      0.327      0.000
  -1  373      0.525      0.822      0.000
 352  380      0.538     -0.915      0.000
 353  381      0.541     -0.579      0.000
 354  382      0.554     -0.046      0.000
 356  385      0.559     -0.438      0.000
 357  386      0.562      0.912      0.000
 358  387      0.567      0.507      0.000
 360  388      0.572      0.546      0.000
 359  389      0.572      1.042      0.000
 364  390      0.578      0.320      0.000
 362  391      0.591      0.818      0.000
 363  392      0.598     -0.747      0.000
 365  393      0.603     -0.994      0.000
 367   -2      0.618      0.557      0.000
 368  394      0.622      0.492      0.000
 366   -2      0.622     -0.682      0.000
 370  374      0.622     -0.160      0.000
 371  396      0.626     -0.841      0.000
 373  399      0.637     -1.155      0.000
 374  397      0.641      0.942      0.000
 375  398      0.643      0.858      0.000
 377  400      0.645     -0.458      0.000
 376  420      0.650     -0.187      0.000
  -1  401      0.651     -0.495      0.000
 378  402      0.682     -1.032      0.000
 381   -2      0.697     -0.448      0.000
 382  409      0.701      0.255      0.000
 380  405      0.701     -0.861      0.000
 383  406      0.704     -0.377      0.000
 386  410      0.710     -0.699      0.000
 387  411      0.718      1.083      0.000
 394  413      0.723      1.172      0.000
  -1   -2      0.735     -0.887      0.000
 389  414      0.738     -1.076      0.000
 390  415      0.747      0.393      0.000
 391  416      0.748      0.341      0.000
 399  403      0.751     -0.463      0.000
 392  417      0.752     -0.642      0.000
 395  418      0.758      0.644      0.000
 396  419      0.761     -0.075      0.000
 393   -2      0.766     -0.202      0.000
  -1  422      0.781     -1.028      0.000
 398  421      0.788      0.919      0.000
  -1  424      0.797     -0.984      0.000
 400  423      0.804     -0.037      0.000
 401  425      0.817      0.095      0.000
 404  426      0.823      0.901      0.000
 405  427      0.824     -0.544      0.000
 402  429      0.825     -1.136      0.000
  -1  428      0.825     -0.875      0.000
 397  448      0.842     -0.795      0.000
  -1  431      0.847     -0.204      0.000
 411  432      0.848      0.165      0.000
 420   -2      0.850     -1.067      0.000
 409  451      0.856     -0.264      0.000
 413   -2      0.864      0.519      0.000
 414  436      0.866      0.427      0.000
 415  437      0.868      0.657      0.000
 416   -2      0.873      0.707      0.000
 417   -2      0.874      0.768      0.000
  -1  439      0.876      0.481      0.000
 418  440      0.878      1.070      0.000
 419  441      0.882     -0.455      0.000
 403  458      0.899     -0.874      0.000
 423  442      0.901      0.235      0.000
 422  443      0.902      1.102      0.000
 424  447      0.908     -0.543      0.000
 427  449      0.916      0.807      0.000
 426  450      0.916      1.175      0.000
 428   -2      0.917     -0.324      0.000
  -1  452      0.930     -1.002      0.000
 429  453      0.933      0.027      0.000
  -1  457      0.934     -1.081      0.000
 431  454      0.935      0.528      0.000
  -1  455      0.937     -0.251      0.000
 434  456      0.937     -0.153      0.000
  -1  466      0.940      0.743      0.000
 421   -2      0.942     -0.867      0.000
  -1  459      0.942     -0.699      0.000
 435  460      0.948      0.455      0.000
  -1  461      0.978     -0.287      0.000
 430  477      0.979     -1.118      0.000
 437  462      0.980     -0.035      0.000
 438  464      0.985     -0.240      0.000
  -1   -2      0.993      0.763      0.000
 458  438      0.997      0.709      0.000
 439  468      1.003     -0.822      0.000
 441  467      1.003      0.669      0.000
 440  469      1.006     -0.590      0.000
 442   -2      1.014     -0.329      0.000
 444   -2      1.020      0.294      0.000
 445  471      1.024     -0.006      0.000
 446   -2      1.037      0.258      0.000
 447  474      1.045      0.837      0.000
  -1  472      1.059      0.199      0.000
 448  476      1.060      0.970      0.000
 451  475      1.062      0.102      0.000
 460  463      1.066     -1.172      0.000
 453  478      1.084     -0.644      0.000
 467   -2      1.087      0.081      0.000
 454  481      1.101     -0.561      0.000
 455  482      1.110      1.029      0.000
 456  483      1.112     -0.967      0.000
  -1  484      1.136     -1.175      0.000
  -1  485      1.137     -0.770      0.000
 461  486      1.140     -0.543      0.000
  -1  487      1.149      0.265      0.000
 462  490      1.156     -1.071      0.000
 463  488      1.157      1.026      0.000
 464  489      1.160      0.878      0.000
 466  491      1.169      0.960      0.000
 452   -2      1.183      0.549      0.000
 468  493      1.190      0.282      0.000
  -1  492      1.191     -1.166      0.000
 469  494      1.193     -0.361      0.000
 470  495      1.204     -0.486      0.000
 471  479      1.214      0.561      0.000
 472  496      1.229      0.392      0.000
 473  498      1.229     -0.553      0.000
 474  499      1.231      0.992      0.000
  -1  503      1.253     -1.148      0.000
 476  501      1.255     -0.492      0.000
  -1   -2      1.262      0.922      0.000
 478  504      1.285     -0.467      0.000
  -1  505      1.304     -0.947      0.000
 480  506      1.306     -0.547      0.000
  -1   -2      1.306      0.729      0.000
  -1  507      1.323     -0.439      0.000
 483  508      1.338      0.176      0.000
 484  509      1.344     -1.054      0.000
 486  510      1.367     -0.910      0.000
 487  511      1.370      1.081      0.000
 488  512      1.373     -0.219      0.000
 475   -2      1.376      0.008      0.000
 489  513      1.378     -0.321      0.000
 481  521      1.378     -1.165      0.000
 491  514      1.383      0.238      0.000
 492  515      1.383      0.510      0.000
 490  516      1.384     -0.968      0.000
 493  517      1.394     -0.440      0.000
 494  518      1.397     -0.377      0.000
 495  519      1.410     -0.918      0.000
 496  520      1.420      0.576      0.000
  -1   -2      1.425     -0.347      0.000
 498  522      1.447      0.268      0.000
 497  524      1.449     -1.071      0.000
 499  523      1.451      0.806      0.000
 501  527      1.473     -0.717      0.000
 502  528      1.477     -0.038      0.000
 505  529      1.483     -0.183      0.000
 506  531      1.490      0.419      0.000
 507  532      1.501      0.076      0.000
  -1  533      1.504     -1.041      0.000
 508  536      1.526      0.688      0.000
 509  538      1.527      1.067      0.000
 510  537      1.529      0.567      0.000
  -1  539      1.534     -1.164      0.000
 512  540      1.539     -0.583      0.000
 513  541      1.542      0.370      0.000
 514  542      1.545      0.105      0.000
 517  543      1.545     -0.888      0.000
 516  545      1.547     -1.003      0.000
 518  547      1.558     -0.782      0.000
 519  548      1.563      1.113      0.000
 520  549      1.568      0.441      0.000
