538
   0    0     -1.575      0.184      0.000
   1    1     -1.560     -0.426      0.000
   3   -2     -1.558     -0.955      0.000
   2   -2     -1.558      0.836      0.000
   4    4     -1.553      0.440      0.000
   8    8     -1.545     -1.123      0.000
   6    2     -1.539      0.882      0.000
  -1   11     -1.532     -0.601      0.000
   9    5     -1.526      0.360      0.000
  14    3     -1.523     -0.944      0.000
   5   -2     -1.513      0.674      0.000
  11    7     -1.510      0.057      0.000
  13    9     -1.506     -0.484      0.000
  -1   10     -1.505      1.052      0.000
  -1   -2     -1.492     -0.671      0.000
  -1   12     -1.491     -0.307      0.000
  15   13     -1.485      0.878      0.000
  16   -2     -1.475     -1.127      0.000
  17   14     -1.472     -0.036      0.000
  18   16     -1.469      0.795      0.000
  19   15     -1.468     -0.523      0.000
  20   17     -1.466      0.198      0.000
  12   26     -1.465     -0.780      0.000
  23   -2     -1.461      0.755      0.000
  -1   -2     -1.457      0.391      0.000
  32   -2     -1.440     -1.164      0.000
  27   20     -1.420     -0.048      0.000
  26   21     -1.419      0.482      0.000
  28   22     -1.409      0.675      0.000
  30   24     -1.398     -0.445      0.000
  25   28     -1.387      0.273      0.000
  -1   -2     -1.379      0.614      0.000
  33   29     -1.366     -0.177      0.000
  35   23     -1.350      0.909      0.000
  39   33     -1.335      1.075      0.000
  38   34     -1.335     -0.335      0.000
  41   36     -1.312     -1.054      0.000
  34   -2     -1.310     -0.649      0.000
  42   38     -1.306      0.468      0.000
  43   39     -1.294     -0.758      0.000
  44   -2     -1.292      0.827      0.000
  46   40     -1.282      0.730      0.000
  47   42     -1.276     -0.138      0.000
  48   41     -1.274     -0.971      0.000
  53   35     -1.272     -1.166      0.000
  -1   43     -1.266      0.832      0.000
  50   44     -1.264     -0.427      0.000
  51   46     -1.259      0.947      0.000
  -1   37     -1.256     -0.612      0.000
  52   47     -1.250      0.453      0.000
  54   48     -1.238      1.123      0.000
  55   49     -1.234     -0.759      0.000
  57   50     -1.228      0.736      0.000
  -1   -2     -1.224      0.212      0.000
  58   51     -1.220     -0.340      0.000
  59   53     -1.217      0.536      0.000
  60   52     -1.216     -0.443      0.000
  63   54     -1.211     -0.969      0.000
  61   55     -1.211     -0.195      0.000
  -1   -2     -1.208     -1.124      0.000
  62   57     -1.208      0.436      0.000
  65   62     -1.204     -1.156      0.000
  66   60     -1.180      0.373      0.000
  67   59     -1.180      0.600      0.000
  68   63     -1.175     -0.254      0.000
  -1   64     -1.174     -0.560      0.000
  56   -2     -1.174     -0.505      0.000
  70   65     -1.169      0.639      0.000
  71   66     -1.157      1.094      0.000
  72   67     -1.151      1.144      0.000
  73   68     -1.149     -0.948      0.000
  74   69     -1.140     -0.989      0.000
  -1   -2     -1.140      0.607      0.000
  75   70     -1.135      0.879      0.000
  76   71     -1.126      0.330      0.000
  77   72     -1.117     -0.487      0.000
  -1   -2     -1.113     -1.170      0.000
  78   75     -1.106     -0.101      0.000
  79   74     -1.105      1.134      0.000
  81   77     -1.077     -1.120      0.000
  80   76     -1.076      0.605      0.000
  82   78     -1.068     -0.809      0.000
  83   79     -1.050     -0.144      0.000
  85   81     -1.041      0.970      0.000
  86   82     -1.039     -0.051      0.000
  -1   -2     -1.032     -0.013      0.000
  89   84     -1.026     -0.226      0.000
  -1   85     -1.020     -0.842      0.000
 100   73     -1.020     -1.163      0.000
  90   90     -1.017      0.265      0.000
  92   86     -1.009     -0.949      0.000
  91   -2     -1.002      0.322      0.000
  95   88     -1.001      1.084      0.000
  94   89     -1.000      0.715      0.000
  96   92     -0.995      0.398      0.000
  -1   93     -0.978     -0.778      0.000
  93   94     -0.976     -0.054      0.000
  97   96     -0.968      0.039      0.000
  98   97     -0.964      0.383      0.000
  -1   -2     -0.963      0.620      0.000
  -1   98     -0.959     -0.820      0.000
 101   99     -0.950     -0.978      0.000
 104  101     -0.941     -0.641      0.000
 105  100     -0.941      0.747      0.000
 103  102     -0.941      0.140      0.000
 106  108     -0.923      1.169      0.000
 107  103     -0.921     -1.006      0.000
 108  104     -0.916     -0.144      0.000
 109  107     -0.910     -0.724      0.000
  -1  106     -0.909     -0.776      0.000
 111  105     -0.908     -1.075      0.000
 112   -2     -0.904      1.117      0.000
 116  113     -0.903     -1.165      0.000
 114  109     -0.894     -0.448      0.000
 113  110     -0.894     -0.097      0.000
 115  111     -0.890      0.816      0.000
  -1  112     -0.883      0.063      0.000
  -1   -2     -0.883     -0.345      0.000
 117  114     -0.852      0.879      0.000
 118   -2     -0.844      0.036      0.000
  -1  115     -0.839      1.052      0.000
 110   -2     -0.832     -0.764      0.000
 121  117     -0.828      0.987      0.000
 122  122     -0.824     -0.972      0.000
 123  118     -0.822      1.095      0.000
 124  119     -0.815     -0.918      0.000
 125  121     -0.803     -0.285      0.000
 126  120     -0.801     -0.539      0.000
 128   -2     -0.796      0.512      0.000
 130  123     -0.785      0.050      0.000
 133  124     -0.773      0.956      0.000
  -1  125     -0.773     -0.254      0.000
 135  126     -0.763     -0.668      0.000
 137  127     -0.754     -0.937      0.000
 136  139     -0.751     -1.148      0.000
 138  130     -0.747     -0.401      0.000
 140  131     -0.730     -0.965      0.000
 141  132     -0.722     -0.473      0.000
 142  133     -0.721     -0.205      0.000
  -1  137     -0.719      0.970      0.000
 144  136     -0.715      0.438      0.000
 145  135     -0.712     -1.013      0.000
 146   -2     -0.707      1.022      0.000
  -1   -2     -0.701      0.494      0.000
 147  138     -0.698      0.081      0.000
 148  141     -0.692      0.174      0.000
  -1  140     -0.689      0.806      0.000
 149  142     -0.687      0.843      0.000
 150   -2     -0.686     -1.172      0.000
 151  143     -0.682     -0.729      0.000
 152  144     -0.675     -0.256      0.000
 153  146     -0.670     -0.462      0.000
  -1  145     -0.669     -0.879      0.000
 154  148     -0.666     -0.032      0.000
 127  169     -0.665      0.613      0.000
  -1  150     -0.643      1.086      0.000
 157  149     -0.642     -0.725      0.000
 156  151     -0.640     -0.103      0.000
  -1   -2     -0.633      0.116      0.000
 155  153     -0.629      0.639      0.000
 159  154     -0.620     -0.968      0.000
 162  155     -0.611     -1.045      0.000
 160  156     -0.611     -0.239      0.000
 161  157     -0.606      0.422      0.000
 163  158     -0.599      0.391      0.000
 164  159     -0.590      0.972      0.000
 165  161     -0.570      0.284      0.000
 167  160     -0.569     -0.933      0.000
 166   -2     -0.566     -0.053      0.000
 168  163     -0.563     -0.601      0.000
  -1  162     -0.562     -1.173      0.000
 170  164     -0.555     -0.142      0.000
  -1  165     -0.549      0.445      0.000
  -1   -2     -0.548      1.137      0.000
 187   -2     -0.546      0.870      0.000
  -1   -2     -0.545      0.063      0.000
 173  167     -0.529      1.085      0.000
 174  171     -0.519     -0.198      0.000
 175  170     -0.517      0.648      0.000
 176   -2     -0.498     -0.512      0.000
  -1  172     -0.486      0.621      0.000
 179  173     -0.475     -0.737      0.000
 180   -2     -0.475     -1.128      0.000
 181  174     -0.465     -0.564      0.000
 182  175     -0.461     -0.846      0.000
 183   -2     -0.455      0.262      0.000
 188  176     -0.449     -1.175      0.000
  -1  183     -0.449     -1.084      0.000
  -1   -2     -0.435      0.851      0.000
 186  186     -0.435      0.446      0.000
 185   -2     -0.433      0.241      0.000
  -1  179     -0.429      0.775      0.000
 189  177     -0.427     -0.947      0.000
 191  180     -0.424      1.079      0.000
 190  181     -0.423      0.740      0.000
 192  182     -0.420     -0.466      0.000
  -1   -2     -0.415     -1.121      0.000
 193  184     -0.415     -0.138      0.000
 194  185     -0.405      0.916      0.000
 195   -2     -0.404      0.410      0.000
 196  187     -0.402      0.843      0.000
 197  188     -0.401     -0.836      0.000
 198  189     -0.392      0.343      0.000
 199  190     -0.389      0.664      0.000
 200  193     -0.363     -0.305      0.000
 202  191     -0.363     -0.615      0.000
 201  192     -0.362     -1.172      0.000
  -1   -2     -0.350     -1.138      0.000
  -1  178     -0.347      0.185      0.000
 203  195     -0.340      0.642      0.000
 204  197     -0.336     -0.784      0.000
 205  198     -0.331      0.610      0.000
 206  196     -0.330      1.091      0.000
 207  199     -0.319     -0.539      0.000
 208  201     -0.311     -0.829      0.000
  -1  212     -0.292     -0.082      0.000
  -1  203     -0.292      0.074      0.000
 209  202     -0.290      0.568      0.000
 210   -2     -0.288      0.036      0.000
 211  204     -0.281     -0.705      0.000
 213  206     -0.269     -1.172      0.000
 214  207     -0.267     -0.905      0.000
 215  208     -0.264     -0.378      0.000
  -1  211     -0.256     -1.122      0.000
 217  209     -0.247     -1.020      0.000
  -1  210     -0.238     -0.973      0.000
 221   -2     -0.222     -1.091      0.000
 220  213     -0.222      0.308      0.000
  -1  214     -0.216      0.383      0.000
 222  215     -0.209     -0.044      0.000
 223  216     -0.209     -0.495      0.000
  -1   -2     -0.200     -0.602      0.000
 228  218     -0.195     -1.062      0.000
 227  220     -0.192     -0.228      0.000
 226  219     -0.191      0.264      0.000
 229  221     -0.189      0.485      0.000
 231  223     -0.177      1.066      0.000
 230  224     -0.175     -1.004      0.000
 232  226     -0.172      0.187      0.000
 233  225     -0.171     -0.514      0.000
 234   -2     -0.165     -0.099      0.000
 235  227     -0.145     -0.819      0.000
  -1   -2     -0.143      1.161      0.000
 237   -2     -0.142     -1.113      0.000
 250  217     -0.141     -0.634      0.000
 239  231     -0.138     -0.226      0.000
 240  232     -0.137      0.277      0.000
 225   -2     -0.131      0.986      0.000
 242  234     -0.127     -0.463      0.000
  -1  241     -0.120     -1.172      0.000
 243  235     -0.120      1.069      0.000
 246  236     -0.112      0.454      0.000
 248  238     -0.092      0.910      0.000
 249  239     -0.087     -0.292      0.000
 251  240     -0.083     -0.877      0.000
 253  242     -0.069      1.017      0.000
 262  228     -0.069     -1.140      0.000
 254  243     -0.065     -0.332      0.000
 256  244     -0.053      0.250      0.000
 257  245     -0.046      0.434      0.000
 244   -2     -0.033      0.051      0.000
  -1  248     -0.029      0.960      0.000
 261   -2     -0.027      0.288      0.000
 259  258     -0.025     -1.048      0.000
  -1  254     -0.015     -0.146      0.000
 241   -2     -0.005      0.656      0.000
 263  251      0.000      0.440      0.000
 264  250      0.000      0.755      0.000
 265  253      0.002      0.263      0.000
 266  252      0.003      0.114      0.000
 267   -2      0.006     -0.025      0.000
 269  255      0.017     -1.113      0.000
 268   -2      0.031     -0.939      0.000
 272  257      0.040      0.496      0.000
 274  259      0.053      0.690      0.000
 275  261      0.060     -0.846      0.000
 278  264      0.061      0.924      0.000
 276  263      0.061      0.129      0.000
 277  262      0.062     -0.695      0.000
 279   -2      0.066      0.603      0.000
 280  267      0.075      0.098      0.000
 282  265      0.075     -0.010      0.000
 283  269      0.086      0.347      0.000
  -1  273      0.100     -0.166      0.000
 287  271      0.106     -1.083      0.000
 288  272      0.113     -1.160      0.000
  -1  274      0.128     -0.419      0.000
 290   -2      0.133     -0.331      0.000
 285   -2      0.141     -0.956      0.000
 294  277      0.142      0.647      0.000
 281   -2      0.146     -0.484      0.000
  -1  278      0.149     -0.167      0.000
 297  280      0.157     -1.001      0.000
 298  281      0.167      0.808      0.000
 299  282      0.176      0.282      0.000
 300  283      0.183     -0.504      0.000
 301  284      0.187     -0.965      0.000
 302  285      0.197     -0.315      0.000
  -1  300      0.203     -1.172      0.000
 304  287      0.213     -0.786      0.000
 305  290      0.222      1.005      0.000
 306  289      0.222      0.040      0.000
 308  288      0.222     -1.002      0.000
 307  297      0.226     -0.402      0.000
 309  291      0.228      0.740      0.000
 311  292      0.230     -0.667      0.000
 312  293      0.233      0.424      0.000
 315  294      0.249     -0.090      0.000
  -1  296      0.263     -0.687      0.000
 317   -2      0.271     -0.475      0.000
 320   -2      0.275     -1.154      0.000
 318  298      0.276     -0.254      0.000
 328  295      0.282      0.116      0.000
 322  302      0.285      0.746      0.000
 323  303      0.291     -0.639      0.000
 324  304      0.298      0.943      0.000
 325  306      0.306      0.874      0.000
 303  323      0.307     -1.174      0.000
 326  307      0.310      0.196      0.000
  -1  309      0.337     -0.036      0.000
 330  311      0.347     -1.133      0.000
 321  319      0.349     -0.271      0.000
 332  312      0.355     -0.129      0.000
 334  313      0.359     -0.984      0.000
 329   -2      0.362      0.693      0.000
 335  314      0.363      0.056      0.000
 336  316      0.368      0.798      0.000
 337  317      0.375     -1.048      0.000
 345   -2      0.381     -1.174      0.000
 339   -2      0.393      0.841      0.000
 340   -2      0.395     -0.631      0.000
  -1  320      0.398     -0.795      0.000
 342   -2      0.398     -0.294      0.000
  -1  318      0.415     -0.611      0.000
 344  321      0.417      0.898      0.000
 343  322      0.417     -0.934      0.000
 327  341      0.420      0.487      0.000
 346  325      0.438     -0.717      0.000
 348  324      0.439      0.056      0.000
 347  327      0.440     -0.302      0.000
  -1  338      0.443      0.511      0.000
 349  328      0.446     -0.347      0.000
  -1  329      0.459      0.231      0.000
 361   -2      0.461     -1.174      0.000
 352  330      0.468     -1.124      0.000
 353  331      0.470      1.001      0.000
 355  326      0.471      0.691      0.000
  -1   -2      0.471      1.174      0.000
 354  332      0.473      0.134      0.000
  -1  333      0.477     -0.642      0.000
 356   -2      0.480     -0.946      0.000
  -1   -2      0.485      0.421      0.000
 358  335      0.488     -0.473      0.000
  -1  336      0.494     -0.439      0.000
  -1   -2      0.499      0.958      0.000
 360  337      0.510      0.009      0.000
  -1   -2      0.513      0.544      0.000
  -1   -2      0.518      0.579      0.000
  -1  339      0.520     -0.332      0.000
 363  340      0.523     -0.654      0.000
 364  342      0.539     -1.132      0.000
 365  343      0.542      1.100      0.000
  -1   -2      0.543     -0.903      0.000
 357   -2      0.547      0.397      0.000
 366  344      0.549     -0.505      0.000
 368  345      0.553      0.576      0.000
 369  346      0.554      0.482      0.000
 370  347      0.558      0.431      0.000
 374  348      0.559      0.248      0.000
 367  349      0.560     -0.777      0.000
  -1   -2      0.563      0.666      0.000
 373  350      0.565      0.165      0.000
 371  351      0.566     -0.276      0.000
  -1   -2      0.574     -1.152      0.000
 375  352      0.574      0.718      0.000
  -1  354      0.576     -0.828      0.000
 376  353      0.577     -0.019      0.000
 377   -2      0.597     -0.987      0.000
 378  355      0.598      0.603      0.000
 379  357      0.607     -0.474      0.000
 385  362      0.610     -1.165      0.000
 380  358      0.615     -0.878      0.000
 383  359      0.625      1.097      0.000
 362   -2      0.626     -0.339      0.000
 384  361      0.627     -1.029      0.000
 386  363      0.641      0.850      0.000
 387   -2      0.645     -0.643      0.000
 388  365      0.653      0.732      0.000
 389  366      0.659     -0.740      0.000
 392   -2      0.678     -0.034      0.000
 391  364      0.678     -0.593      0.000
 393  367      0.684     -0.942      0.000
 395  369      0.701      0.657      0.000
 396  371      0.706      0.415      0.000
 398  373      0.716     -1.104      0.000
  -1  372      0.719      0.060      0.000
 399   -2      0.722      0.254      0.000
 401  374      0.730     -0.787      0.000
 400  375      0.730     -1.007      0.000
 402  376      0.735     -0.414      0.000
 397  377      0.736      0.775      0.000
 403  378      0.738      1.015      0.000
 406  380      0.752      0.700      0.000
 405   -2      0.752     -0.141      0.000
 407  379      0.752      0.262      0.000
 408  382      0.758     -1.059      0.000
  -1  381      0.760     -0.585      0.000
 409  383      0.763      1.005      0.000
 410   -2      0.764     -0.637      0.000
 411  384      0.767     -0.233      0.000
 413  385      0.772      0.391      0.000
 420   -2      0.778     -0.450      0.000
 414  387      0.780      0.918      0.000
 415  388      0.789     -0.980      0.000
 416  389      0.796      1.019      0.000
 418  390      0.812     -0.342      0.000
 419  391      0.817     -0.781      0.000
  -1  392      0.818     -0.599      0.000
 421  393      0.820     -0.016      0.000
 422  394      0.825     -1.103      0.000
 423  395      0.840     -1.044      0.000
 425  396      0.850     -0.850      0.000
 427  400      0.874      1.100      0.000
  -1  408      0.880     -0.041      0.000
  -1  397      0.881     -1.155      0.000
 424   -2      0.896      0.956      0.000
  -1  419      0.910     -1.142      0.000
 432  404      0.912     -0.949      0.000
 433  407      0.918      0.538      0.000
 434  410      0.922     -0.604      0.000
 435  411      0.927      0.321      0.000
 429   -2      0.927     -0.664      0.000
 436  412      0.929      0.276      0.000
 439  413      0.936      0.784      0.000
 440  415      0.942      0.958      0.000
  -1  417      0.945     -0.812      0.000
 442  416      0.945      1.070      0.000
 443  418      0.955      0.997      0.000
 444  420      0.961     -0.884      0.000
 445  421      0.968     -0.059      0.000
 446  422      0.981     -0.466      0.000
  -1   -2      0.983     -0.222      0.000
 447  424      0.990     -0.559      0.000
 451   -2      0.991     -0.278      0.000
 449  425      0.994      0.062      0.000
  -1  440      0.998     -0.673      0.000
  -1  427      1.011     -0.175      0.000
  -1  423      1.018     -0.311      0.000
 452  428      1.020      0.679      0.000
 453  429      1.030      0.625      0.000
 454  430      1.033      0.123      0.000
 455  431      1.035      0.578      0.000
 456  432      1.047      0.451      0.000
  -1  434      1.052      0.081      0.000
  -1  435      1.053     -0.348      0.000
 459  437      1.059      0.367      0.000
 460   -2      1.063     -0.251      0.000
  -1  438      1.064      0.420      0.000
 462   -2      1.072     -0.639      0.000
 463  439      1.073     -0.286      0.000
 461  441      1.082     -1.163      0.000
  -1   -2      1.092     -0.749      0.000
 465  443      1.094     -0.191      0.000
 466  444      1.097      0.190      0.000
 467  445      1.107     -1.052      0.000
  -1  460      1.113     -0.454      0.000
 480   -2      1.123     -0.286      0.000
 468  446      1.124      0.476      0.000
 469  449      1.135     -0.722      0.000
 464   -2      1.139      1.004      0.000
 470  452      1.140     -1.165      0.000
  -1  451      1.141      0.410      0.000
 473  453      1.144      0.932      0.000
 474  454      1.153     -0.077      0.000
  -1  455      1.160     -0.955      0.000
 476  456      1.168     -0.866      0.000
 477  457      1.170      0.805      0.000
 478  458      1.173      0.631      0.000
 484   -2      1.175      1.013      0.000
  -1   -2      1.190      0.316      0.000
  -1  461      1.196      0.687      0.000
 482  463      1.197     -0.051      0.000
 483  465      1.208     -0.641      0.000
 488   -2      1.219      0.218      0.000
 489  468      1.245      0.055      0.000
  -1  467      1.247      0.231      0.000
 485  473      1.269     -0.986      0.000
 491  470      1.274     -0.604      0.000
 493  471      1.282     -0.682      0.000
 494  485      1.283     -0.334      0.000
 495  472      1.288     -0.467      0.000
  -1   -2      1.290     -0.905      0.000
 496  474      1.301      1.027      0.000
 497  475      1.303     -1.096      0.000
 498   -2      1.310     -0.738      0.000
 499  476      1.318     -0.627      0.000
  -1  478      1.325     -0.134      0.000
 501  480      1.334      0.251      0.000
 500  481      1.334     -0.576      0.000
 502  482      1.351     -0.609      0.000
 505  483      1.357     -0.700      0.000
 507  486      1.370      0.271      0.000
 506  488      1.372     -1.085      0.000
 514  477      1.375     -1.160      0.000
  -1  497      1.397     -0.170      0.000
 510  491      1.403      0.403      0.000
  -1  492      1.410      0.094      0.000
 512  495      1.416     -1.099      0.000
 511  494      1.417      1.170      0.000
  -1  496      1.434      0.804      0.000
 513  500      1.450     -0.614      0.000
 515  499      1.451      0.465      0.000
 516  501      1.454     -0.472      0.000
  -1   -2      1.458      0.017      0.000
  -1  502      1.460     -0.542      0.000
 517  503      1.462     -0.359      0.000
  -1  504      1.472     -0.332      0.000
  -1   -2      1.481      0.064      0.000
 518  505      1.482      0.150      0.000
  -1  506      1.491     -1.087      0.000
 519  507      1.495     -0.924      0.000
  -1   -2      1.500     -0.063      0.000
  -1   -2      1.508     -0.289      0.000
 522  509      1.521      0.242      0.000
 524  511      1.533      0.592      0.000
 526  510      1.535     -1.174      0.000
 525  512      1.537      1.134      0.000
  -1  513      1.545     -0.635      0.000
  -1  514      1.555     -0.392      0.000
  -1   -2      1.556     -0.792      0.000
 527   -2      1.556     -0.317      0.000
 528   -2      1.557      0.940      0.000
 529  520      1.560     -1.103      0.000
 531  519      1.566     -0.127      0.000
  -1  517      1.569      1.007      0.000
 532  521      1.572      0.294      0.000
  -1  516      1.574     -0.351      0.000
 533  522      1.575     -1.004      0.000
