525
  -1    0     -1.576      0.338      0.000
   0   -2     -1.573     -1.172      0.000
   1    1     -1.571      0.507      0.000
   2    2     -1.568      0.645      0.000
   3    3     -1.561     -0.911      0.000
   4    4     -1.555      0.179      0.000
   5    5     -1.548     -0.392      0.000
   6    7     -1.545      0.795      0.000
  -1   -2     -1.541      1.103      0.000
  -1   15     -1.529     -0.592      0.000
   7    8     -1.528      0.416      0.000
   9   -2     -1.524      0.593      0.000
  12    6     -1.507      1.012      0.000
  13   11     -1.501      0.341      0.000
  -1   13     -1.492      0.640      0.000
  14   12     -1.492     -0.448      0.000
  15   14     -1.483      0.062      0.000
  17   -2     -1.474      0.838      0.000
  18   18     -1.461     -0.738      0.000
  20   20     -1.455      1.155      0.000
  19   21     -1.454     -0.486      0.000
  -1   19     -1.454     -1.170      0.000
  21   22     -1.454      0.758      0.000
  22   16     -1.447      0.888      0.000
  31   -2     -1.440      0.023      0.000
  25   -2     -1.437      0.654      0.000
  26   26     -1.435      0.192      0.000
  -1   -2     -1.427     -1.117      0.000
  27   27     -1.403     -1.107      0.000
  30   -2     -1.389      0.455      0.000
  32   31     -1.385      0.644      0.000
  28   30     -1.384     -1.126      0.000
  -1   28     -1.380     -0.638      0.000
  33   32     -1.378     -0.415      0.000
  36   -2     -1.353     -0.980      0.000
  -1   -2     -1.351      0.588      0.000
  37   37     -1.336      1.042      0.000
  -1   38     -1.334     -0.518      0.000
  38   39     -1.331     -0.158      0.000
  40   40     -1.325     -1.017      0.000
  41   43     -1.298     -0.617      0.000
  42   45     -1.291     -0.725      0.000
  43   46     -1.280     -0.939      0.000
  -1   47     -1.272     -1.113      0.000
  45   48     -1.271      0.452      0.000
  44   52     -1.261     -1.165      0.000
  -1   50     -1.254      0.707      0.000
  -1   -2     -1.250      0.482      0.000
  47   51     -1.250      0.918      0.000
  48   53     -1.248      0.805      0.000
  49   54     -1.242      1.095      0.000
  -1   55     -1.239     -0.406      0.000
  50   56     -1.237     -0.128      0.000
  51   57     -1.229     -0.731      0.000
  -1   -2     -1.225      1.140      0.000
  52   58     -1.224     -1.121      0.000
  53   60     -1.222     -1.092      0.000
  54   61     -1.220     -0.934      0.000
  -1   -2     -1.209     -0.482      0.000
  55   62     -1.209      0.437      0.000
  58   -2     -1.203      0.713      0.000
  59   65     -1.190     -0.423      0.000
  60   66     -1.188     -0.322      0.000
  61   69     -1.179      0.520      0.000
  62   68     -1.179      0.602      0.000
  -1   67     -1.176     -0.992      0.000
  64   72     -1.166      0.421      0.000
  57   -2     -1.161     -0.532      0.000
  -1   63     -1.161      0.737      0.000
  -1   73     -1.159      1.078      0.000
  67   74     -1.155      1.121      0.000
  68   75     -1.154     -0.920      0.000
  69   76     -1.147     -0.959      0.000
  70   78     -1.138     -0.243      0.000
  71   80     -1.135      0.364      0.000
  72   79     -1.135      0.621      0.000
  65   -2     -1.134     -1.128      0.000
  74   81     -1.122      0.861      0.000
  75   82     -1.109      1.113      0.000
  -1   -2     -1.109      0.457      0.000
  -1   83     -1.100     -1.177      0.000
  77   -2     -1.094     -1.093      0.000
  76   84     -1.091     -0.470      0.000
  78   85     -1.078      0.323      0.000
  -1   86     -1.064     -1.017      0.000
  79   87     -1.064     -0.791      0.000
  -1   -2     -1.059     -0.095      0.000
  -1   88     -1.051     -1.102      0.000
  81   89     -1.041      0.593      0.000
  82   90     -1.031      0.957      0.000
  92   -2     -1.018     -1.148      0.000
  83   92     -1.012     -0.927      0.000
  84   94     -1.003     -0.140      0.000
  85   93     -1.001      1.072      0.000
  87   95     -0.986     -0.019      0.000
  -1   98     -0.984      0.244      0.000
  88   96     -0.981     -0.221      0.000
  90   -2     -0.974      0.458      0.000
  91   97     -0.971      0.707      0.000
  -1   -2     -0.959      0.429      0.000
  95   99     -0.953      0.322      0.000
  97  100     -0.948     -0.453      0.000
  96  102     -0.947      0.397      0.000
  98  101     -0.946      0.922      0.000
 100  103     -0.931     -0.989      0.000
 102  104     -0.928      1.159      0.000
 101  106     -0.925     -0.055      0.000
  99  114     -0.922     -0.631      0.000
  -1  108     -0.917      0.744      0.000
 104  110     -0.916      0.039      0.000
 106  107     -0.915     -1.063      0.000
 107  112     -0.904      1.113      0.000
 108  113     -0.901     -0.767      0.000
 109   -2     -0.895     -0.716      0.000
 111  111     -0.888     -1.167      0.000
 110  116     -0.887      0.140      0.000
 112  117     -0.869     -0.144      0.000
 113  118     -0.866      0.813      0.000
 114  119     -0.861     -0.444      0.000
 124   -2     -0.842     -0.095      0.000
 116  121     -0.836      1.049      0.000
 117  122     -0.834      0.879      0.000
  -1   -2     -0.826      0.070      0.000
 119  124     -0.822      1.095      0.000
 120  125     -0.821     -0.758      0.000
 118   -2     -0.819      0.216      0.000
 121  126     -0.818      0.987      0.000
 122   -2     -0.814     -0.807      0.000
 123   -2     -0.790      0.998      0.000
  -1  123     -0.788     -1.175      0.000
 126  129     -0.784      0.776      0.000
 128  130     -0.773     -0.539      0.000
 129  131     -0.765      0.957      0.000
 130  132     -0.759     -0.286      0.000
 133  134     -0.755     -1.136      0.000
 131  133     -0.754     -0.934      0.000
 134  135     -0.743     -0.668      0.000
  -1  136     -0.741     -0.624      0.000
 136  138     -0.734      0.050      0.000
 137  137     -0.730     -0.964      0.000
  -1   -2     -0.727     -0.212      0.000
 138  139     -0.727     -0.255      0.000
 140  140     -0.714     -1.012      0.000
 139  141     -0.713      0.331      0.000
 144  142     -0.708      1.083      0.000
 141  143     -0.699      1.031      0.000
 125  172     -0.696     -1.172      0.000
 142   -2     -0.692      0.253      0.000
 143  145     -0.690     -0.478      0.000
 145  147     -0.683     -1.137      0.000
 146  148     -0.674     -0.208      0.000
 148  150     -0.666      0.842      0.000
 149  149     -0.666     -0.735      0.000
 147  152     -0.665      0.444      0.000
 150  154     -0.663      1.152      0.000
 152  153     -0.655     -0.268      0.000
 153  155     -0.646      0.081      0.000
 154  157     -0.642      0.174      0.000
 157  156     -0.639      1.102      0.000
 156  159     -0.636     -0.471      0.000
 155  158     -0.634      1.028      0.000
 159  161     -0.626      0.630      0.000
 160  162     -0.625     -0.733      0.000
 166  146     -0.625     -1.102      0.000
 162  163     -0.617     -0.974      0.000
 161  165     -0.617     -0.033      0.000
 163   -2     -0.616     -1.052      0.000
 164  166     -0.594     -0.105      0.000
 151   -2     -0.581     -1.175      0.000
 167  169     -0.580      0.989      0.000
 168  171     -0.568     -0.246      0.000
 170  170     -0.565     -0.938      0.000
 169  174     -0.556      0.409      0.000
 171  173     -0.551      1.157      0.000
  -1   -2     -0.542     -1.173      0.000
 172  175     -0.540     -0.615      0.000
  -1  164     -0.537     -1.084      0.000
 174  176     -0.528      0.892      0.000
 175  177     -0.527      1.109      0.000
 173  178     -0.524      0.292      0.000
 176  179     -0.510     -0.148      0.000
 177   -2     -0.506      0.460      0.000
 178   -2     -0.493     -0.702      0.000
  -1  180     -0.492     -0.445      0.000
 179  182     -0.486     -0.242      0.000
 180  181     -0.486      0.669      0.000
 181   -2     -0.482     -1.175      0.000
 183  183     -0.475     -0.208      0.000
 184  184     -0.468     -0.529      0.000
 185  186     -0.459     -0.756      0.000
 187  188     -0.454      0.643      0.000
 189  187     -0.452     -0.868      0.000
 190  190     -0.440     -0.584      0.000
 186   -2     -0.436     -1.166      0.000
 192  192     -0.421      1.111      0.000
 195  194     -0.409      0.266      0.000
  -1   -2     -0.406      0.803      0.000
 197  195     -0.399      0.769      0.000
 196  196     -0.399      0.464      0.000
 201  198     -0.391     -0.863      0.000
 198  201     -0.391     -0.486      0.000
 199  199     -0.390      0.877      0.000
 200  197     -0.390      0.948      0.000
 202  202     -0.375     -0.147      0.000
 203  203     -0.362      0.691      0.000
 214  191     -0.358     -0.396      0.000
 205  207     -0.355      0.359      0.000
  -1  206     -0.352     -1.081      0.000
 221  185     -0.350     -1.167      0.000
  -1  208     -0.341     -0.642      0.000
 207  209     -0.333      0.112      0.000
 208  210     -0.333      1.131      0.000
 209  211     -0.331     -0.323      0.000
 210  212     -0.324     -0.815      0.000
 211  213     -0.315      0.670      0.000
 212  214     -0.302     -0.863      0.000
 213  215     -0.296     -0.567      0.000
 215  216     -0.292      0.027      0.000
  -1   -2     -0.284      1.162      0.000
 222   -2     -0.275     -1.129      0.000
 217  220     -0.268     -0.741      0.000
 218  221     -0.267      0.599      0.000
 219  222     -0.263     -0.942      0.000
  -1  224     -0.261      0.848      0.000
  -1  223     -0.259     -1.169      0.000
  -1   -2     -0.247     -1.059      0.000
  -1  219     -0.236     -1.019      0.000
 223  226     -0.230     -0.201      0.000
 224  228     -0.227     -1.091      0.000
 226  231     -0.192      0.321      0.000
 227  232     -0.190     -0.524      0.000
 230  234     -0.188     -0.636      0.000
 228  235     -0.187     -1.056      0.000
  -1  233     -0.187      0.404      0.000
 231  236     -0.182     -0.049      0.000
 233  237     -0.176      1.117      0.000
 236  239     -0.165     -0.251      0.000
 234  240     -0.165      0.277      0.000
 235  238     -0.164      0.515      0.000
 237  241     -0.152     -0.545      0.000
 238  242     -0.144      0.195      0.000
  -1  248     -0.140     -0.197      0.000
 239   -2     -0.140     -1.122      0.000
 241  244     -0.139     -0.112      0.000
 240  245     -0.138     -0.864      0.000
 243  247     -0.119      1.123      0.000
 244   -2     -0.116     -0.243      0.000
 245  250     -0.114      0.293      0.000
 246  251     -0.108     -0.496      0.000
 249  252     -0.093      0.482      0.000
 250  253     -0.090      0.010      0.000
 252  254     -0.086      0.962      0.000
 253  255     -0.079     -0.926      0.000
 270  243     -0.073     -1.169      0.000
 255   -2     -0.072     -0.319      0.000
 254  258     -0.067      1.073      0.000
 256  269     -0.047     -0.086      0.000
  -1  263     -0.035      1.020      0.000
  -1  260     -0.033      0.264      0.000
  -1   -2     -0.019      0.894      0.000
 261  262     -0.017      0.052      0.000
 265   -2     -0.001     -0.161      0.000
 266  265      0.003      0.116      0.000
 268   -2      0.005      0.702      0.000
 275  259      0.005     -1.025      0.000
 269  266      0.007      0.802      0.000
 271  267      0.012      0.468      0.000
 272  268      0.017      0.278      0.000
  -1   -2      0.023     -0.021      0.000
  -1  271      0.045     -1.057      0.000
  -1   -2      0.047      1.178      0.000
 277  273      0.050      0.530      0.000
 278  274      0.058      0.735      0.000
 279  275      0.063     -0.898      0.000
 280  276      0.068     -0.743      0.000
 281  277      0.072      0.135      0.000
 282  279      0.082     -0.557      0.000
  -1  280      0.084      0.100      0.000
  -1   -2      0.087     -0.790      0.000
 286   -2      0.090     -1.166      0.000
  -1  282      0.104      1.013      0.000
  -1  281      0.106     -1.130      0.000
 287  284      0.114      0.329      0.000
 290   -2      0.139     -0.957      0.000
 291  288      0.139     -0.361      0.000
 292  289      0.142      0.689      0.000
 294  287      0.146     -1.011      0.000
 285  309      0.164     -0.053      0.000
 295  294      0.166      0.860      0.000
 315   -2      0.177      0.300      0.000
 305  291      0.184     -0.542      0.000
  -1  297      0.191     -1.018      0.000
 299  298      0.197     -1.172      0.000
 300   -2      0.199     -0.346      0.000
 302  301      0.215     -0.836      0.000
 303  302      0.219      1.063      0.000
  -1   -2      0.220      0.888      0.000
 304  304      0.221      0.038      0.000
  -1  303      0.222     -1.049      0.000
  -1   -2      0.224      0.790      0.000
 308  308      0.229     -0.713      0.000
  -1  307      0.230      0.452      0.000
  -1  299      0.234     -0.327      0.000
 298  310      0.239     -1.008      0.000
 310   -2      0.247     -0.102      0.000
 311   -2      0.272     -0.281      0.000
  -1  312      0.273     -0.249      0.000
 312  313      0.278      0.794      0.000
 313  314      0.290      0.997      0.000
  -1   -2      0.294      1.150      0.000
 314  315      0.298      0.927      0.000
  -1  316      0.301      0.206      0.000
  -1  318      0.304     -0.847      0.000
 331  292      0.306      0.589      0.000
 316   -2      0.325     -1.063      0.000
 317  319      0.334     -1.175      0.000
  -1   -2      0.336      0.474      0.000
 318   -2      0.346     -0.305      0.000
 320  320      0.352      0.057      0.000
 321  323      0.355     -0.687      0.000
  -1  324      0.358      1.131      0.000
 322  325      0.360      0.845      0.000
 323  326      0.361     -1.028      0.000
 325   -2      0.365     -1.109      0.000
  -1  328      0.369      0.285      0.000
 327  329      0.384      0.892      0.000
 326  331      0.386     -1.083      0.000
 328  330      0.388     -0.316      0.000
 330   -2      0.391     -0.914      0.000
 329  332      0.391     -0.669      0.000
 332  333      0.399     -1.114      0.000
 334  335      0.418     -0.974      0.000
 336  337      0.428     -0.324      0.000
 337  338      0.433     -0.753      0.000
 338   -2      0.434     -0.368      0.000
 339  339      0.442      0.246      0.000
  -1   -2      0.452      1.135      0.000
 341  341      0.454      0.143      0.000
 343  343      0.460      1.048      0.000
 344  342      0.462      0.734      0.000
  -1  349      0.463     -1.174      0.000
 346  345      0.472     -0.675      0.000
  -1  347      0.479     -0.981      0.000
 347  346      0.480     -0.500      0.000
 348  348      0.491      0.007      0.000
  -1   -2      0.491     -1.153      0.000
 349  350      0.501      0.581      0.000
 324  362      0.503      0.426      0.000
 350  352      0.504     -0.352      0.000
 353  353      0.515     -0.683      0.000
 354  354      0.529      0.613      0.000
 340   -2      0.536      1.146      0.000
 357  357      0.540     -0.526      0.000
 360  360      0.546     -0.790      0.000
  -1   -2      0.546      0.054      0.000
 366  351      0.547      0.263      0.000
 362  361      0.552     -0.020      0.000
 363   -2      0.555      0.758      0.000
 352  363      0.560     -0.821      0.000
  -1   -2      0.564      0.566      0.000
  -1   -2      0.565      0.896      0.000
 364  364      0.570     -0.856      0.000
 365  365      0.573      0.635      0.000
  -1  366      0.580      1.140      0.000
  -1   -2      0.591     -1.130      0.000
 368  367      0.592     -0.493      0.000
 369  369      0.599     -0.999      0.000
 370  370      0.610     -0.902      0.000
 367  368      0.614     -1.167      0.000
  -1  395      0.615     -0.177      0.000
 371  371      0.617     -1.057      0.000
 372  372      0.619      1.141      0.000
 373  373      0.624      0.892      0.000
 374  374      0.631      0.770      0.000
 375  375      0.634     -0.663      0.000
  -1   -2      0.634      0.395      0.000
 376   -2      0.643     -1.050      0.000
 377  376      0.650     -0.034      0.000
 378  377      0.653     -0.758      0.000
  -1  392      0.663     -0.220      0.000
 380  378      0.668     -0.609      0.000
 381  379      0.674      0.420      0.000
 382  381      0.676      0.688      0.000
 383  380      0.676      0.455      0.000
  -1  382      0.679      1.040      0.000
 385  384      0.698     -1.083      0.000
 386  385      0.711      0.809      0.000
 387  386      0.712     -0.418      0.000
  -1  387      0.718      0.275      0.000
 388  388      0.721     -0.801      0.000
 389  383      0.722     -0.935      0.000
 391   -2      0.723     -0.142      0.000
 394   -2      0.726      1.049      0.000
 392  389      0.726      0.733      0.000
 393  390      0.732     -1.027      0.000
 395  391      0.739      0.412      0.000
 379  413      0.743     -0.234      0.000
 397  393      0.744     -0.596      0.000
 398  394      0.751     -0.647      0.000
  -1   -2      0.753      1.045      0.000
 400  398      0.757     -0.457      0.000
 399  396      0.760     -1.072      0.000
  -1  397      0.764      0.956      0.000
 403  399      0.782      1.056      0.000
 405  400      0.787     -0.346      0.000
 404  401      0.787     -1.036      0.000
 407  403      0.790     -0.986      0.000
 419   -2      0.799      0.909      0.000
 408  405      0.804     -0.606      0.000
 402  410      0.810     -0.785      0.000
 413  406      0.831      0.216      0.000
 417  408      0.831     -1.112      0.000
 414   -2      0.843     -1.050      0.000
 449   -2      0.844      0.252      0.000
 416   -2      0.845     -0.854      0.000
 418   -2      0.863     -0.282      0.000
 421  412      0.865     -0.140      0.000
  -1   -2      0.867     -0.446      0.000
  -1  415      0.871     -0.777      0.000
 422  414      0.879      1.128      0.000
 424  417      0.881      0.558      0.000
 425  420      0.887      0.335      0.000
 426  421      0.888      0.290      0.000
 427   -2      0.899     -1.006      0.000
  -1  422      0.911     -0.945      0.000
  -1   -2      0.918      1.033      0.000
  -1  424      0.925      0.982      0.000
 435  425      0.930     -0.051      0.000
 411   -2      0.935     -1.081      0.000
 433  427      0.937      1.094      0.000
 434  428      0.938     -0.807      0.000
 431   -2      0.941      1.017      0.000
 438  430      0.960     -0.460      0.000
 439  431      0.961     -0.269      0.000
 440  432      0.973     -0.551      0.000
 441  433      0.978     -0.165      0.000
 442   -2      0.982     -0.716      0.000
 436  441      0.986      0.696      0.000
 437  450      0.991     -1.152      0.000
 445  436      0.994      0.640      0.000
  -1  438      0.995      0.080      0.000
 446   -2      0.996      0.133      0.000
 447  437      0.998      0.593      0.000
 451  440      1.016      0.378      0.000
 450  439      1.016      0.263      0.000
 452   -2      1.024     -0.856      0.000
 454  443      1.033     -0.242      0.000
 455  444      1.045     -0.271      0.000
 458  446      1.056      0.199      0.000
 457  442      1.056     -0.922      0.000
 459  449      1.060     -0.625      0.000
 460  448      1.061     -0.178      0.000
  -1  457      1.072      0.992      0.000
 462  451      1.082      0.486      0.000
 463  452      1.095     -0.271      0.000
 464  453      1.099      0.418      0.000
 466  455      1.111     -1.031      0.000
 467  456      1.115     -0.065      0.000
  -1   -2      1.119      1.015      0.000
 468  461      1.126      0.941      0.000
  -1  459      1.127     -0.702      0.000
 481  447      1.131      0.643      0.000
 473   -2      1.143      0.809      0.000
 474  469      1.145      0.315      0.000
 476   -2      1.158      0.694      0.000
 475  466      1.160     -0.934      0.000
 477  467      1.162      1.017      0.000
 479  468      1.165     -0.845      0.000
 478  465      1.169     -0.037      0.000
 470   -2      1.195     -0.617      0.000
 483  473      1.198      0.233      0.000
 485  474      1.206      0.067      0.000
 472  477      1.217     -1.073      0.000
 489  476      1.231     -1.003      0.000
  -1   -2      1.236      0.968      0.000
  -1  464      1.243      0.708      0.000
 487  479      1.246      0.885      0.000
 488  481      1.262     -0.576      0.000
  -1   -2      1.272     -1.137      0.000
 491  482      1.272     -0.440      0.000
  -1  483      1.274     -0.651      0.000
 492  484      1.288      1.019      0.000
 493  486      1.293      0.250      0.000
  -1  487      1.306     -1.067      0.000
 495  491      1.309     -1.175      0.000
 497  490      1.332      0.967      0.000
 498  489      1.334      0.275      0.000
 504  488      1.340     -0.575      0.000
 500  492      1.348     -0.664      0.000
  -1  500      1.349      0.581      0.000
  -1  485      1.371     -0.146      0.000
 503  493      1.372      0.403      0.000
 501  494      1.373     -1.046      0.000
 505  495      1.382     -1.107      0.000
  -1  496      1.390     -1.170      0.000
 507  497      1.409      1.151      0.000
 502  505      1.413     -0.182      0.000
 510  499      1.416      0.455      0.000
 508  501      1.416     -1.059      0.000
 511  502      1.440     -0.572      0.000
 512  503      1.441     -0.434      0.000
 513   -2      1.445     -0.326      0.000
 515  504      1.448     -0.502      0.000
 506  515      1.449     -1.170      0.000
 516  506      1.453      0.163      0.000
  -1  508      1.470     -1.139      0.000
 518   -2      1.474      0.258      0.000
 519  509      1.488      0.677      0.000
 521  510      1.492     -0.878      0.000
 520  512      1.493     -1.045      0.000
 522  511      1.497      0.238      0.000
 523  513      1.504      0.571      0.000
  -1   -2      1.509     -0.038      0.000
 524   -2      1.511     -1.140      0.000
 525  516      1.533      0.658      0.000
 526  517      1.537      0.910      0.000
 528  518      1.539     -0.350      0.000
 529  520      1.542     -0.284      0.000
 532  521      1.549      0.288      0.000
 531  522      1.550     -0.103      0.000
 533  523      1.553     -1.167      0.000
 534  525      1.561     -1.057      0.000
  -1  527      1.564      1.176      0.000
 530   -2      1.566      0.038      0.000
 536  529      1.574     -0.953      0.000
