534
   0    0     -1.572      0.921      0.000
   2    1     -1.569      0.403      0.000
   3    2     -1.553      0.051      0.000
   4    3     -1.549     -0.621      0.000
  -1    4     -1.544      0.748      0.000
   6    5     -1.539     -1.040      0.000
   7    7     -1.527     -0.559      0.000
  10    9     -1.517     -0.057      0.000
  11   10     -1.516      0.216      0.000
  -1   -2     -1.512     -0.850      0.000
  -1   -2     -1.511     -0.946      0.000
  12   -2     -1.502     -1.030      0.000
  13   12     -1.496      0.957      0.000
  14   -2     -1.493      1.132      0.000
  15   13     -1.491      0.869      0.000
  16   14     -1.489     -0.596      0.000
  18   15     -1.473      0.535      0.000
  19   16     -1.466      1.005      0.000
   1   26     -1.465     -1.173      0.000
   8   -2     -1.464     -1.130      0.000
  -1   17     -1.461     -0.860      0.000
  22   19     -1.459     -1.001      0.000
  -1   20     -1.454     -0.057      0.000
  -1   21     -1.428      0.910      0.000
  27   -2     -1.420     -0.209      0.000
  -1   22     -1.415     -0.754      0.000
  28   23     -1.405      0.861      0.000
  21   32     -1.400     -0.957      0.000
  30   24     -1.369      0.513      0.000
  32   28     -1.342     -0.167      0.000
  33   29     -1.334     -0.104      0.000
  34   30     -1.326      1.139      0.000
  35   31     -1.323     -0.710      0.000
  37   34     -1.319      0.490      0.000
  31   -2     -1.316     -1.095      0.000
  38   33     -1.315      0.787      0.000
  -1   39     -1.311     -1.170      0.000
  39   35     -1.307     -0.474      0.000
  40   36     -1.298     -0.822      0.000
  -1   -2     -1.297      0.250      0.000
  42   37     -1.290      0.886      0.000
  -1   57     -1.285     -0.951      0.000
  43   40     -1.282      0.577      0.000
  45   41     -1.280     -0.221      0.000
  46   42     -1.280      0.467      0.000
  47   43     -1.276     -0.380      0.000
  54   38     -1.274     -1.134      0.000
  48   45     -1.267      0.786      0.000
  50   44     -1.264      1.008      0.000
  -1   52     -1.263     -0.874      0.000
  51   46     -1.261     -0.490      0.000
  52   47     -1.258      0.400      0.000
  58   48     -1.251     -1.039      0.000
  55   50     -1.249     -0.237      0.000
  56   51     -1.242     -0.283      0.000
  -1   -2     -1.239     -0.820      0.000
  57   -2     -1.234     -0.714      0.000
  59   54     -1.222      0.677      0.000
  -1   53     -1.222      1.178      0.000
  49   60     -1.215     -0.554      0.000
  60   56     -1.209      0.349      0.000
  61   -2     -1.205     -0.602      0.000
  66   58     -1.193     -1.028      0.000
  65   -2     -1.188     -0.114      0.000
  62   -2     -1.173     -0.518      0.000
  68   61     -1.158      0.920      0.000
  -1   -2     -1.150      0.558      0.000
  69   62     -1.147      1.147      0.000
  70   63     -1.140      0.633      0.000
  72   64     -1.133     -1.003      0.000
  71   65     -1.133     -0.159      0.000
  73   -2     -1.129     -0.061      0.000
  74   67     -1.122     -0.020      0.000
  75   66     -1.121     -1.041      0.000
  -1   68     -1.118      0.353      0.000
  77   69     -1.108      0.275      0.000
  78   70     -1.104     -0.244      0.000
  76   -2     -1.093      0.334      0.000
  -1   82     -1.093     -1.169      0.000
  -1   71     -1.090      1.173      0.000
  80   72     -1.089      0.447      0.000
  81   73     -1.073     -0.852      0.000
  82   74     -1.067     -0.063      0.000
  83   75     -1.063      0.035      0.000
  84   76     -1.055      0.999      0.000
  79   77     -1.051      0.393      0.000
  85   78     -1.048      0.736      0.000
  -1   79     -1.045      0.797      0.000
  87   80     -1.040     -1.093      0.000
  86   81     -1.037      0.142      0.000
  -1   90     -1.017     -0.887      0.000
  89   -2     -1.015     -1.170      0.000
  90   -2     -1.014     -0.241      0.000
  91   83     -1.006     -0.152      0.000
  92   84     -0.999     -0.986      0.000
  93   85     -0.997      1.111      0.000
  94   87     -0.984     -0.101      0.000
  95   88     -0.979      0.061      0.000
  97   89     -0.974     -0.665      0.000
 121   -2     -0.966      0.216      0.000
  98   -2     -0.966     -0.849      0.000
  99   91     -0.954     -0.460      0.000
 100   92     -0.947     -0.979      0.000
  -1   93     -0.946      0.849      0.000
 103   95     -0.933     -0.745      0.000
 102   96     -0.928      0.824      0.000
 104   98     -0.924     -0.800      0.000
 105   99     -0.913     -1.109      0.000
 108  100     -0.902     -1.033      0.000
  -1   86     -0.902      0.712      0.000
 109  101     -0.898      1.130      0.000
 107  105     -0.888     -1.169      0.000
 110  103     -0.883      0.048      0.000
 112  104     -0.883     -0.288      0.000
 113  102     -0.883      0.884      0.000
 118  116     -0.861      0.745      0.000
 116  106     -0.855     -0.253      0.000
 117  107     -0.855      0.320      0.000
 120  117     -0.854     -0.776      0.000
 111  124     -0.852     -0.549      0.000
  -1  109     -0.845      1.055      0.000
 123  110     -0.845      0.989      0.000
 127  113     -0.822      1.096      0.000
 129  112     -0.820     -0.991      0.000
 128  114     -0.817     -0.398      0.000
 130  115     -0.816     -0.543      0.000
 131   -2     -0.810      0.838      0.000
  -1  118     -0.806     -0.627      0.000
 132  119     -0.805     -0.202      0.000
 133  121     -0.804      0.431      0.000
 135  120     -0.798      0.949      0.000
 136  122     -0.796     -0.673      0.000
 134  123     -0.795      0.080      0.000
 137  125     -0.792      0.173      0.000
  -1   -2     -0.789     -0.506      0.000
  -1   -2     -0.785     -1.024      0.000
 125  130     -0.783     -1.167      0.000
 138  127     -0.783     -0.469      0.000
 139   -2     -0.780      0.485      0.000
  -1  131     -0.762     -0.959      0.000
 141  128     -0.760     -0.029      0.000
 151  126     -0.753     -1.155      0.000
 143   -2     -0.738     -0.956      0.000
 144  135     -0.733     -0.096      0.000
 145  132     -0.733      0.594      0.000
 147  133     -0.733     -0.454      0.000
 146  136     -0.729      0.815      0.000
 122  155     -0.721      1.005      0.000
  -1   -2     -0.714      0.003      0.000
 152  139     -0.713     -0.723      0.000
 156  142     -0.694     -0.230      0.000
 160  138     -0.694     -1.094      0.000
 158  143     -0.687      0.383      0.000
 159  144     -0.674     -0.714      0.000
 162  145     -0.666     -1.173      0.000
  -1  146     -0.662     -0.825      0.000
  -1   -2     -0.662      0.988      0.000
 161  148     -0.660      0.272      0.000
 163  147     -0.657      1.023      0.000
 153   -2     -0.648      1.065      0.000
  -1  151     -0.643     -0.134      0.000
 174  150     -0.642      1.166      0.000
  -1  152     -0.639      0.145      0.000
  -1   -2     -0.638     -0.274      0.000
 167  153     -0.627      0.422      0.000
 168  154     -0.622     -0.956      0.000
 169   -2     -0.613      0.938      0.000
 170  156     -0.610     -0.581      0.000
 190   -2     -0.603     -0.197      0.000
 173  157     -0.602     -1.031      0.000
  -1  159     -0.598      1.147      0.000
 175  160     -0.586     -0.417      0.000
 180  161     -0.585     -0.922      0.000
  -1   -2     -0.583      0.832      0.000
 178  163     -0.578      0.616      0.000
 181  165     -0.555     -0.485      0.000
 182  166     -0.549      0.586      0.000
  -1   -2     -0.548      1.097      0.000
  -1   -2     -0.542      0.539      0.000
 184  167     -0.538      1.041      0.000
 183  169     -0.533      0.241      0.000
 187  170     -0.516     -0.532      0.000
 188  171     -0.509      0.419      0.000
 189  172     -0.507     -0.704      0.000
 191  173     -0.486     -1.166      0.000
  -1  175     -0.482     -0.592      0.000
 192  174     -0.481     -0.808      0.000
 193  176     -0.478     -0.434      0.000
 194  177     -0.473      0.692      0.000
 196  178     -0.469      0.320      0.000
 186  182     -0.459      0.875      0.000
 216  162     -0.446      0.791      0.000
 198  181     -0.444      0.616      0.000
  -1   -2     -0.436     -0.902      0.000
 199   -2     -0.434      0.857      0.000
 201  184     -0.433      1.018      0.000
 200  185     -0.431     -0.278      0.000
  -1  187     -0.426      0.246      0.000
 202  186     -0.423     -0.789      0.000
 204  189     -0.402     -0.570      0.000
 205   -2     -0.392      0.594      0.000
 206  194     -0.387      0.559      0.000
 208  190     -0.366     -0.491      0.000
 209  193     -0.365      0.074      0.000
 210  192     -0.362     -0.728      0.000
 211   -2     -0.347      0.521      0.000
 212  195     -0.342      1.016      0.000
 214  197     -0.333     -0.769      0.000
 213   -2     -0.332     -0.170      0.000
  -1  198     -0.314     -0.649      0.000
 229  196     -0.300     -0.104      0.000
 217  203     -0.285     -1.170      0.000
  -1   -2     -0.282     -0.580      0.000
 218  199     -0.281     -0.838      0.000
 219  200     -0.280      0.279      0.000
  -1   -2     -0.273      0.346      0.000
 220  202     -0.271     -0.034      0.000
 221  204     -0.262      1.163      0.000
 222  205     -0.254     -0.442      0.000
 223  207     -0.249      0.240      0.000
  -1  206     -0.244     -0.902      0.000
 237  208     -0.238     -0.541      0.000
 225  210     -0.238      0.437      0.000
 228  211     -0.229     -1.092      0.000
  -1   -2     -0.228     -1.156      0.000
 227  212     -0.227      0.172      0.000
 231  214     -0.212     -0.457      0.000
  -1  213     -0.206     -1.128      0.000
  -1  215     -0.190     -1.071      0.000
 236  220     -0.190     -0.928      0.000
 232  218     -0.190     -0.191      0.000
 233  219     -0.188      0.251      0.000
 234  216     -0.185      0.971      0.000
  -1   -2     -0.169     -0.556      0.000
 235  223     -0.165     -0.406      0.000
 239  224     -0.164      0.020      0.000
 241  225     -0.163     -0.739      0.000
 242  226     -0.153      0.406      0.000
  -1  227     -0.140     -1.120      0.000
 245  229     -0.124      0.968      0.000
  -1  222     -0.124     -0.563      0.000
 247  231     -0.106      0.817      0.000
  -1  233     -0.105     -0.061      0.000
 244  234     -0.101     -0.285      0.000
 249   -2     -0.096     -0.789      0.000
 250   -2     -0.092      0.223      0.000
 251  236     -0.079     -1.044      0.000
 252  238     -0.078      0.387      0.000
 253  237     -0.077      0.914      0.000
 255  230     -0.072     -1.170      0.000
 274   -2     -0.071      0.055      0.000
 268   -2     -0.066     -0.202      0.000
  -1  240     -0.062      0.258      0.000
  -1   -2     -0.058     -0.999      0.000
 259  241     -0.047      0.864      0.000
 261  242     -0.027      0.390      0.000
 260  243     -0.027      0.236      0.000
 262  247     -0.025      0.846      0.000
 264  244     -0.024     -0.007      0.000
 257  251     -0.022      0.585      0.000
  -1   -2     -0.021      0.890      0.000
 265  249     -0.019      0.780      0.000
 266   -2     -0.016      0.670      0.000
  -1   -2      0.010     -1.024      0.000
 267  269      0.022     -1.116      0.000
 270  253      0.023      0.438      0.000
 272  255      0.040      1.042      0.000
 271  254      0.040     -1.153      0.000
 273  256      0.043      0.609      0.000
  -1  257      0.044      0.106      0.000
  -1   -2      0.047     -0.700      0.000
 275  258      0.052     -0.610      0.000
 276  259      0.052      0.534      0.000
 277  261      0.052     -0.750      0.000
  -1   -2      0.052     -1.054      0.000
 280  262      0.057     -0.446      0.000
 246  292      0.059     -0.004      0.000
 279  260      0.060     -0.978      0.000
  -1  245      0.061      0.929      0.000
 311  235      0.069      0.307      0.000
  -1  265      0.074     -1.097      0.000
 286  266      0.089     -0.651      0.000
 284   -2      0.091     -1.166      0.000
 285  267      0.091      0.279      0.000
  -1  268      0.094      0.793      0.000
  -1  270      0.097     -0.158      0.000
 269   -2      0.104     -0.978      0.000
  -1  273      0.117     -0.281      0.000
  -1   -2      0.118      0.147      0.000
 289  274      0.130      1.067      0.000
 290  277      0.136     -1.059      0.000
  -1  278      0.136     -0.946      0.000
  -1   -2      0.137     -0.417      0.000
 294  280      0.141      0.568      0.000
  -1   -2      0.146      0.451      0.000
 295  281      0.151     -0.907      0.000
 297  283      0.173      0.714      0.000
 296  282      0.174      0.252      0.000
 298  284      0.178     -0.435      0.000
 299  285      0.185     -0.866      0.000
 301  286      0.191     -0.265      0.000
 302  288      0.201     -1.084      0.000
 303  289      0.211     -0.696      0.000
  -1  290      0.221     -1.000      0.000
  -1   -2      0.226      0.044      0.000
 308  293      0.228     -0.344      0.000
 309  294      0.230     -0.586      0.000
 300   -2      0.230     -1.103      0.000
 314  291      0.232      0.898      0.000
 310  296      0.237      0.658      0.000
  -1  297      0.241      0.376      0.000
  -1   -2      0.247     -0.864      0.000
 313  300      0.255     -0.069      0.000
 315  301      0.265     -0.609      0.000
 316  303      0.271     -1.058      0.000
 317  302      0.271     -0.410      0.000
 318  305      0.281     -1.135      0.000
 319  304      0.282     -0.216      0.000
 320  306      0.300      0.107      0.000
 327  298      0.301     -1.173      0.000
 326  307      0.303      0.661      0.000
 322  308      0.309     -0.716      0.000
 323  309      0.310      0.843      0.000
  -1  310      0.315      0.988      0.000
 324  312      0.321      0.778      0.000
 325  314      0.326      0.177      0.000
  -1   -2      0.336      0.489      0.000
  -1   -2      0.337      0.127      0.000
 328  317      0.342     -1.046      0.000
 329  318      0.350      1.145      0.000
 331  321      0.360     -0.899      0.000
 332  322      0.363     -0.196      0.000
  -1  316      0.372      0.393      0.000
 334  325      0.374     -0.107      0.000
 336  320      0.375     -0.964      0.000
 335  326      0.376      0.973      0.000
 307   -2      0.386      0.053      0.000
  -1   -2      0.388     -1.177      0.000
  -1  319      0.391      0.618      0.000
 338  330      0.394      0.710      0.000
 339   -2      0.406     -0.717      0.000
 340  331      0.410     -0.566      0.000
  -1  332      0.417      0.751      0.000
 342  329      0.419      0.137      0.000
 341  333      0.419     -0.257      0.000
 343  335      0.432     -1.116      0.000
 344  336      0.442      0.808      0.000
 345  337      0.450     -0.650      0.000
 346  338      0.458     -1.173      0.000
 347  339      0.464     -0.268      0.000
 348  340      0.472     -0.309      0.000
  -1   -2      0.473      0.267      0.000
  -1  342      0.490      0.650      0.000
 353  345      0.492      0.903      0.000
  -1  346      0.495     -0.585      0.000
 354  347      0.499      0.207      0.000
 381  327      0.507     -1.157      0.000
 357  350      0.513      0.121      0.000
 349   -2      0.514      0.016      0.000
 359   -2      0.514      0.618      0.000
 352  352      0.516     -0.429      0.000
 360  353      0.522      1.145      0.000
 362   -2      0.532     -1.069      0.000
 363  354      0.541     -0.601      0.000
 365  355      0.552      0.006      0.000
 366  356      0.553     -0.300      0.000
 367  357      0.556      1.005      0.000
 368  348      0.560     -1.095      0.000
 373  358      0.576     -0.737      0.000
 372  359      0.578     -0.464      0.000
 374  361      0.590      1.141      0.000
 375  362      0.597      0.517      0.000
 376  363      0.603      0.430      0.000
 371   -2      0.606      0.387      0.000
  -1  368      0.616      0.645      0.000
  -1   -2      0.618      0.771      0.000
  -1   -2      0.618     -1.032      0.000
 380  369      0.619     -0.983      0.000
 351  393      0.623     -0.830      0.000
 382  370      0.626     -0.020      0.000
  -1  367      0.629     -1.164      0.000
 385   -2      0.635      1.074      0.000
  -1   -2      0.635      0.474      0.000
 384  372      0.639     -0.442      0.000
 386  374      0.648      0.540      0.000
 388  366      0.657      0.219      0.000
 389  376      0.670     -0.609      0.000
 390  377      0.678     -0.704      0.000
 391  378      0.680      0.775      0.000
 392   -2      0.681     -0.339      0.000
 394  379      0.689     -0.909      0.000
  -1   -2      0.691      0.611      0.000
  -1  381      0.701      0.663      0.000
 398  383      0.716      0.922      0.000
  -1  388      0.724     -1.076      0.000
 399  384      0.727     -0.986      0.000
 400  385      0.736     -0.038      0.000
  -1  386      0.740     -0.204      0.000
 387  406      0.746     -0.763      0.000
 402   -2      0.755     -1.036      0.000
 403  389      0.757      0.597      0.000
 410  391      0.766      0.943      0.000
 405  392      0.772      0.358      0.000
 407  394      0.774      0.386      0.000
  -1   -2      0.776     -0.807      0.000
 408  395      0.776     -0.400      0.000
  -1  418      0.785      0.102      0.000
 409  398      0.786      0.710      0.000
  -1  399      0.795     -0.618      0.000
  -1  400      0.802     -0.977      0.000
 412   -2      0.805      0.524      0.000
 413  401      0.808      0.642      0.000
 414  402      0.811     -0.142      0.000
 415  403      0.816      0.856      0.000
 416  404      0.819      0.955      0.000
 417  405      0.822     -1.092      0.000
 418  408      0.824     -0.229      0.000
 420  407      0.836     -1.035      0.000
 421   -2      0.837     -0.765      0.000
  -1   -2      0.838     -0.398      0.000
 423  409      0.843      0.353      0.000
 424  410      0.847     -0.590      0.000
 426  412      0.860     -0.844      0.000
 428  411      0.861     -0.338      0.000
 427   -2      0.862     -1.123      0.000
 425  413      0.879     -1.164      0.000
 431  415      0.891     -0.027      0.000
 432  416      0.896     -0.776      0.000
  -1   -2      0.897     -1.088      0.000
 434  417      0.908      1.145      0.000
 440  427      0.930     -0.881      0.000
  -1  420      0.944      0.663      0.000
 436   -2      0.946      0.742      0.000
 437   -2      0.948      0.175      0.000
 430   -2      0.951     -0.610      0.000
 442  425      0.965      1.025      0.000
 443  426      0.967     -0.213      0.000
 444   -2      0.967     -0.897      0.000
 445  424      0.969      0.213      0.000
 446  429      0.975      0.914      0.000
  -1   -2      0.977      0.960      0.000
 447   -2      0.984     -1.125      0.000
 441  440      0.986     -0.104      0.000
  -1  430      0.988      0.744      0.000
 448  431      0.991      0.505      0.000
  -1  421      0.998      0.142      0.000
 449  432      1.008      0.294      0.000
 450  433      1.010      0.251      0.000
 451  434      1.021     -0.479      0.000
 452  435      1.022     -0.575      0.000
 453  436      1.040     -0.078      0.000
 454  437      1.047     -0.294      0.000
  -1   -2      1.069     -0.331      0.000
  -1  439      1.073      0.038      0.000
 456   -2      1.076      1.150      0.000
 455  441      1.078     -1.173      0.000
 457   -2      1.078     -0.192      0.000
 465  443      1.086      0.649      0.000
 460  442      1.096     -0.670      0.000
 461  444      1.100     -1.086      0.000
 478   -2      1.100     -0.373      0.000
 459   -2      1.102      0.603      0.000
 462   -2      1.103      1.033      0.000
 463  448      1.110     -0.479      0.000
 464  445      1.110      0.554      0.000
  -1  446      1.114      0.103      0.000
 466   -2      1.116     -0.277      0.000
 472   -2      1.123      0.057      0.000
 468   -2      1.127      0.432      0.000
 469  449      1.130     -0.311      0.000
 471  451      1.141      0.349      0.000
 473  452      1.151     -0.762      0.000
 474  453      1.154     -0.217      0.000
 475  454      1.161     -0.999      0.000
 476   -2      1.163      0.993      0.000
 477  457      1.171     -0.913      0.000
  -1  458      1.178     -0.417      0.000
  -1  456      1.179      0.923      0.000
 479  460      1.180      0.174      0.000
 480  461      1.194      0.323      0.000
  -1   -2      1.199      0.710      0.000
 481  463      1.202      1.005      0.000
 483  462      1.204      0.465      0.000
 488  467      1.218     -0.692      0.000
 484  465      1.220     -0.105      0.000
 485  468      1.221      0.802      0.000
 486   -2      1.221      0.399      0.000
 482  469      1.224     -1.081      0.000
  -1   -2      1.239      1.039      0.000
  -1   -2      1.241      0.632      0.000
 490  470      1.257      0.691      0.000
 495  466      1.263      0.314      0.000
 491  471      1.266     -0.080      0.000
  -1   -2      1.268      0.245      0.000
 493  472      1.286      0.984      0.000
 494  473      1.293     -0.666      0.000
  -1  476      1.300     -0.745      0.000
  -1  478      1.302      0.183      0.000
  -1   -2      1.308      0.213      0.000
 496  480      1.312      0.897      0.000
 497  479      1.313      0.035      0.000
  -1  482      1.317     -0.331      0.000
 498  475      1.318     -1.007      0.000
 499  481      1.320     -0.524      0.000
 500  483      1.325      1.048      0.000
 503  484      1.335     -0.694      0.000
 511   -2      1.350     -0.054      0.000
 504  485      1.362     -1.164      0.000
 505  488      1.369     -0.774      0.000
  -1  487      1.370     -0.681      0.000
 506  489      1.379      1.009      0.000
 507   -2      1.404      0.248      0.000
 508  490      1.404      0.709      0.000
  -1  491      1.406     -0.282      0.000
 512   -2      1.429      0.601      0.000
 510  495      1.437      0.272      0.000
 515   -2      1.466     -0.694      0.000
  -1  499      1.473      0.493      0.000
 517  500      1.477     -0.549      0.000
 518  501      1.478     -0.623      0.000
 520  502      1.490     -0.428      0.000
 521   -2      1.496      1.173      0.000
  -1   -2      1.500     -0.398      0.000
  -1   -2      1.505     -0.977      0.000
  -1  503      1.507     -0.598      0.000
 522  504      1.508     -1.015      0.000
  -1  498      1.527     -0.701      0.000
  -1  506      1.528      0.042      0.000
 524  507      1.533      0.149      0.000
 526  508      1.537     -1.173      0.000
 528  509      1.561     -0.802      0.000
 519   -2      1.563      0.740      0.000
 530  510      1.568      0.250      0.000
 529  511      1.571     -0.465      0.000
