522
   0    0     -1.570      0.250      0.000
   1    1     -1.569     -0.861      0.000
   3    3     -1.557      0.319      0.000
   5    4     -1.548      0.605      0.000
   6    6     -1.545      0.474      0.000
   7    5     -1.544      1.056      0.000
   4    7     -1.535      0.746      0.000
   8    9     -1.529      0.171      0.000
  10    8     -1.528     -0.354      0.000
  13   10     -1.519     -1.162      0.000
  12   -2     -1.516     -0.199      0.000
  -1   15     -1.510     -0.461      0.000
  -1   -2     -1.501      0.558      0.000
  14   -2     -1.496      0.964      0.000
  15   12     -1.494      0.387      0.000
  -1   11     -1.493     -0.284      0.000
  -1   -2     -1.483      0.150      0.000
  16   13     -1.483     -0.981      0.000
  17   -2     -1.475     -0.411      0.000
  18   16     -1.469      0.322      0.000
  19   17     -1.461      1.111      0.000
  20   18     -1.460     -0.693      0.000
  21   20     -1.456      0.067      0.000
  -1   22     -1.440     -0.259      0.000
  23   24     -1.437     -0.449      0.000
  24   -2     -1.436      0.846      0.000
  -1   19     -1.433      0.917      0.000
  25   25     -1.433      0.719      0.000
  26   -2     -1.424     -1.069      0.000
  -1   -2     -1.421     -1.115      0.000
  -1   26     -1.420      0.681      0.000
  -1   23     -1.420      0.024      0.000
  30   28     -1.410     -1.173      0.000
  28   27     -1.408     -0.017      0.000
  29   29     -1.398      0.185      0.000
  -1   -2     -1.390      0.356      0.000
  -1   43     -1.390     -0.604      0.000
  -1   -2     -1.376      0.769      0.000
  34   30     -1.359     -0.939      0.000
  33   31     -1.354      0.612      0.000
  35   32     -1.354     -0.387      0.000
  39   -2     -1.352     -0.032      0.000
  -1   33     -1.351      0.434      0.000
  37   34     -1.337     -0.977      0.000
  38   36     -1.332      1.004      0.000
  40   37     -1.318      0.561      0.000
  36   -2     -1.307     -1.119      0.000
  42   41     -1.294     -0.146      0.000
  43   40     -1.294     -0.893      0.000
  -1   49     -1.284      1.108      0.000
  45   -2     -1.282     -0.583      0.000
  46   44     -1.282     -0.690      0.000
  48   46     -1.273     -0.919      0.000
  49   47     -1.266     -0.116      0.000
  50   48     -1.260     -0.651      0.000
  -1   -2     -1.246      0.035      0.000
  -1   -2     -1.244      1.064      0.000
  52   51     -1.238      0.889      0.000
  53   50     -1.237     -1.056      0.000
  63   42     -1.236     -1.171      0.000
  56   54     -1.227      0.433      0.000
  58   53     -1.224     -0.901      0.000
  59   56     -1.220     -0.701      0.000
  61   58     -1.204     -0.385      0.000
  62   59     -1.193     -0.118      0.000
  -1   67     -1.180     -0.461      0.000
  65   64     -1.165      0.423      0.000
  66   63     -1.162      1.056      0.000
  68   -2     -1.160      1.094      0.000
  67   -2     -1.158     -0.404      0.000
  69   65     -1.157     -0.891      0.000
  71   66     -1.156     -0.929      0.000
  70   68     -1.152     -0.306      0.000
  72   69     -1.137      0.505      0.000
  73   -2     -1.132     -0.512      0.000
  75   71     -1.126     -0.173      0.000
  74   72     -1.125      0.200      0.000
  76   73     -1.119      0.409      0.000
  77   75     -1.111      1.091      0.000
  78   76     -1.111     -1.068      0.000
  79   77     -1.102      0.839      0.000
  80   78     -1.098      0.606      0.000
  82   79     -1.094     -0.232      0.000
  81   -2     -1.093     -0.193      0.000
  83   80     -1.084      0.354      0.000
  -1   74     -1.078     -1.165      0.000
  84   -2     -1.077     -0.995      0.000
  86   82     -1.061     -1.115      0.000
  88   84     -1.060     -0.454      0.000
  -1   85     -1.056     -0.768      0.000
  89   87     -1.022      0.316      0.000
  90   86     -1.021      0.940      0.000
  92   88     -1.013     -0.904      0.000
  -1   -2     -1.013     -0.816      0.000
  -1   -2     -1.010      0.799      0.000
  98   91     -1.001      1.058      0.000
  97   -2     -0.999      0.584      0.000
  96   95     -0.992     -1.106      0.000
  -1   -2     -0.966     -1.038      0.000
 101   97     -0.951     -0.136      0.000
  91   99     -0.949     -0.910      0.000
  -1   -2     -0.939      0.700      0.000
 104   -2     -0.936     -0.974      0.000
 103  100     -0.934     -0.215      0.000
 100  115     -0.933     -0.046      0.000
  -1  101     -0.930     -1.043      0.000
 106   -2     -0.926      0.917      0.000
 105  102     -0.926     -0.010      0.000
  -1  111     -0.912      0.326      0.000
 110  104     -0.911     -0.447      0.000
 109   -2     -0.908      0.431      0.000
  -1  106     -0.906      1.103      0.000
  -1  107     -0.901      0.265      0.000
 112  108     -0.901     -0.623      0.000
 108  105     -0.894      0.397      0.000
  -1  109     -0.890     -1.164      0.000
 135   92     -0.890      0.616      0.000
 115  112     -0.888     -0.758      0.000
 116  113     -0.885      0.739      0.000
 117  114     -0.878     -0.706      0.000
 118   -2     -0.870     -0.053      0.000
 119  116     -0.858      0.039      0.000
 120  117     -0.854      0.379      0.000
 121  118     -0.840      0.813      0.000
 111   -2     -0.830      1.047      0.000
 123  120     -0.828      0.140      0.000
 125  121     -0.825     -0.441      0.000
 126  122     -0.822      1.094      0.000
 127  124     -0.814     -0.144      0.000
 128  123     -0.814      0.880      0.000
 129  125     -0.808      0.987      0.000
 130  126     -0.805     -0.754      0.000
 133  130     -0.787     -0.096      0.000
  -1   -2     -0.785      0.388      0.000
 137  132     -0.762     -0.947      0.000
 136  134     -0.751      0.964      0.000
 139  136     -0.742     -0.541      0.000
 140  137     -0.731     -0.963      0.000
  -1  140     -0.721     -0.676      0.000
  -1  139     -0.717     -1.009      0.000
  -1   -2     -0.717     -0.629      0.000
 142  143     -0.714     -0.290      0.000
 122  175     -0.707     -1.168      0.000
  -1  144     -0.706     -0.548      0.000
 138  157     -0.693     -1.095      0.000
 143  145     -0.692      1.041      0.000
  -1  146     -0.677     -0.264      0.000
 149  147     -0.676      0.049      0.000
 150   -2     -0.672     -0.411      0.000
 152  149     -0.655     -0.485      0.000
 153  148     -0.654     -0.890      0.000
 154  151     -0.649     -0.744      0.000
 155  154     -0.643      0.856      0.000
 157  153     -0.640      1.116      0.000
 158  155     -0.638      1.076      0.000
  -1   -2     -0.629     -1.105      0.000
 160  161     -0.623     -0.215      0.000
 163  159     -0.622     -1.059      0.000
 161  162     -0.621     -0.020      0.000
 162  164     -0.621      0.454      0.000
 167  163     -0.619     -0.983      0.000
 165  165     -0.609     -0.745      0.000
 166  166     -0.602     -0.481      0.000
 168  168     -0.592      0.082      0.000
 169  167     -0.592      0.639      0.000
 170  171     -0.585      0.181      0.000
 172  172     -0.568      1.010      0.000
 173  174     -0.563     -0.037      0.000
  -1  173     -0.561     -0.947      0.000
  -1   -2     -0.553     -1.167      0.000
 175  176     -0.543     -1.089      0.000
 174  177     -0.543     -0.111      0.000
 177  178     -0.527      1.132      0.000
 176  179     -0.523     -0.257      0.000
 179  180     -0.514     -0.633      0.000
 180  183     -0.509      0.422      0.000
 182  185     -0.476      0.301      0.000
 183  186     -0.469     -0.161      0.000
  -1   -2     -0.466     -0.319      0.000
 178  195     -0.463     -1.164      0.000
 185  188     -0.457     -0.466      0.000
 186  189     -0.455      0.695      0.000
  -1   -2     -0.446     -0.294      0.000
 189  190     -0.444     -0.894      0.000
 188  191     -0.444     -0.783      0.000
 187  194     -0.442     -0.254      0.000
 190  193     -0.439     -0.552      0.000
 192  196     -0.433     -0.220      0.000
  -1  201     -0.424     -0.997      0.000
 195  197     -0.422      1.145      0.000
 193  198     -0.422      0.669      0.000
 191  210     -0.409     -1.121      0.000
 197  199     -0.407     -0.609      0.000
 200   -2     -0.384      0.837      0.000
 201  202     -0.383     -0.893      0.000
 202  203     -0.380      0.987      0.000
 203  204     -0.377      0.802      0.000
 204  205     -0.373      0.913      0.000
 205  206     -0.370      0.282      0.000
 206  207     -0.366     -0.514      0.000
  -1   -2     -0.363      0.486      0.000
 209   -2     -0.349      0.258      0.000
 210  212     -0.338      0.726      0.000
 211  214     -0.334     -0.164      0.000
 212  213     -0.331      1.173      0.000
 225   -2     -0.320     -0.761      0.000
 214  216     -0.317      0.376      0.000
 215  215     -0.314     -0.852      0.000
 217  217     -0.297     -0.346      0.000
 218  218     -0.295     -0.901      0.000
  -1  219     -0.293      0.703      0.000
 219  220     -0.292      0.115      0.000
 220   -2     -0.289     -1.165      0.000
 221  221     -0.281      0.674      0.000
  -1  211     -0.277      0.294      0.000
 222  222     -0.272     -0.600      0.000
  -1   -2     -0.271     -0.486      0.000
 224  223     -0.259     -0.983      0.000
 226  227     -0.247      0.018      0.000
 229  224     -0.245     -1.097      0.000
 228  228     -0.242      0.635      0.000
  -1   -2     -0.224     -0.100      0.000
 230   -2     -0.218     -0.149      0.000
 253   -2     -0.215     -0.494      0.000
  -1   -2     -0.213     -0.711      0.000
 231  232     -0.212     -0.214      0.000
  -1  233     -0.210     -0.247      0.000
 234  237     -0.179     -0.150      0.000
 236  236     -0.178     -1.094      0.000
  -1   -2     -0.178      1.170      0.000
 238   -2     -0.170     -0.678      0.000
  -1  241     -0.161     -0.568      0.000
 239  240     -0.160      0.428      0.000
 241  242     -0.151     -0.059      0.000
 240  238     -0.143     -0.605      0.000
 244  244     -0.143      0.547      0.000
 245  245     -0.138     -0.268      0.000
  -1  246     -0.137      0.293      0.000
 247  247     -0.132     -0.915      0.000
  -1  249     -0.123      1.093      0.000
 249  235     -0.122      1.176      0.000
 250  250     -0.116      0.205      0.000
 251  251     -0.112     -0.127      0.000
 242  261     -0.095     -1.027      0.000
  -1  252     -0.093     -0.534      0.000
  -1  254     -0.091     -0.271      0.000
 255  255     -0.090      0.310      0.000
 252  267     -0.085     -0.160      0.000
 257  256     -0.083      1.020      0.000
 259  257     -0.076     -0.978      0.000
 260  258     -0.074      0.515      0.000
 262  259     -0.069      1.132      0.000
 261  260     -0.069      0.006      0.000
  -1   -2     -0.049     -0.350      0.000
 265  264     -0.035      1.082      0.000
  -1  265     -0.031     -0.763      0.000
  -1   -2     -0.030     -0.395      0.000
 268   -2     -0.021     -0.103      0.000
 267  268     -0.018      0.279      0.000
 269  269     -0.016      0.486      0.000
  -1  271     -0.011     -1.167      0.000
 270  270      0.003      0.048      0.000
 273  273      0.011      0.858      0.000
 279  266      0.014     -0.321      0.000
 275  276      0.017     -1.111      0.000
 276  277      0.024      0.500      0.000
  -1   -2      0.026     -0.924      0.000
 277  278      0.030      0.295      0.000
 278  279      0.038     -0.031      0.000
 281  281      0.058      0.566      0.000
 282  282      0.059      0.788      0.000
 283  283      0.066     -0.954      0.000
 284  285      0.072     -0.798      0.000
 285  286      0.075      0.519      0.000
 286  287      0.082      0.138      0.000
 288  288      0.087     -0.605      0.000
  -1   -2      0.093     -0.038      0.000
  -1  291      0.094      0.102      0.000
 291  293      0.100      0.392      0.000
 292  292      0.101      1.075      0.000
  -1  296      0.102     -1.081      0.000
 293   -2      0.104     -0.974      0.000
 298  299      0.137     -1.147      0.000
 294   -2      0.137     -0.949      0.000
  -1  294      0.140     -0.495      0.000
 295  295      0.141      0.738      0.000
 299  298      0.151      0.591      0.000
 300  300      0.155     -0.569      0.000
 297  305      0.157     -1.112      0.000
 302  301      0.163      0.917      0.000
 303  302      0.176      0.317      0.000
 304  303      0.187     -0.587      0.000
 305  304      0.192     -1.075      0.000
 306   -2      0.198     -0.378      0.000
 307   -2      0.202     -1.175      0.000
 308  307      0.213      1.128      0.000
 310  308      0.215      0.844      0.000
 311  309      0.215     -1.100      0.000
 309  310      0.216     -0.891      0.000
 290   -2      0.220      0.034      0.000
 316  315      0.224     -1.003      0.000
 313  312      0.225      0.483      0.000
 314  314      0.229     -0.765      0.000
  -1  313      0.231      0.920      0.000
 315  306      0.233     -0.360      0.000
 317  316      0.245     -0.117      0.000
 320  318      0.269     -0.304      0.000
 321  317      0.270      0.846      0.000
 322  319      0.283      1.059      0.000
 323  320      0.289      0.986      0.000
 324  321      0.292      0.217      0.000
  -1  322      0.297     -1.173      0.000
  -1   -2      0.304     -0.898      0.000
 326   -2      0.323      0.507      0.000
 327  323      0.328     -0.270      0.000
 325   -2      0.329     -1.118      0.000
 328  324      0.335     -0.318      0.000
 329   -2      0.337     -0.159      0.000
 330  326      0.339      0.056      0.000
 332  325      0.346     -0.133      0.000
 331   -2      0.348      0.900      0.000
 334  327      0.363     -1.077      0.000
 335  331      0.372      0.948      0.000
 337   -2      0.377     -0.344      0.000
 338  329      0.384     -0.710      0.000
 336  328      0.387     -1.150      0.000
  -1   -2      0.395      1.005      0.000
 340   -2      0.402      0.578      0.000
 341   -2      0.405      0.055      0.000
 342  332      0.415     -0.349      0.000
 343  334      0.420     -1.021      0.000
  -1  335      0.423     -0.399      0.000
 333   -2      0.423      0.259      0.000
 344  336      0.428     -0.794      0.000
 345  337      0.434      0.151      0.000
 348  338      0.446      0.781      0.000
 351  341      0.453      1.105      0.000
 352  342      0.468     -0.531      0.000
 354  344      0.470      0.004      0.000
 353  345      0.471      0.617      0.000
 355   -2      0.479     -1.023      0.000
 357  347      0.490     -0.374      0.000
 358  348      0.493     -1.154      0.000
 360   -2      0.503      0.278      0.000
 362   -2      0.505      0.546      0.000
 361  352      0.505     -0.717      0.000
  -1  349      0.507      0.650      0.000
  -1  353      0.510      0.024      0.000
  -1   -2      0.522      0.055      0.000
 367  356      0.528     -0.022      0.000
  -1  350      0.530      0.597      0.000
 368  358      0.534      0.802      0.000
 370  354      0.545      0.279      0.000
 369  359      0.546     -0.836      0.000
 359  366      0.551     -0.143      0.000
 372   -2      0.552      0.674      0.000
 375  360      0.567      0.606      0.000
 374  362      0.567     -0.887      0.000
 376  363      0.576     -0.518      0.000
 377   -2      0.591      0.341      0.000
 378  367      0.606      0.937      0.000
 380  368      0.608      0.813      0.000
 379  369      0.610     -0.931      0.000
 382  370      0.617     -0.035      0.000
 385   -2      0.618     -1.168      0.000
 383  371      0.623     -0.687      0.000
 384  372      0.632     -1.079      0.000
 373   -2      0.638      0.448      0.000
 386  374      0.643      0.481      0.000
 387  375      0.644     -0.783      0.000
 388  378      0.645      0.727      0.000
 389  377      0.647     -0.581      0.000
 390  379      0.669      1.083      0.000
 391  380      0.672     -0.366      0.000
  -1  381      0.678     -1.083      0.000
 392  382      0.682     -0.982      0.000
  -1   -2      0.687      0.498      0.000
 393  383      0.688      0.850      0.000
  -1  384      0.691     -0.419      0.000
  -1  376      0.696     -1.173      0.000
 395  385      0.698      0.769      0.000
 394   -2      0.699     -0.455      0.000
 396  386      0.701      0.435      0.000
 397  387      0.713     -0.783      0.000
 398   -2      0.715     -0.820      0.000
 399  389      0.718      1.097      0.000
 401  390      0.732     -1.042      0.000
 402   -2      0.735     -0.468      0.000
 403  392      0.738      1.082      0.000
 404  391      0.741     -0.662      0.000
 405   -2      0.748     -0.070      0.000
 407  394      0.749      0.994      0.000
 408  395      0.751     -0.007      0.000
 410  396      0.760     -0.351      0.000
  -1   -2      0.762     -1.083      0.000
 412   -2      0.773      1.092      0.000
 414  399      0.783     -1.042      0.000
  -1   -2      0.789      0.225      0.000
 415  400      0.789     -0.616      0.000
 413  403      0.804     -0.996      0.000
 417  401      0.804     -0.794      0.000
  -1  413      0.811     -0.530      0.000
 419   -2      0.830     -0.137      0.000
 400  427      0.838     -1.116      0.000
 422   -2      0.839     -0.860      0.000
 420  411      0.840      0.847      0.000
 424  404      0.841      0.585      0.000
 425  406      0.843      0.353      0.000
 427  408      0.844      0.306      0.000
 436  397      0.847     -1.055      0.000
  -1  409      0.847     -0.080      0.000
  -1  436      0.859      0.480      0.000
 429  412      0.863     -0.782      0.000
 430  415      0.863      1.161      0.000
  -1   -2      0.864      1.014      0.000
  -1  410      0.865     -1.075      0.000
 432  407      0.867     -1.156      0.000
 431  414      0.869     -0.283      0.000
 433  416      0.881      0.834      0.000
 435  418      0.893     -0.048      0.000
 437  419      0.911      1.010      0.000
 452   -2      0.912      0.077      0.000
  -1   -2      0.915     -0.202      0.000
 438  420      0.916     -0.873      0.000
 441  422      0.929     -0.265      0.000
 439  424      0.930      1.119      0.000
 426   -2      0.931     -1.079      0.000
 458   -2      0.931     -0.804      0.000
 444  428      0.938     -0.456      0.000
  -1  429      0.940     -0.158      0.000
  -1  430      0.945      0.254      0.000
 445  431      0.949      0.715      0.000
  -1  432      0.950      0.144      0.000
 447  433      0.953      0.661      0.000
 446  434      0.954     -0.546      0.000
 448  435      0.956      0.609      0.000
 449  438      0.970     -1.134      0.000
 450  437      0.970      0.392      0.000
 454  440      0.989      0.761      0.000
 456  442      1.008      0.211      0.000
 465   -2      1.011     -0.265      0.000
 459   -2      1.021      0.358      0.000
 460  444      1.025     -0.168      0.000
 461  445      1.036      0.496      0.000
 462  447      1.044     -0.614      0.000
 464  448      1.053      0.427      0.000
 463  446      1.065     -1.173      0.000
 467  451      1.075     -0.053      0.000
  -1   -2      1.087      0.447      0.000
 468   -2      1.090      0.639      0.000
 469  454      1.105      0.947      0.000
 471  456      1.112     -1.013      0.000
 473  455      1.113      0.815      0.000
 472  457      1.114     -0.683      0.000
  -1  459      1.118     -1.111      0.000
 474  458      1.120     -0.028      0.000
 466  453      1.123      0.696      0.000
 475   -2      1.128      0.236      0.000
  -1  460      1.132     -1.167      0.000
 489  461      1.144      1.168      0.000
  -1   -2      1.146     -0.269      0.000
 470  462      1.150      1.019      0.000
 479  463      1.152     -1.124      0.000
 482  465      1.153      0.567      0.000
 480  464      1.154     -0.820      0.000
  -1  452      1.155     -0.365      0.000
 483  466      1.161      0.246      0.000
 484  468      1.164      0.079      0.000
 485  469      1.181     -0.591      0.000
  -1   -2      1.197      0.102      0.000
 486   -2      1.213      0.960      0.000
 487   -2      1.222     -0.573      0.000
 488  472      1.230     -0.289      0.000
 490  473      1.245     -0.546      0.000
 491  474      1.248     -0.413      0.000
  -1  488      1.259     -0.096      0.000
 493  476      1.273      1.009      0.000
 495  479      1.294     -0.559      0.000
  -1  478      1.294      0.274      0.000
  -1  480      1.302     -0.509      0.000
 496  482      1.307     -1.154      0.000
 497  481      1.310     -1.028      0.000
  -1   -2      1.313      0.955      0.000
 500  483      1.324      0.392      0.000
 501  484      1.325     -0.539      0.000
 502  485      1.338     -0.625      0.000
 499   -2      1.373     -1.004      0.000
 504  487      1.377      0.443      0.000
 505  489      1.385     -1.067      0.000
 506  490      1.393     -1.171      0.000
 507  491      1.402      1.131      0.000
 508  492      1.415     -1.016      0.000
 509  493      1.423      0.167      0.000
  -1  495      1.425     -0.292      0.000
 510  494      1.426     -0.395      0.000
 513  496      1.430     -0.528      0.000
 514  498      1.436     -0.461      0.000
  -1  497      1.444     -0.230      0.000
 515  500      1.451     -1.171      0.000
 516  501      1.455     -1.129      0.000
 517  502      1.463      0.239      0.000
 518  503      1.470      0.547      0.000
 519  504      1.474      0.670      0.000
 520  506      1.493     -0.827      0.000
 522  507      1.501      0.628      0.000
  -1  510      1.510     -1.147      0.000
 524  508      1.513      0.876      0.000
 525  509      1.521      0.281      0.000
 527  512      1.529     -0.314      0.000
  -1   -2      1.530     -0.945      0.000
 528  513      1.531     -0.081      0.000
  -1  514      1.535     -0.561      0.000
 529  516      1.544     -1.174      0.000
 530  517      1.552     -0.277      0.000
 531  519      1.554     -1.114      0.000
 532  520      1.556     -1.005      0.000
  -1  515      1.556     -0.694      0.000
 533  518      1.556      0.055      0.000
 534  521      1.559      1.146      0.000
 535  522      1.563      0.460      0.000
  -1   -2      1.568      0.391      0.000
 536  523      1.571     -0.898      0.000
