541
   0    1     -1.570     -0.817      0.000
  -1    2     -1.567     -1.143      0.000
   2   17     -1.560     -0.149      0.000
   4    3     -1.549      0.872      0.000
   3    4     -1.549      0.237      0.000
   6    7     -1.533      0.301      0.000
   8    8     -1.527      0.572      0.000
   5   10     -1.523     -1.175      0.000
  -1   -2     -1.516      1.131      0.000
   1   16     -1.515      0.709      0.000
  -1   11     -1.514     -1.118      0.000
  11   13     -1.512     -0.323      0.000
  12   14     -1.506      0.166      0.000
  14   15     -1.495      0.922      0.000
  -1   -2     -1.491      0.617      0.000
  15   25     -1.478      0.527      0.000
  16   18     -1.476     -1.128      0.000
   9   -2     -1.473      0.370      0.000
  19   19     -1.468     -0.553      0.000
  18   21     -1.467      1.069      0.000
  20   23     -1.456     -0.382      0.000
  22   -2     -1.455      0.225      0.000
  21   24     -1.455     -0.655      0.000
  23   26     -1.445      0.758      0.000
  24   27     -1.440      0.308      0.000
  25   28     -1.434     -1.030      0.000
  27   29     -1.425      0.810      0.000
  26   30     -1.424      0.067      0.000
  28   31     -1.421     -0.418      0.000
  30   33     -1.414      0.683      0.000
  29   32     -1.413     -0.240      0.000
  -1   35     -1.400      0.649      0.000
  31   34     -1.395     -1.162      0.000
  -1   -2     -1.387     -0.571      0.000
  34   37     -1.375     -0.009      0.000
  35   36     -1.373     -0.903      0.000
  36   38     -1.368      0.033      0.000
  37   39     -1.365      0.178      0.000
  40   -2     -1.358      0.736      0.000
  39   40     -1.356      1.159      0.000
  41   42     -1.347     -0.941      0.000
  44   43     -1.331      0.972      0.000
  43   45     -1.329     -0.363      0.000
  42   46     -1.329      0.586      0.000
  45   44     -1.326     -1.084      0.000
  46   -2     -1.320      0.696      0.000
  49   48     -1.299     -0.860      0.000
  -1   -2     -1.292      0.595      0.000
  -1   49     -1.292     -1.176      0.000
  53   -2     -1.284     -0.886      0.000
  54   50     -1.274     -0.659      0.000
  55   51     -1.269     -0.557      0.000
  56   52     -1.258     -0.134      0.000
  57   54     -1.253     -1.024      0.000
  58   -2     -1.246      1.034      0.000
  -1   55     -1.237      1.087      0.000
  60   57     -1.230     -0.872      0.000
  61   58     -1.227      0.862      0.000
  -1   -2     -1.212     -0.810      0.000
  62   60     -1.211     -0.674      0.000
  63   61     -1.207      0.755      0.000
  64   62     -1.197      0.659      0.000
  -1   70     -1.197     -1.092      0.000
  65   63     -1.189      0.420      0.000
  66   64     -1.179     -0.366      0.000
  67   66     -1.177     -0.585      0.000
  68   65     -1.173     -1.167      0.000
  71   68     -1.164     -0.901      0.000
  70   69     -1.163     -0.865      0.000
  69   67     -1.163      1.055      0.000
  72   -2     -1.158     -1.121      0.000
  73   72     -1.152     -0.111      0.000
  74   73     -1.148      0.671      0.000
  75   75     -1.130     -0.388      0.000
  -1   84     -1.126     -1.039      0.000
  77   76     -1.123      0.411      0.000
  -1   78     -1.118     -0.324      0.000
  78   -2     -1.117      0.268      0.000
  79   79     -1.117     -0.294      0.000
  80   77     -1.115      1.069      0.000
  81   80     -1.107     -1.159      0.000
  82   82     -1.101      0.490      0.000
  -1   71     -1.101      0.957      0.000
  84   83     -1.085      0.822      0.000
  83   -2     -1.084     -0.166      0.000
  85   -2     -1.079     -1.092      0.000
  -1   85     -1.075      0.196      0.000
  86   86     -1.075      0.399      0.000
  -1   -2     -1.074      0.267      0.000
  -1   -2     -1.070      0.070      0.000
  87   87     -1.061      0.591      0.000
  89   89     -1.058     -0.672      0.000
  88   88     -1.054     -0.225      0.000
  90   -2     -1.049     -0.750      0.000
  91   91     -1.039      0.346      0.000
  92   92     -1.033     -0.442      0.000
  93   93     -1.017     -0.888      0.000
  94   94     -1.010     -1.084      0.000
  95   95     -1.009      0.928      0.000
  99   -2     -1.007      0.792      0.000
  -1   96     -1.006     -1.167      0.000
  98   97     -1.000      1.044      0.000
  -1   98     -0.987     -0.592      0.000
 100  103     -0.977      0.312      0.000
  -1  101     -0.975     -0.670      0.000
 104  104     -0.967      1.070      0.000
 105  105     -0.964      0.576      0.000
 106  106     -0.961     -0.089      0.000
 107   -2     -0.955      0.509      0.000
 103   -2     -0.938     -0.961      0.000
 111  108     -0.909      1.094      0.000
 109  109     -0.908      0.696      0.000
 112  110     -0.906     -0.135      0.000
 121   -2     -0.895      0.474      0.000
 113  111     -0.892     -1.159      0.000
 114  113     -0.891     -0.215      0.000
 115  115     -0.886     -0.011      0.000
 116   -2     -0.882     -0.443      0.000
 117  116     -0.882     -0.618      0.000
 102  132     -0.880     -0.750      0.000
 119  118     -0.871     -0.037      0.000
 122  119     -0.865     -0.698      0.000
 123  120     -0.863      0.255      0.000
 125  114     -0.861      0.318      0.000
 124  121     -0.857      0.737      0.000
 128   -2     -0.828     -0.380      0.000
 127  124     -0.827      1.046      0.000
 130  126     -0.824      0.816      0.000
 131  125     -0.822      1.093      0.000
 129  127     -0.821     -0.054      0.000
 126  122     -0.815      0.382      0.000
 133  128     -0.807      0.037      0.000
 134  129     -0.802     -0.948      0.000
 135  131     -0.798      0.881      0.000
 136  130     -0.797      0.991      0.000
 137  133     -0.795     -0.754      0.000
 138  134     -0.794     -0.441      0.000
 139  140     -0.786     -1.103      0.000
 141  137     -0.778      0.140      0.000
 144  138     -0.768     -0.145      0.000
  -1   -2     -0.764     -0.344      0.000
 143   -2     -0.752     -1.079      0.000
  -1  144     -0.750     -0.925      0.000
 153  141     -0.748     -1.166      0.000
 146  142     -0.743      0.970      0.000
 147  143     -0.739     -0.099      0.000
 150  145     -0.735      0.773      0.000
  -1   -2     -0.734     -0.963      0.000
 149   -2     -0.731     -0.481      0.000
 151  147     -0.726      0.065      0.000
 148   -2     -0.726     -1.009      0.000
  -1  152     -0.725      0.726      0.000
 154  149     -0.717     -0.546      0.000
  -1   -2     -0.710      0.216      0.000
  -1   -2     -0.704      1.102      0.000
 156  151     -0.701     -0.678      0.000
 157  154     -0.688      1.050      0.000
 158  156     -0.686      0.916      0.000
 159  157     -0.681     -1.124      0.000
  -1  158     -0.681     -0.556      0.000
 161  160     -0.674     -0.297      0.000
 188   -2     -0.661     -1.171      0.000
  -1  161     -0.659      1.083      0.000
  -1  155     -0.650     -0.896      0.000
 165   -2     -0.642     -1.107      0.000
 160   -2     -0.642      1.130      0.000
 162  165     -0.641     -0.269      0.000
 164  167     -0.637     -0.420      0.000
 166  166     -0.637     -0.753      0.000
 168  168     -0.630     -1.065      0.000
 167  172     -0.629      0.047      0.000
 170   -2     -0.626      0.883      0.000
 169  170     -0.626     -0.495      0.000
  -1  171     -0.624      0.846      0.000
 173  173     -0.622     -0.992      0.000
 171   -2     -0.620      1.061      0.000
 172  175     -0.614      0.341      0.000
 174  164     -0.610     -1.104      0.000
 175  176     -0.596     -0.757      0.000
  -1   -2     -0.593      0.646      0.000
 176  177     -0.591      0.263      0.000
 177  178     -0.583     -0.222      0.000
 178  179     -0.580      0.464      0.000
 180  180     -0.573     -0.493      0.000
 182  174     -0.562      1.030      0.000
 181  181     -0.561      0.654      0.000
  -1  182     -0.556     -0.960      0.000
 183  185     -0.546      0.081      0.000
 184  186     -0.540      0.184      0.000
 186  187     -0.530      1.153      0.000
 187  188     -0.520     -0.042      0.000
  -1  189     -0.508     -1.171      0.000
 189  190     -0.501     -0.119      0.000
 191  184     -0.498      0.941      0.000
 192  191     -0.494     -0.653      0.000
  -1   -2     -0.486      0.128      0.000
 193  192     -0.485     -0.268      0.000
  -1   -2     -0.477     -1.144      0.000
  -1   -2     -0.471     -0.959      0.000
 194  194     -0.468      0.427      0.000
 196  195     -0.442     -0.918      0.000
 195  197     -0.437      0.310      0.000
 197  196     -0.434     -0.807      0.000
 199  199     -0.431     -0.485      0.000
 200  198     -0.430      0.718      0.000
 201  201     -0.429     -0.171      0.000
  -1  200     -0.426     -1.022      0.000
 203  203     -0.418     -0.574      0.000
 204  204     -0.414     -1.121      0.000
  -1  205     -0.405     -0.270      0.000
 205  207     -0.399     -0.235      0.000
 206  208     -0.397      0.695      0.000
 207  209     -0.396     -0.634      0.000
 209   -2     -0.380     -0.707      0.000
 211  210     -0.380      1.023      0.000
 210  211     -0.379     -0.923      0.000
 212  212     -0.364      0.947      0.000
 213   -2     -0.362     -0.630      0.000
 214  214     -0.360      0.833      0.000
 217  217     -0.339     -0.539      0.000
 218  216     -0.337      0.173      0.000
 219  218     -0.335      0.293      0.000
 220  213     -0.330      0.509      0.000
 215  227     -0.323     -1.171      0.000
 222  219     -0.318      0.757      0.000
 223  220     -0.314      0.269      0.000
 224  221     -0.308     -0.887      0.000
 225  222     -0.307     -0.708      0.000
 226  224     -0.301     -0.445      0.000
  -1  225     -0.300     -0.173      0.000
 227  226     -0.291     -0.938      0.000
  -1   -2     -0.290     -1.107      0.000
 228  228     -0.285      0.391      0.000
  -1   -2     -0.275      0.925      0.000
 230  229     -0.270     -0.369      0.000
 232  230     -0.262     -1.022      0.000
  -1   -2     -0.259      0.121      0.000
 233  232     -0.257     -0.634      0.000
 234  235     -0.243     -1.117      0.000
  -1  238     -0.232     -0.183      0.000
 238  237     -0.223      0.667      0.000
  -1   -2     -0.214     -0.204      0.000
 237   -2     -0.197     -0.043      0.000
 239  242     -0.194      0.074      0.000
 243  245     -0.184     -0.240      0.000
 244  246     -0.182     -1.140      0.000
  -1  247     -0.157     -0.722      0.000
 246  249     -0.151     -0.166      0.000
  -1  248     -0.145     -0.610      0.000
 254  243     -0.142     -1.120      0.000
 250  251     -0.140      0.360      0.000
 249  250     -0.140      0.451      0.000
 251  252     -0.131     -0.962      0.000
 252  253     -0.128     -0.071      0.000
 253  255     -0.126      0.578      0.000
 255  257     -0.117      0.308      0.000
 258  259     -0.095      0.214      0.000
  -1   -2     -0.093     -1.070      0.000
 259  260     -0.091     -0.141      0.000
 260  261     -0.083      1.075      0.000
  -1  271     -0.082      0.646      0.000
 256  263     -0.080     -0.577      0.000
 261   -2     -0.078     -1.027      0.000
 262  264     -0.075     -0.291      0.000
 263   -2     -0.075     -0.167      0.000
 245   -2     -0.075      1.176      0.000
 264  265     -0.072      0.326      0.000
 267  267     -0.060      0.546      0.000
 269   -2     -0.050     -0.002      0.000
 271  270     -0.040      1.136      0.000
 272  300     -0.018     -0.431      0.000
 276  262     -0.016     -1.075      0.000
 274  274     -0.011     -0.114      0.000
 268  284     -0.008     -1.169      0.000
 278  276     -0.007      0.523      0.000
 279  277     -0.003      0.292      0.000
 281  279      0.012      0.910      0.000
 282   -2      0.014      0.344      0.000
 280  287      0.016      0.043      0.000
 283  280      0.016      0.798      0.000
  -1   -2      0.025     -0.983      0.000
 285   -2      0.030     -1.121      0.000
  -1   -2      0.030     -1.057      0.000
 286  283      0.033      0.533      0.000
 296  273      0.041      1.111      0.000
 287  285      0.041      0.310      0.000
 302  268      0.049     -0.041      0.000
 291  291      0.061      0.603      0.000
 292  290      0.061      0.837      0.000
 293  292      0.066     -1.011      0.000
 295  294      0.074     -0.850      0.000
 297  296      0.090      0.143      0.000
 298  297      0.092     -0.652      0.000
 300  299      0.101      0.102      0.000
 303  293      0.103     -1.032      0.000
  -1  304      0.115      0.370      0.000
  -1  306      0.136      0.897      0.000
 306  307      0.138      0.785      0.000
  -1   -2      0.142     -1.122      0.000
 308  310      0.145     -0.433      0.000
 309  311      0.148      0.627      0.000
 312  303      0.152     -1.165      0.000
 310  312      0.156     -0.612      0.000
 311  313      0.157      0.972      0.000
 304  314      0.174      0.337      0.000
  -1  315      0.186     -0.632      0.000
 314  316      0.192     -1.128      0.000
 315   -2      0.198     -0.412      0.000
  -1   -2      0.208     -1.160      0.000
 317  317      0.210      0.895      0.000
 318  319      0.215     -0.944      0.000
 319  320      0.216      0.029      0.000
  -1   -2      0.217      1.176      0.000
  -1  321      0.218      0.513      0.000
 323  323      0.228     -0.813      0.000
 324  324      0.241     -0.133      0.000
  -1  318      0.245     -1.172      0.000
  -1   -2      0.251     -0.856      0.000
 325  325      0.253     -1.118      0.000
 322   -2      0.259     -0.595      0.000
 326  328      0.260     -0.833      0.000
 327  327      0.261      0.898      0.000
 329  329      0.264      0.125      0.000
 321   -2      0.264     -0.335      0.000
 330  332      0.276      1.114      0.000
 331  333      0.281      1.039      0.000
 332  334      0.283      0.227      0.000
  -1  335      0.303     -0.947      0.000
 335  336      0.322     -0.296      0.000
 333  337      0.324     -1.166      0.000
 336  340      0.327      0.054      0.000
 337  339      0.329      0.839      0.000
  -1  342      0.337      0.951      0.000
  -1  326      0.338     -0.545      0.000
 360   -2      0.362      0.999      0.000
 339  345      0.365     -1.122      0.000
 340  344      0.366     -0.370      0.000
  -1  338      0.372      0.589      0.000
 341  346      0.380     -0.752      0.000
 344  347      0.390      0.052      0.000
 345  348      0.393     -1.173      0.000
 346  349      0.403     -0.376      0.000
 347  350      0.404      0.275      0.000
 348  351      0.413     -0.424      0.000
 350  352      0.415      0.155      0.000
 351  353      0.420     -1.062      0.000
 352  355      0.423     -0.833      0.000
 358  343      0.429      0.824      0.000
 355  358      0.445      1.152      0.000
 354  359      0.445     -1.164      0.000
 367   -2      0.451     -0.927      0.000
 359  362      0.454     -0.561      0.000
 357  360      0.454      0.003      0.000
 361  364      0.473     -0.399      0.000
  -1   -2      0.474     -0.119      0.000
 362   -2      0.480     -1.119      0.000
 365  365      0.484      0.689      0.000
 366  367      0.495      0.296      0.000
 368  370      0.498     -0.749      0.000
 369   -2      0.498      0.057      0.000
  -1  372      0.506     -0.025      0.000
 371  374      0.515      0.843      0.000
 372  375      0.520     -0.584      0.000
  -1  368      0.521     -1.169      0.000
 374   -2      0.535     -0.854      0.000
 373   -2      0.536     -0.345      0.000
 364   -2      0.540      0.632      0.000
 377  378      0.555     -0.895      0.000
  -1   -2      0.556      0.361      0.000
 378   -2      0.562     -0.540      0.000
 380  382      0.570      0.791      0.000
 379  383      0.571      0.447      0.000
 381  384      0.587      0.852      0.000
 383  386      0.591     -0.036      0.000
 375   -2      0.591      0.981      0.000
 384  389      0.607     -0.958      0.000
 385  387      0.609      0.470      0.000
  -1   -2      0.612     -0.239      0.000
 386  391      0.612     -0.709      0.000
 387  390      0.613      0.506      0.000
  -1  385      0.619      1.069      0.000
  -1  393      0.621     -1.108      0.000
  -1  411      0.623      0.080      0.000
 388  392      0.625      0.764      0.000
 394  381      0.627     -0.602      0.000
 391  388      0.630     -1.038      0.000
 392  395      0.636     -0.805      0.000
  -1  380      0.648      0.309      0.000
 393  396      0.649     -1.098      0.000
 390  399      0.649     -1.170      0.000
 396  400      0.657      0.527      0.000
  -1  409      0.660      1.126      0.000
 399  401      0.665      0.458      0.000
 398  402      0.667      0.888      0.000
 400   -2      0.670     -0.432      0.000
 401  403      0.673      0.808      0.000
 402  404      0.675     -0.470      0.000
  -1  406      0.685     -0.250      0.000
 404  407      0.687     -0.769      0.000
 397   -2      0.688     -0.167      0.000
 406  408      0.708     -0.836      0.000
 407   -2      0.711      1.134      0.000
 408  410      0.714     -0.624      0.000
  -1   -2      0.719     -0.003      0.000
 409  413      0.727     -0.675      0.000
 410  414      0.730      1.032      0.000
 411  415      0.732     -1.055      0.000
 412  416      0.734      1.119      0.000
 413  417      0.736     -0.360      0.000
 414  418      0.741     -0.865      0.000
  -1   -2      0.751     -0.772      0.000
 415  420      0.755      0.244      0.000
 416  422      0.767     -1.095      0.000
 418  423      0.773     -0.625      0.000
 420  424      0.787     -1.046      0.000
  -1  425      0.796     -0.806      0.000
 423  426      0.799     -0.135      0.000
 422  427      0.800     -0.981      0.000
 424   -2      0.801      1.018      0.000
 426   -2      0.803      0.368      0.000
 427  428      0.805      0.320      0.000
 429  429      0.805      0.607      0.000
 425   -2      0.806     -0.169      0.000
  -1   -2      0.811     -0.075      0.000
 428   -2      0.817      0.878      0.000
 433  432      0.831     -0.865      0.000
 434   -2      0.840     -1.122      0.000
 436   -2      0.847     -1.060      0.000
 435  433      0.849      1.041      0.000
 437   -2      0.852     -0.535      0.000
 455   -2      0.854     -0.786      0.000
 440  435      0.855     -0.042      0.000
 439  437      0.856      0.862      0.000
 441  438      0.863     -1.158      0.000
  -1  434      0.876     -1.080      0.000
 442  439      0.891     -0.662      0.000
 445  441      0.900     -1.005      0.000
 447  442      0.902      1.042      0.000
 446  440      0.906     -0.267      0.000
 450  444      0.907      0.153      0.000
 449  443      0.907     -0.158      0.000
 451  445      0.913     -0.453      0.000
 453  447      0.919      0.629      0.000
 454  451      0.923      1.144      0.000
 457  448      0.923      0.678      0.000
 458  450      0.923     -0.802      0.000
 460  452      0.926      0.407      0.000
  -1   -2      0.927      0.284      0.000
 459   -2      0.929     -1.079      0.000
 461  455      0.936     -0.544      0.000
 463  457      0.958      0.780      0.000
 464  458      0.966      0.220      0.000
 468  454      0.972     -1.125      0.000
 470  460      0.976     -0.614      0.000
 467  461      0.986     -0.544      0.000
 471  463      0.988     -0.164      0.000
 472  464      0.994      0.508      0.000
  -1   -2      0.994      0.070      0.000
  -1  465      0.996      1.143      0.000
 474  466      1.008      0.436      0.000
  -1  456      1.010     -0.834      0.000
 476  468      1.027     -0.601      0.000
 477  469      1.031     -0.252      0.000
 478  470      1.036     -0.044      0.000
  -1  477      1.051      0.921      0.000
 480  471      1.053     -0.345      0.000
  -1  472      1.062      0.650      0.000
 493  462      1.062     -1.172      0.000
 483  474      1.078     -0.016      0.000
 485  476      1.082      0.823      0.000
 484   -2      1.086      0.957      0.000
 498   -2      1.088      0.705      0.000
 486  479      1.099      1.027      0.000
 487  480      1.101     -0.666      0.000
  -1  491      1.104     -0.556      0.000
 488  482      1.112     -0.994      0.000
 489  481      1.113      0.250      0.000
 490   -2      1.119      0.001      0.000
 491  485      1.123      0.089      0.000
  -1   -2      1.125     -0.591      0.000
 492  487      1.135      1.025      0.000
  -1  490      1.137     -1.173      0.000
 494  488      1.147     -0.799      0.000
 473   -2      1.154     -0.885      0.000
 495   -2      1.154     -1.103      0.000
 497   -2      1.165     -0.569      0.000
  -1  484      1.187      0.013      0.000
 500  492      1.195      0.880      0.000
 503  495      1.210     -0.269      0.000
  -1  496      1.214      0.233      0.000
  -1   -2      1.214      0.262      0.000
 504  498      1.226     -0.389      0.000
 506  499      1.228     -0.519      0.000
  -1  500      1.232     -0.203      0.000
 508  502      1.251      0.276      0.000
 509  503      1.255      1.003      0.000
 510  508      1.263     -1.169      0.000
 511  504      1.272     -0.164      0.000
 522  501      1.278     -0.683      0.000
 512   -2      1.278     -0.531      0.000
 513   -2      1.285     -0.482      0.000
 514  505      1.291      0.400      0.000
 516  506      1.307     -0.996      0.000
 518  507      1.308     -0.508      0.000
 519  510      1.325     -0.591      0.000
 521  511      1.340      0.434      0.000
 520  512      1.342     -1.105      0.000
 523  515      1.371     -0.966      0.000
 525  516      1.383     -1.027      0.000
 526   -2      1.391      1.111      0.000
 527  517      1.391      0.165      0.000
  -1  528      1.395     -1.170      0.000
 528  519      1.407     -0.363      0.000
 529  520      1.408     -0.254      0.000
 530  521      1.410     -0.975      0.000
 531  523      1.416     -0.491      0.000
 532  524      1.420     -0.425      0.000
 534  525      1.431      0.238      0.000
 535  526      1.434      0.532      0.000
  -1   -2      1.444     -0.763      0.000
 543  518      1.444      1.054      0.000
 533   -2      1.447     -1.172      0.000
 537  527      1.452     -1.087      0.000
 538   -2      1.453     -1.127      0.000
 539  529      1.468      0.606      0.000
 540  531      1.481     -0.777      0.000
 541  532      1.489      0.848      0.000
 542  533      1.492      0.277      0.000
 544  534      1.509     -0.062      0.000
 545  536      1.511     -0.220      0.000
 546  535      1.515     -0.280      0.000
 549  538      1.534      0.442      0.000
 550  539      1.534      0.065      0.000
 551  540      1.541     -1.174      0.000
 553  542      1.548     -0.646      0.000
 552  541      1.548      1.116      0.000
 554  543      1.554     -1.070      0.000
 555  544      1.555     -0.956      0.000
  -1  545      1.564      0.734      0.000
 556  546      1.566     -0.853      0.000
 557  548      1.570      0.606      0.000
