524
   0    1     -1.570      0.249      0.000
   1    0     -1.568     -0.857      0.000
  -1   -2     -1.557      0.728      0.000
   2    4     -1.555      0.318      0.000
   3    6     -1.545      0.604      0.000
   5   -2     -1.545      1.051      0.000
   4    7     -1.543      0.471      0.000
   6    8     -1.529      0.745      0.000
   8    9     -1.527     -0.351      0.000
   7   10     -1.527      0.170      0.000
   9    5     -1.519     -1.161      0.000
  15   -2     -1.514     -0.322      0.000
  14   14     -1.497      0.389      0.000
  17   15     -1.486     -0.980      0.000
  -1   -2     -1.480      0.149      0.000
  11   17     -1.475     -0.409      0.000
  19   20     -1.467      0.321      0.000
  20   19     -1.462      1.107      0.000
  21   22     -1.461     -0.691      0.000
  26   11     -1.457      0.793      0.000
  22   24     -1.453      0.067      0.000
  -1   -2     -1.445      1.166      0.000
  23   -2     -1.443     -0.256      0.000
  31   25     -1.438      0.021      0.000
  24   27     -1.436     -0.446      0.000
  27   28     -1.432      0.715      0.000
  30   30     -1.420      0.678      0.000
  33   32     -1.406     -0.017      0.000
  32   31     -1.400     -1.173      0.000
  34   33     -1.395      0.185      0.000
  38   35     -1.364     -0.935      0.000
  39   36     -1.354      0.610      0.000
  40   37     -1.352     -0.385      0.000
  42   38     -1.347      0.436      0.000
  43   39     -1.340     -0.974      0.000
  -1   43     -1.334     -1.167      0.000
  44   40     -1.333      1.002      0.000
  45   41     -1.316      0.559      0.000
  -1   42     -1.309     -1.114      0.000
  -1   44     -1.297     -0.952      0.000
  48   45     -1.295     -0.890      0.000
  47   -2     -1.290     -0.144      0.000
  59   -2     -1.284     -1.173      0.000
  36   -2     -1.284     -0.581      0.000
  51   48     -1.282     -0.687      0.000
  -1   49     -1.281     -1.144      0.000
  52   51     -1.272     -0.915      0.000
  53   50     -1.267     -0.118      0.000
  54   53     -1.261     -0.642      0.000
  49   -2     -1.244      1.062      0.000
  58   55     -1.240     -1.053      0.000
  57   56     -1.237      0.887      0.000
  -1   58     -1.226      0.776      0.000
  61   57     -1.225     -0.899      0.000
  60   60     -1.225      0.433      0.000
  -1   59     -1.224      0.679      0.000
  62   61     -1.220     -0.697      0.000
  -1   -2     -1.213     -0.833      0.000
  63   62     -1.202     -0.382      0.000
  64   64     -1.190     -0.118      0.000
  -1   65     -1.188     -0.606      0.000
  -1   66     -1.173      0.690      0.000
  -1   74     -1.171     -1.173      0.000
  67   67     -1.162      1.053      0.000
  66   71     -1.162      0.422      0.000
  70   70     -1.158     -0.889      0.000
  71   69     -1.158     -0.926      0.000
  65   -2     -1.157     -0.402      0.000
  72   73     -1.148     -0.304      0.000
  73   75     -1.134      0.502      0.000
  -1   -2     -1.129      0.716      0.000
  75   76     -1.123     -0.172      0.000
  76   79     -1.122      0.201      0.000
  77   81     -1.116      0.409      0.000
  85   -2     -1.114     -1.162      0.000
  78   80     -1.114      1.087      0.000
  79   78     -1.113     -1.066      0.000
  80   82     -1.102      0.839      0.000
  81   83     -1.095      0.605      0.000
  82   84     -1.091     -0.232      0.000
  84   86     -1.081      0.353      0.000
  -1   -2     -1.074     -0.411      0.000
  87   88     -1.064     -1.114      0.000
  -1   -2     -1.059      0.446      0.000
  88   89     -1.058     -0.453      0.000
  89   90     -1.056     -0.766      0.000
  91   92     -1.021      0.939      0.000
  90   93     -1.018      0.316      0.000
  92   94     -1.014     -0.900      0.000
  -1   96     -1.008     -1.168      0.000
  -1   98     -1.005     -0.091      0.000
  95   97     -1.002      1.056      0.000
 116   -2     -0.997      0.584      0.000
  -1   -2     -0.994     -1.107      0.000
  -1   -2     -0.993     -0.440      0.000
  97  108     -0.966     -1.033      0.000
  -1  105     -0.948     -0.910      0.000
  99  106     -0.947     -0.135      0.000
  -1  114     -0.937      1.149      0.000
 100   -2     -0.931     -0.973      0.000
 103  109     -0.931     -0.215      0.000
 105   -2     -0.931     -1.041      0.000
 107  111     -0.923     -0.012      0.000
  -1  103     -0.908     -1.072      0.000
 109  113     -0.908     -0.446      0.000
 114   -2     -0.907      0.438      0.000
 111   -2     -0.907      1.103      0.000
 112  117     -0.901      0.266      0.000
 113  116     -0.900     -0.622      0.000
 115  110     -0.893     -1.163      0.000
  -1  119     -0.893      0.395      0.000
 108  115     -0.892      0.315      0.000
 117  118     -0.889     -0.758      0.000
 118  120     -0.883      0.738      0.000
 119  121     -0.878     -0.705      0.000
 104   -2     -0.867     -0.055      0.000
 121  123     -0.854      0.039      0.000
 122   -2     -0.853      0.380      0.000
 123  124     -0.839      0.813      0.000
  -1  126     -0.830      1.047      0.000
 125  129     -0.825      0.140      0.000
 126  130     -0.823     -0.441      0.000
 127  128     -0.822      1.094      0.000
 129  131     -0.813      0.880      0.000
 128  132     -0.811     -0.144      0.000
 130  133     -0.804      0.989      0.000
 131   -2     -0.804     -0.754      0.000
  -1   -2     -0.802     -0.933      0.000
  -1  134     -0.794     -0.596      0.000
  -1  146     -0.790      0.641      0.000
 132  135     -0.783     -0.096      0.000
  -1  138     -0.767      0.072      0.000
 134   -2     -0.763     -0.946      0.000
  -1  144     -0.750     -0.925      0.000
 135  142     -0.748      0.967      0.000
  -1  141     -0.741     -1.073      0.000
 136  143     -0.741     -0.542      0.000
 137   -2     -0.732     -0.963      0.000
  -1   -2     -0.730      0.708      0.000
 139  148     -0.719     -1.010      0.000
 138   -2     -0.716     -0.630      0.000
  -1  154     -0.712      1.088      0.000
  -1  147     -0.712     -1.170      0.000
 141  151     -0.710     -0.290      0.000
 143  152     -0.704     -0.549      0.000
 145   -2     -0.692      1.041      0.000
 146  156     -0.674     -0.264      0.000
 147  157     -0.672      0.049      0.000
 150  158     -0.656     -0.889      0.000
 149  159     -0.653     -0.486      0.000
  -1   -2     -0.652      0.333      0.000
 151  160     -0.649     -0.744      0.000
  -1  161     -0.643      0.868      0.000
 153  162     -0.641      1.117      0.000
 152   -2     -0.640      0.834      0.000
 154  164     -0.638      1.077      0.000
  -1  166     -0.635      0.257      0.000
 144  184     -0.632     -1.104      0.000
  -1  167     -0.629      1.041      0.000
 157  168     -0.624     -1.059      0.000
  -1   -2     -0.623      0.642      0.000
 156  170     -0.620     -0.215      0.000
 158   -2     -0.620     -0.021      0.000
 160  169     -0.617     -0.984      0.000
 159  171     -0.617      0.455      0.000
 161  172     -0.608     -0.746      0.000
 162  173     -0.600     -0.482      0.000
 164  174     -0.589      0.640      0.000
 163  176     -0.589      0.083      0.000
  -1   -2     -0.587     -0.807      0.000
  -1   -2     -0.583     -0.265      0.000
 165  178     -0.582      0.181      0.000
 166  179     -0.568      1.011      0.000
 168  181     -0.561     -0.947      0.000
 167  182     -0.560     -0.038      0.000
 142  218     -0.554     -1.170      0.000
 170   -2     -0.540     -1.090      0.000
 171  185     -0.540     -0.111      0.000
 172  186     -0.527      1.135      0.000
 173  188     -0.520     -0.258      0.000
 174  190     -0.513     -0.636      0.000
  -1   -2     -0.511      0.453      0.000
  -1  191     -0.508      0.919      0.000
 175  192     -0.506      0.416      0.000
  -1  193     -0.485     -1.168      0.000
 176  197     -0.473      0.302      0.000
 177  198     -0.467     -0.162      0.000
  -1   -2     -0.464      0.476      0.000
 180  200     -0.455     -0.467      0.000
 181  199     -0.453      0.697      0.000
 183  201     -0.444     -0.896      0.000
 184  202     -0.443     -0.785      0.000
  -1   -2     -0.441      0.289      0.000
 186  204     -0.438     -0.553      0.000
 185  205     -0.437     -0.256      0.000
 179  209     -0.437     -1.142      0.000
 187  206     -0.431     -0.222      0.000
 189  207     -0.423      1.147      0.000
 190  208     -0.421      0.672      0.000
 192  210     -0.412     -0.613      0.000
  -1   -2     -0.408     -1.120      0.000
 188   -2     -0.405     -0.903      0.000
 194  213     -0.382     -0.895      0.000
 195  214     -0.379      0.989      0.000
 196  215     -0.375      0.805      0.000
 197  216     -0.373      0.916      0.000
 198  217     -0.367      0.284      0.000
 199  219     -0.363     -0.515      0.000
  -1   -2     -0.361     -1.152      0.000
  -1  212     -0.359      0.491      0.000
 191   -2     -0.355     -1.078      0.000
 214   -2     -0.350      0.257      0.000
 202  222     -0.337      0.728      0.000
 204   -2     -0.333      1.175      0.000
 203  224     -0.332     -0.163      0.000
 207  227     -0.314     -0.855      0.000
 206  228     -0.314      0.378      0.000
 208  230     -0.295     -0.348      0.000
 209  229     -0.294     -0.905      0.000
 210  231     -0.291      0.705      0.000
 211  232     -0.290      0.116      0.000
 213  233     -0.279      0.676      0.000
 215  236     -0.270     -0.603      0.000
 217  237     -0.260     -0.987      0.000
 219   -2     -0.257     -1.172      0.000
  -1  238     -0.251     -1.102      0.000
  -1   -2     -0.250     -0.783      0.000
 218  240     -0.247      0.018      0.000
 220  242     -0.240      0.637      0.000
  -1  244     -0.236     -1.062      0.000
  -1   -2     -0.231     -1.090      0.000
  -1   -2     -0.222      0.969      0.000
 225  247     -0.210     -0.216      0.000
 226   -2     -0.206     -0.249      0.000
  -1   -2     -0.180      1.130      0.000
 240  223     -0.179      1.172      0.000
 228   -2     -0.178     -1.096      0.000
 227  251     -0.178     -0.152      0.000
 234  239     -0.166     -0.685      0.000
  -1  253     -0.164      0.338      0.000
 232  255     -0.160      0.429      0.000
 231  254     -0.159     -0.574      0.000
 233  256     -0.150     -0.060      0.000
  -1   -2     -0.150      0.972      0.000
 235  257     -0.141      0.550      0.000
 236  258     -0.136     -0.269      0.000
 237  259     -0.136      0.294      0.000
 238  260     -0.131     -0.917      0.000
  -1  250     -0.126     -1.130      0.000
 239   -2     -0.125      1.098      0.000
 241  261     -0.115      0.206      0.000
 242  262     -0.111     -0.128      0.000
 244  264     -0.092     -0.537      0.000
  -1   -2     -0.092     -1.027      0.000
 245  266     -0.090     -0.272      0.000
 246  265     -0.089      0.312      0.000
 248  267     -0.083      1.025      0.000
 249  269     -0.077     -0.983      0.000
 250  270     -0.073      0.516      0.000
 251  271     -0.069      1.138      0.000
 252  272     -0.068      0.006      0.000
 243   -2     -0.057     -1.000      0.000
  -1   -2     -0.049     -0.351      0.000
  -1  292     -0.040      0.660      0.000
 254  276     -0.036      1.085      0.000
 255   -2     -0.029     -0.768      0.000
 263   -2     -0.029     -0.399      0.000
 247  291     -0.021     -0.103      0.000
 258  278     -0.016      0.281      0.000
 259  279     -0.016      0.486      0.000
 261  281      0.004      0.048      0.000
 260  289      0.005     -1.168      0.000
  -1  274      0.006     -1.000      0.000
 262  282      0.011      0.862      0.000
  -1  284      0.012      0.755      0.000
  -1  283      0.013     -0.181      0.000
 264   -2      0.016     -1.111      0.000
 265  286      0.024      0.503      0.000
 267  288      0.030      0.297      0.000
 268   -2      0.040     -0.032      0.000
  -1  285      0.045     -1.065      0.000
 269  293      0.058      0.571      0.000
 270  294      0.060      0.792      0.000
 271  295      0.064     -0.963      0.000
  -1   -2      0.070      0.691      0.000
 272  296      0.073     -0.803      0.000
 273  297      0.075      0.519      0.000
 274  298      0.082      0.138      0.000
 275  300      0.088     -0.609      0.000
  -1  301      0.090     -0.196      0.000
  -1   -2      0.093      1.018      0.000
 277  303      0.095      0.102      0.000
 279  304      0.099      1.080      0.000
 278  305      0.100      0.397      0.000
 284   -2      0.138     -0.499      0.000
 285  310      0.140      0.741      0.000
 280   -2      0.142     -1.075      0.000
  -1  311      0.143     -0.400      0.000
 286  312      0.149      0.591      0.000
 282   -2      0.154     -1.117      0.000
 287  314      0.154     -0.572      0.000
 289  315      0.162      0.922      0.000
 290  316      0.175      0.318      0.000
 291  318      0.186     -0.590      0.000
 292  319      0.191     -1.081      0.000
 288   -2      0.198     -1.166      0.000
 304   -2      0.199     -0.382      0.000
 295  321      0.205      1.137      0.000
 296   -2      0.214      0.850      0.000
 297  324      0.215     -1.105      0.000
 298  322      0.215     -0.896      0.000
  -1  323      0.219      0.034      0.000
 301  325      0.224      0.487      0.000
 303   -2      0.227      0.926      0.000
 302  326      0.228     -0.770      0.000
 300   -2      0.232     -1.005      0.000
 305  328      0.244     -0.118      0.000
 307  329      0.267      0.852      0.000
 306  330      0.269     -0.307      0.000
 308  331      0.281      1.063      0.000
 309  332      0.288      0.990      0.000
 310  333      0.291      0.218      0.000
 311   -2      0.324     -1.118      0.000
 314  336      0.329     -0.273      0.000
 316   -2      0.333     -0.321      0.000
 319   -2      0.337     -0.162      0.000
 318  337      0.338      0.056      0.000
 321  340      0.362     -1.081      0.000
 325  339      0.371     -1.153      0.000
 324  343      0.383     -0.715      0.000
  -1   -2      0.389     -0.964      0.000
 322   -2      0.395      1.007      0.000
 329  342      0.404     -0.350      0.000
  -1  347      0.419      0.260      0.000
 330  348      0.420     -1.024      0.000
 331  349      0.423     -0.400      0.000
 333  350      0.428     -0.798      0.000
 334  351      0.432      0.152      0.000
 335  352      0.442      0.785      0.000
  -1  345      0.445     -1.170      0.000
  -1   -2      0.446      0.915      0.000
 336  354      0.451      1.112      0.000
 337  356      0.465     -0.534      0.000
  -1  358      0.467      0.994      0.000
 338  357      0.468      0.004      0.000
 339   -2      0.469      0.622      0.000
  -1   -2      0.480      0.451      0.000
 341  359      0.488     -0.376      0.000
 342   -2      0.493     -1.154      0.000
 346  360      0.501      0.660      0.000
 350   -2      0.503      0.547      0.000
  -1  361      0.504      0.493      0.000
 345  362      0.505     -0.719      0.000
 347  363      0.506      0.023      0.000
 352  364      0.511      0.280      0.000
  -1  365      0.521     -0.561      0.000
 349  366      0.526     -0.022      0.000
  -1  367      0.528     -0.311      0.000
 351  368      0.531      0.806      0.000
 353  370      0.546     -0.840      0.000
 356  371      0.548      0.675      0.000
  -1   -2      0.549     -0.780      0.000
 357  374      0.567     -0.889      0.000
 358  375      0.576     -0.519      0.000
  -1   -2      0.585     -0.369      0.000
  -1  377      0.588      1.163      0.000
 354   -2      0.591     -0.185      0.000
 360  378      0.604      0.942      0.000
 361  379      0.605      0.816      0.000
 362  380      0.609     -0.932      0.000
 363  381      0.614     -0.035      0.000
 365  382      0.621     -0.688      0.000
 366  383      0.631     -1.079      0.000
  -1  384      0.636      0.449      0.000
 368  385      0.638      0.485      0.000
 369  387      0.642     -0.785      0.000
 379  386      0.642     -1.168      0.000
 371  400      0.643     -0.583      0.000
 370  388      0.645      0.729      0.000
 372  389      0.666      1.087      0.000
 373   -2      0.673     -0.369      0.000
 374   -2      0.674     -1.090      0.000
 375  390      0.680     -0.985      0.000
 377  391      0.686      0.853      0.000
 378   -2      0.693     -0.440      0.000
 380  394      0.695      0.774      0.000
 382  393      0.695      0.437      0.000
 383  406      0.713     -0.820      0.000
  -1  395      0.715     -0.170      0.000
 385  399      0.718      1.099      0.000
 386  401      0.731     -1.044      0.000
 389  402      0.739     -0.663      0.000
 388  403      0.740      1.085      0.000
  -1  392      0.743     -0.417      0.000
 391  405      0.745      0.998      0.000
 392  404      0.749     -0.009      0.000
 393  407      0.757     -0.352      0.000
 409   -2      0.759     -1.085      0.000
  -1   -2      0.776      0.633      0.000
 396  408      0.784     -1.043      0.000
 398  411      0.787     -0.616      0.000
 400  413      0.802     -0.794      0.000
  -1  412      0.802     -0.030      0.000
 399  414      0.804     -0.997      0.000
 406  418      0.838      0.587      0.000
  -1  417      0.838      0.782      0.000
 407  419      0.839      0.354      0.000
 416  422      0.839     -1.157      0.000
 408  420      0.840      0.307      0.000
 410  423      0.843     -0.079      0.000
 415  424      0.847     -1.055      0.000
 405  425      0.859      1.016      0.000
 412  427      0.861     -0.783      0.000
 401  449      0.866     -0.533      0.000
 417  431      0.867     -0.282      0.000
 413   -2      0.869      1.161      0.000
 418  433      0.880      0.836      0.000
  -1  428      0.884     -1.132      0.000
 419  434      0.890     -0.048      0.000
 420  437      0.909      1.012      0.000
 423  442      0.914     -0.873      0.000
  -1   -2      0.923      0.576      0.000
 424  439      0.926     -0.265      0.000
  -1  440      0.928      1.046      0.000
 425  441      0.928      1.122      0.000
  -1  435      0.929     -1.004      0.000
  -1   -2      0.930     -0.804      0.000
 403   -2      0.934     -1.076      0.000
 428  444      0.934     -0.455      0.000
 429  445      0.938     -0.158      0.000
 430   -2      0.944      0.254      0.000
 431  447      0.947      0.719      0.000
 432  446      0.949      0.144      0.000
 433  448      0.951      0.663      0.000
 434   -2      0.952     -0.546      0.000
 435  450      0.953      0.612      0.000
 411   -2      0.957      0.481      0.000
 437  452      0.965      0.393      0.000
 436   -2      0.969     -1.133      0.000
  -1  451      0.969      0.273      0.000
 438  455      0.985      0.761      0.000
  -1  458      1.001     -0.317      0.000
 439  457      1.003      0.213      0.000
  -1   -2      1.008     -0.266      0.000
 442  460      1.023     -0.167      0.000
 443  461      1.032      0.497      0.000
 446  454      1.034     -1.170      0.000
 444  462      1.042     -0.612      0.000
 445  463      1.046      0.427      0.000
  -1  464      1.059     -0.258      0.000
  -1  466      1.068      0.735      0.000
 447  467      1.071     -0.053      0.000
 465  468      1.076     -0.354      0.000
 456  469      1.090      0.642      0.000
 450  471      1.102      0.948      0.000
 452  474      1.111      0.816      0.000
 451  473      1.112     -1.010      0.000
 453  475      1.112     -0.680      0.000
 455  476      1.117     -0.026      0.000
 454   -2      1.119     -1.110      0.000
 458   -2      1.135     -1.168      0.000
 459  477      1.143      1.168      0.000
 461  479      1.147      1.021      0.000
 462  480      1.153     -1.122      0.000
 464  482      1.154     -0.818      0.000
 463  481      1.156      0.558      0.000
 466  478      1.157      0.245      0.000
  -1  485      1.157     -0.905      0.000
 467  483      1.159      0.080      0.000
 468  486      1.179     -0.589      0.000
  -1  488      1.198      0.181      0.000
  -1  490      1.218      0.881      0.000
 472  491      1.225     -0.287      0.000
 473  492      1.243     -0.543      0.000
 474  493      1.247     -0.410      0.000
  -1  495      1.264     -0.913      0.000
 476  496      1.271      1.008      0.000
  -1  494      1.287     -0.687      0.000
 478   -2      1.290      0.274      0.000
 477  497      1.292     -0.558      0.000
 479   -2      1.304     -0.506      0.000
 481   -2      1.309     -1.025      0.000
 480  499      1.312     -1.151      0.000
 483  500      1.321      0.392      0.000
 484  501      1.322     -0.536      0.000
 485  502      1.336     -0.623      0.000
  -1  504      1.373     -1.000      0.000
 487  503      1.374      0.442      0.000
 475   -2      1.382     -0.156      0.000
 488  506      1.384     -1.064      0.000
 489  507      1.395     -1.171      0.000
 490  508      1.401      1.129      0.000
 491  509      1.415     -1.011      0.000
 492  510      1.419      0.168      0.000
 494  511      1.423     -0.392      0.000
 493  512      1.423     -0.289      0.000
 495  513      1.428     -0.525      0.000
 497   -2      1.432     -0.264      0.000
 496  514      1.433     -0.457      0.000
  -1   -2      1.447     -0.504      0.000
 498  516      1.449     -1.170      0.000
 499  517      1.453     -1.125      0.000
 500  518      1.459      0.239      0.000
 501  519      1.466      0.548      0.000
 502   -2      1.470      0.661      0.000
  -1   -2      1.488     -0.992      0.000
 503  520      1.494     -0.822      0.000
 504  521      1.496      0.627      0.000
 506  522      1.510      0.873      0.000
 507  524      1.517      0.281      0.000
 505  523      1.518     -1.140      0.000
  -1  525      1.525     -0.246      0.000
 508  526      1.527     -0.312      0.000
 510  527      1.529     -0.081      0.000
 511   -2      1.538     -0.572      0.000
 516   -2      1.541     -0.602      0.000
 512  528      1.541     -1.176      0.000
 513  529      1.545     -0.281      0.000
 517  530      1.553      0.056      0.000
 514  531      1.555     -1.110      0.000
 515  533      1.555     -1.001      0.000
 518  532      1.558      1.145      0.000
 519  534      1.560      0.458      0.000
 521  535      1.571     -0.896      0.000
