518
  -1    4     -1.576      0.672      0.000
  -1    0     -1.572     -0.674      0.000
   1    1     -1.560      0.505      0.000
   2    2     -1.557     -0.981      0.000
   3   -2     -1.544      0.769      0.000
   4    5     -1.541      0.363      0.000
  -1    6     -1.535     -0.956      0.000
   6    8     -1.527     -0.006      0.000
  -1   20     -1.522     -0.367      0.000
  10    9     -1.512      0.235      0.000
   5   -2     -1.506     -1.165      0.000
  -1   13     -1.474     -0.898      0.000
   8   14     -1.459      0.928      0.000
  13   15     -1.456      0.784      0.000
  15   16     -1.455      0.201      0.000
  -1   17     -1.449      0.292      0.000
  16   19     -1.444      0.587      0.000
  18   -2     -1.440      0.469      0.000
   9   27     -1.438     -0.241      0.000
  21   21     -1.436      0.250      0.000
  23   22     -1.426     -0.538      0.000
  22   23     -1.425      0.367      0.000
  19   28     -1.412     -1.176      0.000
  -1   -2     -1.403      0.513      0.000
  24   25     -1.402      0.145      0.000
  -1   36     -1.396     -0.705      0.000
  26   -2     -1.384     -0.298      0.000
  -1   38     -1.377      0.440      0.000
  -1   30     -1.374      0.644      0.000
  28   29     -1.372     -0.966      0.000
  14   -2     -1.371      1.033      0.000
  12   51     -1.369     -0.823      0.000
  -1   33     -1.363      0.692      0.000
  30   34     -1.362      0.310      0.000
  31   35     -1.355     -1.066      0.000
  34   -2     -1.345     -0.932      0.000
  32   37     -1.345     -0.335      0.000
  33   39     -1.341      0.129      0.000
  35   43     -1.326      0.581      0.000
  36   42     -1.325      0.952      0.000
  -1   -2     -1.321     -0.905      0.000
  38   44     -1.321      1.012      0.000
  37   45     -1.319      0.261      0.000
  41   -2     -1.312     -0.180      0.000
  42   47     -1.305      0.069      0.000
  43   48     -1.303      0.553      0.000
  45   -2     -1.302     -0.754      0.000
  44   50     -1.300      0.858      0.000
  46   -2     -1.300     -0.945      0.000
  47   49     -1.297      1.150      0.000
  48   -2     -1.291     -0.781      0.000
  50   52     -1.288     -0.917      0.000
  -1   46     -1.278     -0.115      0.000
  40   54     -1.275     -1.165      0.000
  52   55     -1.272      0.638      0.000
  53   -2     -1.247      0.002      0.000
  49   57     -1.246      0.035      0.000
  55   -2     -1.242      0.709      0.000
  57   59     -1.234     -0.574      0.000
  56   -2     -1.232     -0.299      0.000
  59   60     -1.232     -0.775      0.000
  60   62     -1.230      0.937      0.000
  58   63     -1.228      0.157      0.000
  61   65     -1.216      0.511      0.000
  62   61     -1.209     -0.393      0.000
  63   67     -1.188      0.581      0.000
  64   86     -1.177      0.361      0.000
  65   69     -1.171     -0.599      0.000
  66   70     -1.169     -0.817      0.000
  67   71     -1.164      0.785      0.000
  68   -2     -1.162      0.473      0.000
  71   72     -1.162     -1.159      0.000
  70   73     -1.161     -0.784      0.000
  72   74     -1.157      0.987      0.000
  85   56     -1.138     -0.005      0.000
  74   75     -1.131     -1.010      0.000
  75   76     -1.125     -0.971      0.000
  76   77     -1.120      0.686      0.000
  78   79     -1.110     -0.525      0.000
  79   80     -1.108      0.996      0.000
  80   82     -1.090      0.600      0.000
  81   84     -1.089     -1.166      0.000
  82   83     -1.067     -0.329      0.000
  83   85     -1.056     -1.016      0.000
  86   -2     -1.035      0.381      0.000
  87   88     -1.019     -0.356      0.000
  88   89     -1.017     -0.701      0.000
  89   87     -1.017     -0.833      0.000
  84  108     -1.014     -1.168      0.000
  90   91     -1.013      0.773      0.000
  92   92     -1.006     -1.076      0.000
  94   94     -0.999     -0.959      0.000
  93   95     -0.998     -0.101      0.000
  95   97     -0.988     -0.272      0.000
  96   96     -0.985      0.999      0.000
  98   98     -0.968     -0.980      0.000
  97   99     -0.966      0.382      0.000
  99  100     -0.963      0.889      0.000
 101  101     -0.954      0.463      0.000
 102  102     -0.948     -0.915      0.000
 103   -2     -0.936      0.562      0.000
 104   -2     -0.932     -0.158      0.000
 105  103     -0.930     -0.423      0.000
 106  106     -0.917      0.379      0.000
 107  109     -0.911     -0.216      0.000
  -1  107     -0.908      1.068      0.000
  -1   -2     -0.908     -1.071      0.000
  -1  111     -0.905      0.184      0.000
 110  110     -0.902     -0.761      0.000
 109  112     -0.902     -0.177      0.000
  -1   -2     -0.897     -1.165      0.000
 111  113     -0.871      0.331      0.000
 113  124     -0.869     -0.981      0.000
 114  115     -0.865      0.893      0.000
 125  104     -0.856     -0.111      0.000
 115  117     -0.839     -0.735      0.000
 117  118     -0.833     -1.087      0.000
 116  119     -0.832      0.566      0.000
 118  120     -0.821      1.087      0.000
 124  132     -0.815     -1.157      0.000
  -1  121     -0.815     -0.691      0.000
 120  123     -0.813     -0.612      0.000
 108  146     -0.813      1.044      0.000
 122  125     -0.806      0.693      0.000
 123   -2     -0.806     -0.937      0.000
 126  130     -0.774     -0.448      0.000
 127  131     -0.772      0.996      0.000
  -1  138     -0.769      0.772      0.000
 128  133     -0.769     -0.801      0.000
 129   -2     -0.765      0.742      0.000
 130  134     -0.757     -0.932      0.000
 131  135     -0.754     -0.756      0.000
 136  136     -0.746     -1.011      0.000
 132  139     -0.745     -0.144      0.000
 133  140     -0.745      0.478      0.000
 135   -2     -0.744      0.823      0.000
 137  137     -0.743     -0.968      0.000
 134  142     -0.742     -0.224      0.000
 138  141     -0.741      0.896      0.000
 140  143     -0.722     -0.064      0.000
 139  144     -0.721      0.335      0.000
 141  147     -0.710     -0.016      0.000
 142   -2     -0.706      0.995      0.000
 143  148     -0.697     -1.128      0.000
  -1   -2     -0.694     -1.167      0.000
 144  145     -0.689      0.396      0.000
 145  149     -0.688      0.262      0.000
 146  150     -0.686     -0.463      0.000
 147  153     -0.680      0.321      0.000
 149  152     -0.676      1.083      0.000
 150  154     -0.664     -1.088      0.000
 151  155     -0.663      1.028      0.000
 152  157     -0.656     -0.067      0.000
 153  158     -0.651      1.170      0.000
 154  159     -0.645     -0.707      0.000
 155  161     -0.639      0.030      0.000
 157  160     -0.638     -1.023      0.000
 158  163     -0.631     -0.578      0.000
 159  164     -0.619      0.756      0.000
 160  166     -0.614     -0.165      0.000
 161   -2     -0.608      0.138      0.000
  -1   -2     -0.598      0.645      0.000
  -1  168     -0.598     -0.595      0.000
 162  169     -0.595     -0.794      0.000
 163   -2     -0.595     -1.147      0.000
  -1  170     -0.594     -1.116      0.000
 164  171     -0.582     -0.119      0.000
 167  173     -0.571      0.924      0.000
 156  190     -0.571     -0.952      0.000
 168  172     -0.559     -1.011      0.000
  -1  167     -0.549      0.226      0.000
 172   -2     -0.548     -1.172      0.000
  -1  175     -0.547      1.097      0.000
 171  176     -0.545     -0.335      0.000
  -1  178     -0.538     -1.091      0.000
 173  179     -0.534     -0.545      0.000
  -1  180     -0.531     -0.465      0.000
  -1  177     -0.522     -1.158      0.000
 174  181     -0.509     -0.309      0.000
  -1  189     -0.496     -0.259      0.000
 175  183     -0.483     -0.554      0.000
 176  184     -0.473      0.037      0.000
 179  182     -0.469     -1.174      0.000
 177  187     -0.465      0.366      0.000
 178  186     -0.465      0.718      0.000
 180  185     -0.464      1.029      0.000
 181   -2     -0.456      0.576      0.000
 182  188     -0.452      0.510      0.000
  -1   -2     -0.451     -0.266      0.000
 185   -2     -0.438     -1.005      0.000
 183  191     -0.438      0.284      0.000
 184  192     -0.436     -0.732      0.000
 187  194     -0.409     -0.902      0.000
 188  196     -0.399      0.073      0.000
 189  197     -0.396      0.192      0.000
 192  195     -0.396      1.140      0.000
 190  199     -0.381     -0.067      0.000
 195  200     -0.379     -1.169      0.000
 191  198     -0.379     -1.027      0.000
 193   -2     -0.370     -0.329      0.000
  -1  202     -0.366      1.139      0.000
 197  204     -0.359      0.815      0.000
 198  206     -0.351      0.481      0.000
 199  205     -0.350     -0.669      0.000
 200  207     -0.348     -0.574      0.000
 201   -2     -0.341      1.069      0.000
 203  226     -0.339     -0.815      0.000
 202  210     -0.338     -0.739      0.000
 209  201     -0.334     -0.405      0.000
 205  213     -0.325      0.795      0.000
  -1  214     -0.325      0.564      0.000
 206  215     -0.317      0.953      0.000
 207  216     -0.313      0.348      0.000
 208  217     -0.310     -0.222      0.000
 211  218     -0.301     -1.012      0.000
 212  219     -0.299     -0.340      0.000
 213  220     -0.295     -1.065      0.000
  -1  221     -0.290     -0.299      0.000
 214  222     -0.283     -0.924      0.000
  -1  223     -0.281      0.566      0.000
 216  225     -0.275     -0.650      0.000
 215  224     -0.272     -1.158      0.000
 217   -2     -0.271     -0.834      0.000
 218  227     -0.266      0.877      0.000
  -1  230     -0.229     -0.995      0.000
 221   -2     -0.229     -0.961      0.000
 220  232     -0.228      0.334      0.000
 229  233     -0.220     -1.090      0.000
 223   -2     -0.212     -0.768      0.000
 225   -2     -0.201     -0.237      0.000
  -1  236     -0.197     -1.060      0.000
 226  238     -0.195      0.458      0.000
 227  237     -0.194     -0.470      0.000
  -1  209     -0.172      1.100      0.000
 230  240     -0.171      0.794      0.000
 219  252     -0.159      0.603      0.000
 235  245     -0.137     -1.125      0.000
 241  234     -0.136     -0.877      0.000
 233  246     -0.133     -0.011      0.000
  -1  248     -0.115     -0.171      0.000
 239  249     -0.113     -0.755      0.000
 231  263     -0.109      0.064      0.000
 254  235     -0.106     -0.317      0.000
 242   -2     -0.086      0.540      0.000
 243  253     -0.081      0.699      0.000
 244  254     -0.080     -0.237      0.000
  -1  267     -0.075      0.434      0.000
  -1  265     -0.065     -0.393      0.000
  -1  258     -0.058     -0.118      0.000
 246  255     -0.055      0.363      0.000
 247  256     -0.053      0.784      0.000
  -1  259     -0.047     -0.807      0.000
 248   -2     -0.046     -0.729      0.000
 250  261     -0.037      0.241      0.000
  -1   -2     -0.031     -0.007      0.000
 253  264     -0.026      0.662      0.000
  -1   -2     -0.023     -0.403      0.000
 257  266     -0.023      0.337      0.000
 255   -2     -0.022      0.387      0.000
 258  268     -0.021     -0.993      0.000
 260  269      0.002     -0.033      0.000
 261  270      0.003      0.123      0.000
 262  271      0.009      1.093      0.000
 270  284      0.014     -1.169      0.000
 249  273      0.015     -0.566      0.000
  -1  275      0.022      0.642      0.000
 259  282      0.022      0.966      0.000
 264  278      0.033      0.344      0.000
 265  277      0.035     -0.182      0.000
  -1   -2      0.045      0.412      0.000
 266  280      0.053      0.648      0.000
 252  292      0.056      0.027      0.000
 269   -2      0.059      1.015      0.000
 271  285      0.067      0.370      0.000
 272  286      0.067      0.738      0.000
 273   -2      0.068      0.894      0.000
 263  295      0.077     -1.033      0.000
 275  287      0.085     -1.094      0.000
 277  290      0.108      0.149      0.000
 278  291      0.113      0.507      0.000
 279   -2      0.118      0.099      0.000
 281   -2      0.120      1.079      0.000
 283  281      0.122     -0.097      0.000
 282   -2      0.126      0.980      0.000
 284  294      0.129      0.945      0.000
 276   -2      0.140     -0.957      0.000
 286  296      0.141      0.767      0.000
 287  297      0.142      1.160      0.000
 289  299      0.154     -0.573      0.000
  -1   -2      0.156     -0.919      0.000
 290  300      0.160     -0.780      0.000
 291  301      0.171      0.402      0.000
  -1  293      0.171     -0.133      0.000
 292  302      0.187     -0.800      0.000
 293  303      0.190      1.076      0.000
 294  305      0.199     -0.545      0.000
 295  306      0.199      0.629      0.000
 297  308      0.210      0.004      0.000
 298  309      0.217     -1.122      0.000
  -1  310      0.219     -0.367      0.000
 300  311      0.232     -0.200      0.000
 301  312      0.236      1.076      0.000
 302  313      0.237     -0.995      0.000
 304  315      0.251      0.820      0.000
 303  314      0.253     -0.448      0.000
 305  316      0.258      0.261      0.000
 306  329      0.268      0.170      0.000
 307  317      0.277     -0.947      0.000
  -1  325      0.294     -1.173      0.000
 309  319      0.297      0.040      0.000
 310  320      0.300     -0.249      0.000
  -1  321      0.302     -0.398      0.000
 311  322      0.306     -1.115      0.000
  -1  330      0.308     -0.467      0.000
 312  323      0.308      1.126      0.000
 314   -2      0.335      1.175      0.000
 315   -2      0.336      0.738      0.000
 316   -2      0.339     -0.479      0.000
 313   -2      0.340     -1.171      0.000
  -1   -2      0.342      0.268      0.000
 317  327      0.344      0.043      0.000
 318   -2      0.351      0.320      0.000
  -1  333      0.351     -0.600      0.000
 320   -2      0.362      0.174      0.000
 321  326      0.365      0.608      0.000
 323  332      0.369     -0.899      0.000
 324   -2      0.370     -0.481      0.000
 325   -2      0.382     -0.535      0.000
  -1  334      0.385      0.984      0.000
 327  335      0.392     -0.018      0.000
 326  336      0.392     -1.066      0.000
  -1   -2      0.396      0.782      0.000
 330  337      0.398     -1.165      0.000
  -1  344      0.411     -0.749      0.000
 329  341      0.415     -0.974      0.000
  -1   -2      0.416      0.693      0.000
  -1  340      0.418      0.629      0.000
 351  328      0.423      0.349      0.000
 332   -2      0.426     -0.682      0.000
 333  343      0.427      0.820      0.000
 334  346      0.432     -0.495      0.000
 335  347      0.439     -0.050      0.000
  -1   -2      0.439     -0.879      0.000
 336  338      0.448      0.759      0.000
 337  354      0.453     -1.085      0.000
 340  349      0.466      0.993      0.000
 342  352      0.480     -0.691      0.000
 341  351      0.481     -0.870      0.000
  -1   -2      0.485     -1.116      0.000
 344  356      0.491     -1.152      0.000
 345  350      0.495     -1.177      0.000
 346  357      0.510     -0.056      0.000
 347  358      0.512      0.929      0.000
 348  359      0.513     -0.404      0.000
 338  370      0.517      0.562      0.000
 350  361      0.521     -0.633      0.000
 349  362      0.524      0.603      0.000
 352  363      0.531     -0.977      0.000
 353  364      0.533      0.994      0.000
 355  366      0.555      1.125      0.000
 354  367      0.555      0.892      0.000
 356  368      0.559     -1.020      0.000
 357   -2      0.563      0.618      0.000
 358  369      0.567      0.541      0.000
 359  372      0.587     -0.799      0.000
 361  375      0.608      0.931      0.000
 362  376      0.610     -1.046      0.000
 363  377      0.614      1.014      0.000
 366   -2      0.616     -0.007      0.000
 365  378      0.616     -0.513      0.000
 364  379      0.617     -0.888      0.000
 367  380      0.638      0.281      0.000
  -1  383      0.651     -0.073      0.000
 368  385      0.656     -1.170      0.000
 369  384      0.663     -0.404      0.000
 360  396      0.672     -0.684      0.000
 371  386      0.680      0.372      0.000
 372  387      0.681      0.426      0.000
 373  388      0.686     -1.070      0.000
 374  390      0.691     -0.898      0.000
 378  392      0.695     -0.150      0.000
 376  391      0.700      0.696      0.000
 377   -2      0.701     -0.080      0.000
 375   -2      0.701      1.150      0.000
 380  395      0.726     -0.920      0.000
 381   -2      0.730     -0.668      0.000
 382  399      0.740     -0.980      0.000
 383  398      0.741     -0.035      0.000
 385  402      0.745      0.105      0.000
 384  400      0.746     -1.101      0.000
 379  411      0.762     -0.238      0.000
 387   -2      0.776      0.182      0.000
  -1  418      0.781      0.256      0.000
  -1  403      0.782      0.670      0.000
 388  406      0.787     -1.045      0.000
 389  405      0.788      0.955      0.000
  -1  407      0.790      0.558      0.000
 391  408      0.792      0.457      0.000
 392  409      0.797     -0.155      0.000
 394  412      0.806      0.701      0.000
 396  413      0.811     -0.976      0.000
 395  414      0.811     -1.144      0.000
 397  415      0.814      0.753      0.000
 399  417      0.821      0.813      0.000
 401   -2      0.825      0.255      0.000
 402  420      0.828     -0.807      0.000
 390  433      0.843     -0.677      0.000
 403  421      0.843     -0.462      0.000
 404  422      0.857     -1.077      0.000
 405   -2      0.861      0.558      0.000
 406   -2      0.864      0.848      0.000
 407  426      0.867     -0.281      0.000
 410   -2      0.868      0.481      0.000
 409  424      0.870      1.126      0.000
 411  427      0.874     -0.545      0.000
 412  428      0.876     -0.149      0.000
  -1  423      0.879      0.601      0.000
  -1  441      0.879      0.787      0.000
  -1   -2      0.880     -0.248      0.000
 398  438      0.894     -0.876      0.000
 415   -2      0.898     -0.803      0.000
 422  434      0.901     -0.942      0.000
 416   -2      0.902     -1.006      0.000
 417  425      0.903      0.500      0.000
 419  435      0.906     -0.025      0.000
 418  436      0.908     -1.136      0.000
 420  437      0.920     -0.697      0.000
  -1  430      0.926     -0.233      0.000
  -1  439      0.930     -0.998      0.000
  -1   -2      0.931     -0.861      0.000
 423  440      0.936      0.695      0.000
 425   -2      0.941      0.311      0.000
 421  447      0.941     -1.076      0.000
 426  443      0.948      0.010      0.000
 429  446      0.960      0.274      0.000
  -1   -2      0.965     -0.877      0.000
 424  453      0.968     -1.128      0.000
 428  444      0.970     -0.436      0.000
  -1  448      0.973      0.740      0.000
 431  449      0.977     -0.580      0.000
 433  450      0.984      0.114      0.000
  -1  451      0.984      0.019      0.000
 434   -2      0.988     -1.175      0.000
 432  452      0.988     -1.107      0.000
 435  454      0.995      0.859      0.000
 437  456      1.024     -0.671      0.000
 438  457      1.027      0.991      0.000
 440  458      1.037     -0.366      0.000
 442   -2      1.058     -0.619      0.000
 444  462      1.071     -1.175      0.000
 445  463      1.089      1.040      0.000
 441  477      1.108     -0.512      0.000
 448  466      1.111      0.290      0.000
 451  460      1.126     -0.734      0.000
 453  474      1.146     -0.327      0.000
 454  473      1.149      0.394      0.000
 450  483      1.162     -1.031      0.000
 457  476      1.168     -0.450      0.000
  -1  489      1.169     -0.114      0.000
 459   -2      1.196     -0.509      0.000
 460  478      1.199      0.984      0.000
 464   -2      1.220     -0.448      0.000
 463   -2      1.222      0.914      0.000
 455   -2      1.233     -1.052      0.000
 466   -2      1.237     -0.545      0.000
 467  482      1.249     -0.418      0.000
 458  491      1.249     -1.094      0.000
 469  484      1.269      0.178      0.000
 470  486      1.277     -0.491      0.000
  -1  485      1.279      0.116      0.000
  -1  488      1.286      0.251      0.000
 474   -2      1.298     -1.169      0.000
 472  487      1.314      0.488      0.000
 473   -2      1.318      0.236      0.000
 475   -2      1.325     -0.179      0.000
  -1   -2      1.328     -1.130      0.000
 476  490      1.337     -0.270      0.000
 471  504      1.342     -0.988      0.000
 478  492      1.346      1.050      0.000
 479  494      1.356      0.545      0.000
 482   -2      1.360     -0.323      0.000
 481  497      1.360     -0.840      0.000
 483  498      1.364     -0.378      0.000
 485   -2      1.370     -1.160      0.000
 484  500      1.376     -0.901      0.000
  -1  505      1.386      0.972      0.000
 486  501      1.386      0.264      0.000
  -1  496      1.391     -0.291      0.000
 487  502      1.399      0.759      0.000
  -1  493      1.399     -1.174      0.000
 488  503      1.400     -0.841      0.000
  -1   -2      1.408     -1.091      0.000
 490   -2      1.427      0.991      0.000
 491  506      1.429      0.396      0.000
 506   -2      1.435      0.946      0.000
 492  508      1.435     -0.015      0.000
  -1   -2      1.436      0.819      0.000
 493   -2      1.441     -0.943      0.000
 495  509      1.443     -0.136      0.000
 496  510      1.447     -0.994      0.000
  -1  511      1.447     -0.184      0.000
 494   -2      1.452     -1.174      0.000
 497  512      1.453      0.092      0.000
 498  515      1.460     -0.637      0.000
 499  513      1.469      0.640      0.000
 500  516      1.471      0.527      0.000
  -1  517      1.479     -0.374      0.000
 501  518      1.490      0.348      0.000
 502  519      1.497      1.009      0.000
 505  520      1.502      1.129      0.000
 503  526      1.521     -1.088      0.000
 508  524      1.523      0.409      0.000
  -1  523      1.527      0.772      0.000
 509  525      1.535      1.046      0.000
  -1  529      1.536     -1.160      0.000
 511  528      1.540     -0.914      0.000
 510  527      1.540     -0.798      0.000
 513  530      1.549     -0.692      0.000
