531
   0    0     -1.573      0.924      0.000
  -1   18     -1.573     -1.173      0.000
   1    1     -1.572      0.407      0.000
   5    2     -1.552      0.048      0.000
   6    3     -1.551     -0.627      0.000
  -1   -2     -1.549      1.060      0.000
   8    5     -1.538     -1.044      0.000
   9    6     -1.529     -0.562      0.000
  11   19     -1.529     -1.129      0.000
  12   -2     -1.523     -0.002      0.000
  13    7     -1.520     -0.058      0.000
  14    8     -1.519      0.216      0.000
  -1   11     -1.504     -1.029      0.000
  17   12     -1.497      0.963      0.000
  -1   13     -1.496      1.139      0.000
  18   14     -1.492      0.875      0.000
  19   15     -1.490     -0.600      0.000
  20   -2     -1.489      0.832      0.000
  21   16     -1.476      0.535      0.000
  22   17     -1.466      1.009      0.000
  24   -2     -1.462     -1.165      0.000
  16   27     -1.460     -0.864      0.000
  26   21     -1.459     -1.006      0.000
  -1   -2     -1.447      0.744      0.000
  10   -2     -1.431     -0.512      0.000
  34   -2     -1.429      0.914      0.000
  30   -2     -1.427      0.678      0.000
  31   24     -1.425     -0.210      0.000
  -1   26     -1.407      0.863      0.000
  -1   -2     -1.398     -0.963      0.000
  33   28     -1.372      0.513      0.000
  32   34     -1.358     -1.027      0.000
  35   29     -1.346     -0.168      0.000
  -1   30     -1.339     -0.104      0.000
  36   31     -1.327      1.141      0.000
  37   32     -1.326     -0.715      0.000
  58   -2     -1.326     -1.163      0.000
  38   33     -1.321      0.491      0.000
  -1   35     -1.321      0.788      0.000
  41   37     -1.309     -0.477      0.000
  43   38     -1.299     -0.827      0.000
  -1   -2     -1.294     -0.764      0.000
  44   40     -1.292      0.889      0.000
  48   42     -1.285      0.578      0.000
  -1   -2     -1.284     -0.951      0.000
  47   43     -1.284     -0.223      0.000
  46   44     -1.283      0.469      0.000
  49   45     -1.278     -0.381      0.000
  51   47     -1.271      0.788      0.000
  -1   59     -1.269     -0.559      0.000
  52   48     -1.265      1.010      0.000
  54   50     -1.264     -0.492      0.000
  53   51     -1.262      0.401      0.000
  55   -2     -1.261     -1.034      0.000
  50   46     -1.260     -1.146      0.000
  56   53     -1.253     -0.240      0.000
  57   54     -1.246     -0.288      0.000
  59   56     -1.236     -0.718      0.000
  60   52     -1.232     -1.058      0.000
  61   57     -1.225      0.679      0.000
  62   60     -1.215      0.350      0.000
  63   61     -1.209     -0.606      0.000
  -1   64     -1.205     -0.509      0.000
  -1   -2     -1.196     -0.962      0.000
  -1   -2     -1.194     -0.478      0.000
  64   63     -1.193     -0.115      0.000
  65   62     -1.193     -1.030      0.000
  67   -2     -1.163     -0.525      0.000
  68   65     -1.160      0.921      0.000
  -1   67     -1.146      1.147      0.000
  69   68     -1.142      0.634      0.000
  70   70     -1.137     -0.160      0.000
  73   69     -1.134     -1.006      0.000
  -1   71     -1.131     -0.060      0.000
  71   72     -1.125     -0.022      0.000
  74   73     -1.120     -1.045      0.000
  72   77     -1.113      0.345      0.000
  75   75     -1.112      0.275      0.000
  76   76     -1.110     -0.244      0.000
  77   85     -1.094      0.453      0.000
  81   80     -1.085      0.417      0.000
  83   81     -1.074     -0.855      0.000
  82   82     -1.072     -0.063      0.000
  84   83     -1.069      0.035      0.000
  86   84     -1.055      1.001      0.000
  -1   86     -1.054      0.737      0.000
  87   89     -1.042      0.142      0.000
  88   88     -1.039     -1.095      0.000
  89   -2     -1.036     -0.484      0.000
  90   91     -1.031     -1.171      0.000
  -1   92     -1.019     -0.241      0.000
  91   93     -1.011     -0.153      0.000
  92   94     -0.998     -0.989      0.000
  -1   95     -0.998      1.112      0.000
  94   96     -0.987     -0.101      0.000
  95   97     -0.983      0.064      0.000
  96   -2     -0.979      0.950      0.000
  97   98     -0.975     -0.666      0.000
  -1  100     -0.968     -0.848      0.000
 100  101     -0.957     -0.461      0.000
  -1  102     -0.947     -0.979      0.000
  -1   -2     -0.941     -0.042      0.000
 101  105     -0.936      0.831      0.000
 102  104     -0.934     -0.745      0.000
 103  106     -0.925     -0.802      0.000
 104  107     -0.912     -1.108      0.000
  -1   -2     -0.906      0.715      0.000
 110  111     -0.903     -1.172      0.000
 105  108     -0.901     -1.035      0.000
 107  110     -0.898      1.131      0.000
 108  112     -0.890      0.049      0.000
  -1  119     -0.888     -0.615      0.000
 109  113     -0.886     -0.288      0.000
 111  114     -0.885      0.885      0.000
  -1   -2     -0.867      0.771      0.000
 112   -2     -0.865      0.746      0.000
  -1  116     -0.860     -0.254      0.000
 113  117     -0.859      0.320      0.000
 106  115     -0.859      0.692      0.000
 115   -2     -0.855     -0.545      0.000
 116  118     -0.855     -0.776      0.000
 133   99     -0.847      0.244      0.000
  93  147     -0.846      1.055      0.000
 118  121     -0.845      0.989      0.000
  -1   -2     -0.835     -0.666      0.000
  -1  136     -0.833     -1.171      0.000
  -1   -2     -0.831     -0.941      0.000
 120  122     -0.822      1.096      0.000
 119  124     -0.821     -0.399      0.000
 121  123     -0.820     -0.993      0.000
  -1  125     -0.819     -0.544      0.000
 122  126     -0.813      0.838      0.000
 123  128     -0.810     -0.202      0.000
 124  129     -0.806      0.430      0.000
 126  132     -0.801      0.080      0.000
 127  130     -0.800      0.949      0.000
 130  131     -0.798     -0.674      0.000
 129  133     -0.795      0.172      0.000
 132  137     -0.786     -0.469      0.000
 131  138     -0.784      0.484      0.000
 134   -2     -0.782     -1.168      0.000
 135  140     -0.767     -0.030      0.000
 138   -2     -0.755     -1.154      0.000
 142  142     -0.739     -0.956      0.000
 139  143     -0.737     -0.095      0.000
 140  144     -0.737      0.594      0.000
 143  146     -0.737      0.790      0.000
 141  145     -0.736     -0.453      0.000
 144   -2     -0.730      0.823      0.000
  -1   -2     -0.722      1.005      0.000
  -1   -2     -0.718      0.625      0.000
  -1  141     -0.718     -1.163      0.000
 149  149     -0.715     -0.722      0.000
 146  159     -0.713      1.059      0.000
 150   -2     -0.705     -1.014      0.000
 152   -2     -0.700     -0.493      0.000
 151  150     -0.699     -0.230      0.000
 154   -2     -0.695     -1.093      0.000
 153  152     -0.692      0.380      0.000
 156  153     -0.677     -0.713      0.000
  -1  151     -0.671     -1.052      0.000
 157  157     -0.667      0.272      0.000
 148  154     -0.666     -1.174      0.000
 160  158     -0.662      1.021      0.000
 159   -2     -0.650     -0.134      0.000
 162   -2     -0.648      1.063      0.000
 163   -2     -0.642      1.165      0.000
 164  164     -0.633      0.422      0.000
 165  165     -0.623     -0.955      0.000
 166  166     -0.615      0.937      0.000
 167  167     -0.615     -0.579      0.000
  -1   -2     -0.610     -0.219      0.000
 168   -2     -0.606     -0.183      0.000
 169  169     -0.602     -1.031      0.000
 175  161     -0.597      1.147      0.000
 171  171     -0.591     -0.415      0.000
 173   -2     -0.587     -0.922      0.000
 195   -2     -0.585      0.830      0.000
 172  174     -0.582      0.614      0.000
  -1   -2     -0.573      0.414      0.000
 174  172     -0.570     -0.947      0.000
 176  175     -0.557     -0.484      0.000
 177  176     -0.552      0.583      0.000
 179  180     -0.545      0.246      0.000
 181  179     -0.539      1.040      0.000
 180   -2     -0.521      0.224      0.000
 183  190     -0.521      0.896      0.000
 182  181     -0.519     -0.531      0.000
 184  182     -0.514      0.416      0.000
 185  183     -0.510     -0.702      0.000
  -1  168     -0.496     -0.123      0.000
 188  184     -0.485     -1.165      0.000
 187  186     -0.483     -0.806      0.000
 186  187     -0.482     -0.432      0.000
 189  188     -0.476      0.690      0.000
  -1   -2     -0.476      0.722      0.000
 190  189     -0.474      0.318      0.000
 191   -2     -0.448      0.788      0.000
 194  192     -0.447      0.614      0.000
 197  194     -0.436      0.854      0.000
 196  196     -0.435     -0.277      0.000
 198  195     -0.435      1.015      0.000
 199  198     -0.424     -0.787      0.000
  -1   -2     -0.410     -1.129      0.000
  -1  199     -0.406     -0.568      0.000
  -1  200     -0.398      0.588      0.000
 201  201     -0.389      0.560      0.000
  -1   -2     -0.371     -1.177      0.000
 202  202     -0.370     -0.490      0.000
 203  203     -0.367      0.074      0.000
 205  204     -0.364     -0.725      0.000
 207  205     -0.352      0.518      0.000
 204  206     -0.343      1.013      0.000
  -1  208     -0.339     -0.169      0.000
 210  207     -0.335     -0.766      0.000
  -1   -2     -0.304     -0.103      0.000
  -1  191     -0.297      0.795      0.000
  -1  211     -0.291     -1.171      0.000
 213  213     -0.283     -0.835      0.000
 212  214     -0.282      0.280      0.000
  -1  216     -0.274     -0.033      0.000
 217  217     -0.264      1.162      0.000
 218  218     -0.258     -0.438      0.000
 219  219     -0.251      0.239      0.000
 221   -2     -0.241     -0.540      0.000
 222  222     -0.240      0.436      0.000
  -1   -2     -0.238      1.096      0.000
 223  225     -0.232      0.171      0.000
 224  223     -0.231     -1.092      0.000
 226  210     -0.224     -0.080      0.000
 234   -2     -0.221     -1.167      0.000
  -1  226     -0.214     -0.452      0.000
 229  230     -0.193     -0.189      0.000
 230  231     -0.191      0.248      0.000
 232  232     -0.189      0.965      0.000
  -1  234     -0.186     -0.430      0.000
 233  229     -0.183     -0.920      0.000
 244  221     -0.171     -0.555      0.000
 238   -2     -0.168     -0.406      0.000
 237  235     -0.168      0.020      0.000
 236   -2     -0.167      0.108      0.000
 239  236     -0.165     -0.736      0.000
 240  237     -0.155      0.405      0.000
 231   -2     -0.147     -1.126      0.000
 242  243     -0.134     -0.247      0.000
 243  239     -0.126      0.965      0.000
 215  276     -0.109     -0.057      0.000
 246  241     -0.107      0.812      0.000
 247   -2     -0.104     -0.291      0.000
 248  244     -0.098     -0.787      0.000
 249  245     -0.094      0.223      0.000
 250  246     -0.080     -1.039      0.000
 251  247     -0.078      0.386      0.000
 252  248     -0.078      0.909      0.000
 253   -2     -0.074      0.057      0.000
 254  249     -0.070     -1.168      0.000
  -1   -2     -0.067     -0.203      0.000
 256  259     -0.056      0.499      0.000
 257   -2     -0.054     -0.236      0.000
 259  254     -0.044      0.862      0.000
 255  256     -0.040      0.242      0.000
 261  255     -0.029      0.388      0.000
 263  257     -0.026      0.843      0.000
 262   -2     -0.026      0.580      0.000
 264  258     -0.023     -0.007      0.000
  -1  261     -0.021      0.776      0.000
 265  262     -0.018      0.664      0.000
 266  264     -0.018     -1.088      0.000
 267  251     -0.008     -0.163      0.000
 258  286      0.014     -1.010      0.000
 268  265      0.021      0.436      0.000
  -1  267      0.038     -1.170      0.000
 271  266      0.040      1.038      0.000
 272  268      0.041      0.605      0.000
 294  250      0.042      0.107      0.000
 274  271      0.048     -0.605      0.000
  -1  272      0.050      0.536      0.000
 276  273      0.051     -0.745      0.000
 283   -2      0.054      0.818      0.000
  -1  277      0.055     -0.921      0.000
 277  275      0.056     -0.443      0.000
  -1   -2      0.057     -0.005      0.000
 279   -2      0.067      0.307      0.000
 269   -2      0.071     -1.089      0.000
 282  282      0.090     -1.166      0.000
 281  283      0.090      0.278      0.000
  -1  281      0.090     -0.652      0.000
 285   -2      0.099     -1.043      0.000
 278   -2      0.115     -0.280      0.000
 290  289      0.132      1.056      0.000
 291  290      0.134     -1.054      0.000
  -1   -2      0.135     -0.858      0.000
 292   -2      0.138      0.650      0.000
 286   -2      0.138     -0.951      0.000
 293  293      0.141      0.566      0.000
  -1  295      0.151     -0.899      0.000
 295  297      0.170      0.250      0.000
 296  296      0.173      0.709      0.000
  -1  298      0.177     -0.430      0.000
 298  299      0.185     -0.863      0.000
  -1  307      0.190     -1.169      0.000
 299  300      0.191     -0.264      0.000
 300  301      0.200     -1.079      0.000
 301  302      0.210     -0.693      0.000
 302   -2      0.223     -0.162      0.000
 303   -2      0.225      0.896      0.000
 297   -2      0.225     -1.001      0.000
 287  336      0.225      0.045      0.000
 304  305      0.227     -0.343      0.000
 307  306      0.229     -0.583      0.000
 308  309      0.236      0.655      0.000
 331  279      0.241      0.372      0.000
  -1   -2      0.252     -1.172      0.000
  -1  312      0.255     -0.069      0.000
  -1  308      0.256      0.886      0.000
  -1  313      0.263     -0.605      0.000
 310  314      0.270     -1.054      0.000
 311  315      0.271     -0.405      0.000
 312  316      0.281     -1.131      0.000
 313  317      0.282     -0.215      0.000
 314  318      0.300      0.107      0.000
 315   -2      0.302      0.657      0.000
 316  321      0.308     -0.713      0.000
 317  322      0.311      0.837      0.000
 319  324      0.322      0.774      0.000
 320  325      0.326      0.176      0.000
 321  320      0.330      0.642      0.000
 318  319      0.332     -1.174      0.000
 322  328      0.341     -1.042      0.000
 323  329      0.350      1.141      0.000
 329   -2      0.357     -0.975      0.000
 326  330      0.359     -0.895      0.000
 327  331      0.365     -0.196      0.000
 328   -2      0.367     -0.233      0.000
  -1  333      0.376     -0.106      0.000
 330  335      0.377      0.970      0.000
  -1  334      0.382     -0.953      0.000
 332   -2      0.386      0.053      0.000
  -1  339      0.395      0.705      0.000
 335  340      0.405     -0.716      0.000
 336  341      0.409     -0.562      0.000
 340  344      0.419     -0.255      0.000
  -1  343      0.420      0.137      0.000
 341  345      0.433     -1.113      0.000
 342  346      0.442      0.801      0.000
 343  347      0.450     -0.647      0.000
 344  348      0.460     -1.172      0.000
 345  349      0.465     -0.266      0.000
 346  350      0.472     -0.308      0.000
  -1  358      0.474      0.049      0.000
 348   -2      0.482      1.072      0.000
 339  378      0.482     -0.877      0.000
  -1  360      0.482     -0.468      0.000
 350  353      0.492      0.899      0.000
 352  355      0.502      0.206      0.000
 351   -2      0.507     -1.154      0.000
 353   -2      0.510      0.728      0.000
 355  357      0.514      0.121      0.000
 354   -2      0.516     -0.425      0.000
 356  359      0.516      0.615      0.000
 357  361      0.521      1.141      0.000
  -1   -2      0.524      0.798      0.000
 358  362      0.531     -1.066      0.000
 360  363      0.541     -0.598      0.000
 361   -2      0.551     -1.151      0.000
 363  364      0.553      0.006      0.000
 362  365      0.554     -0.299      0.000
 364  366      0.557      1.003      0.000
  -1  367      0.562     -1.094      0.000
 365   -2      0.566     -0.708      0.000
 366   -2      0.572     -0.082      0.000
  -1  373      0.576      0.361      0.000
 367  369      0.577     -0.464      0.000
 370  368      0.582     -0.753      0.000
 371  370      0.590      1.137      0.000
 372  371      0.600      0.517      0.000
 374  372      0.606      0.428      0.000
 368   -2      0.607      0.384      0.000
 380   -2      0.614      0.219      0.000
 381   -2      0.616     -1.031      0.000
 379  377      0.619     -0.981      0.000
 395  356      0.627     -1.161      0.000
 383  379      0.628     -0.020      0.000
 384   -2      0.638      1.064      0.000
 386  383      0.639     -0.440      0.000
 385  381      0.642      1.008      0.000
 387  384      0.650      0.536      0.000
 382  398      0.657     -0.746      0.000
  -1  385      0.659      0.217      0.000
 388  386      0.671     -0.608      0.000
 389  387      0.678     -0.702      0.000
 390  388      0.682      0.771      0.000
 391  389      0.682     -0.337      0.000
  -1   -2      0.684      0.343      0.000
 393  390      0.688     -0.908      0.000
 378   -2      0.703      0.661      0.000
  -1   -2      0.707     -0.519      0.000
  -1   -2      0.709     -0.563      0.000
 398  393      0.717      0.920      0.000
 399  395      0.728     -0.983      0.000
 400  396      0.738     -0.039      0.000
 401   -2      0.744     -0.761      0.000
 402  399      0.753     -1.034      0.000
 404  400      0.761      0.594      0.000
 406   -2      0.766      0.941      0.000
 409  402      0.775      0.355      0.000
 405   -2      0.775     -0.806      0.000
 408  403      0.777      0.385      0.000
 410  405      0.778     -0.400      0.000
 413  407      0.787      0.708      0.000
  -1  401      0.792      0.934      0.000
  -1   -2      0.805      1.022      0.000
  -1  410      0.807      0.523      0.000
 414  411      0.810      0.639      0.000
 415  412      0.813     -0.142      0.000
 416  413      0.817      0.853      0.000
  -1  414      0.819      0.953      0.000
 417  415      0.821     -1.092      0.000
 418  416      0.826     -0.229      0.000
 419   -2      0.827      0.232      0.000
 420  417      0.836     -1.035      0.000
 421  418      0.837     -0.764      0.000
  -1   -2      0.839      0.657      0.000
 424  420      0.847      0.351      0.000
 423  421      0.848     -0.589      0.000
  -1  425      0.852     -1.165      0.000
 426  422      0.860     -0.844      0.000
  -1  424      0.861     -1.123      0.000
 427  423      0.863     -0.337      0.000
  -1   -2      0.867     -0.279      0.000
  -1  434      0.887     -0.674      0.000
 431  426      0.894     -0.027      0.000
 429  427      0.896     -0.775      0.000
 432   -2      0.900      1.042      0.000
 433  429      0.907      1.143      0.000
 434   -2      0.943     -0.536      0.000
 435  432      0.945      0.740      0.000
 437  433      0.951      0.175      0.000
  -1   -2      0.952      0.672      0.000
 436   -2      0.953     -0.610      0.000
 438  430      0.957     -0.820      0.000
  -1  442      0.962     -0.049      0.000
 439  435      0.965      1.024      0.000
 440  436      0.968     -0.214      0.000
 441  437      0.968     -0.899      0.000
 442  438      0.976      0.212      0.000
 443  439      0.976      0.928      0.000
  -1  441      0.988     -1.172      0.000
 446  444      0.994      0.503      0.000
 447  446      1.011      0.293      0.000
 448  447      1.014      0.250      0.000
 450  448      1.023     -0.481      0.000
 456  449      1.024     -0.576      0.000
 453  450      1.041     -0.078      0.000
 455  451      1.049     -0.295      0.000
 457  455      1.074     -1.173      0.000
 458  454      1.076      1.149      0.000
 459  456      1.079     -0.193      0.000
 461   -2      1.093     -0.376      0.000
 464  461      1.096      0.622      0.000
 462  458      1.096     -0.672      0.000
 463  459      1.098     -1.087      0.000
 465  462      1.103      1.033      0.000
  -1  463      1.110     -0.479      0.000
 466  464      1.114      0.554      0.000
 467  457      1.117      0.707      0.000
 468  466      1.121     -0.280      0.000
 471   -2      1.123      0.103      0.000
 472  468      1.130      0.432      0.000
 470  469      1.130     -0.313      0.000
 469   -2      1.130      0.171      0.000
 473  470      1.145      0.349      0.000
  -1  467      1.146     -0.028      0.000
 474  471      1.152     -0.764      0.000
 476  472      1.158     -0.218      0.000
 475  473      1.160     -1.002      0.000
 477  474      1.163      0.992      0.000
 478  475      1.170     -0.915      0.000
 492  460      1.180     -0.420      0.000
 481  478      1.184      0.173      0.000
 483  479      1.196      0.321      0.000
 484  481      1.202      1.005      0.000
 482  487      1.204     -1.151      0.000
 485  482      1.208      0.464      0.000
 487  484      1.222     -0.106      0.000
 489  485      1.223      0.803      0.000
 490  486      1.223      0.398      0.000
 488   -2      1.225     -1.080      0.000
 491  483      1.226     -0.693      0.000
  -1   -2      1.240      0.640      0.000
 493  490      1.258      0.694      0.000
 494  492      1.268     -0.082      0.000
 496   -2      1.271     -0.988      0.000
 497  494      1.281      0.979      0.000
 498  495      1.294     -0.668      0.000
 504  491      1.312      0.214      0.000
  -1  499      1.314      0.898      0.000
 501  500      1.315      0.034      0.000
  -1  502      1.319     -1.011      0.000
 502  503      1.320     -0.526      0.000
 503  504      1.325      1.049      0.000
  -1   -2      1.336      0.735      0.000
 511   -2      1.355     -0.058      0.000
 509  505      1.357     -0.690      0.000
 506  507      1.361     -1.167      0.000
 508  508      1.370     -0.777      0.000
 510  510      1.379      1.010      0.000
  -1  511      1.406      0.247      0.000
 513  512      1.408      0.710      0.000
 505   -2      1.409     -0.668      0.000
 514  515      1.439      0.274      0.000
 515  506      1.442     -0.133      0.000
  -1  514      1.450      0.628      0.000
  -1   -2      1.460      0.189      0.000
 517   -2      1.465      0.108      0.000
 516  516      1.469     -0.698      0.000
 520   -2      1.474      0.422      0.000
 519  518      1.478     -0.553      0.000
 521  519      1.478     -0.626      0.000
 523  531      1.489      0.856      0.000
 522  520      1.490     -0.432      0.000
  -1  521      1.497      1.177      0.000
 525  525      1.507     -1.012      0.000
  -1   -2      1.523     -0.700      0.000
 529  528      1.534      0.149      0.000
 530   -2      1.535      0.121      0.000
 531  529      1.539     -1.171      0.000
  -1   -2      1.542     -1.116      0.000
 534  530      1.559     -0.803      0.000
 537  533      1.571     -0.467      0.000
 536  532      1.571      0.248      0.000
