521
  -1    0     -1.575     -0.480      0.000
  -1    2     -1.572     -1.174      0.000
   1    3     -1.571      0.901      0.000
   2    5     -1.562      0.393      0.000
   5    7     -1.546     -1.019      0.000
   6    8     -1.540      0.051      0.000
   0   23     -1.537      0.730      0.000
   8   10     -1.524     -0.540      0.000
   9   12     -1.515     -0.360      0.000
  10   16     -1.506      0.007      0.000
  12   15     -1.506      0.210      0.000
  11   17     -1.504     -0.048      0.000
  -1   -2     -1.504     -1.011      0.000
  13   14     -1.503      1.113      0.000
  -1   19     -1.496      0.939      0.000
  14   21     -1.487      0.852      0.000
  15   22     -1.485     -0.579      0.000
  17   -2     -1.469     -1.121      0.000
  24   13     -1.466     -0.987      0.000
  18   24     -1.466      0.985      0.000
  21   25     -1.464     -0.840      0.000
  22   28     -1.450     -0.057      0.000
  23   30     -1.438      0.725      0.000
  25   29     -1.435     -1.127      0.000
  27   31     -1.425     -0.494      0.000
  26   35     -1.423      0.894      0.000
  28   -2     -1.421      0.189      0.000
  -1   32     -1.420     -0.737      0.000
  -1   34     -1.418     -1.170      0.000
  29   33     -1.415      0.660      0.000
  30   -2     -1.408     -0.200      0.000
  31   -2     -1.401      0.842      0.000
  46   -2     -1.394      0.276      0.000
  33   38     -1.358      0.503      0.000
  36   41     -1.330      1.124      0.000
  35   43     -1.328     -0.159      0.000
  37   42     -1.324     -1.074      0.000
  -1   44     -1.324     -0.696      0.000
  39   47     -1.309      0.767      0.000
  40   48     -1.304      0.480      0.000
  38   70     -1.299     -0.808      0.000
  41   50     -1.299     -0.464      0.000
  43   51     -1.291     -1.107      0.000
  44   52     -1.286      0.874      0.000
  47   57     -1.268      0.567      0.000
  52   -2     -1.268      0.989      0.000
  50   56     -1.267     -0.369      0.000
  45   64     -1.266     -1.017      0.000
  49   58     -1.265      0.459      0.000
  -1   59     -1.261      0.775      0.000
  63   -2     -1.253     -0.476      0.000
  48   -2     -1.249     -0.225      0.000
  -1   55     -1.246      1.008      0.000
  55   63     -1.242      0.393      0.000
  58   62     -1.239     -0.804      0.000
  -1   -2     -1.234     -1.127      0.000
  59   65     -1.231     -0.702      0.000
  61   66     -1.228      1.164      0.000
  60   67     -1.228     -0.278      0.000
  62   69     -1.211      0.667      0.000
  -1   -2     -1.209      0.500      0.000
  -1   -2     -1.201     -0.945      0.000
  64   71     -1.198     -1.011      0.000
  -1   72     -1.194     -1.171      0.000
  65   73     -1.193      0.345      0.000
  -1   -2     -1.170     -0.112      0.000
  67   74     -1.154      0.911      0.000
  68   76     -1.152     -0.514      0.000
  -1   75     -1.149      1.134      0.000
  -1   77     -1.140      1.178      0.000
  71   78     -1.132     -1.012      0.000
  70   80     -1.125      0.624      0.000
  72   81     -1.115     -0.155      0.000
  66   -2     -1.104     -1.174      0.000
  74   88     -1.102     -0.025      0.000
  75   85     -1.095      1.163      0.000
  77   87     -1.089     -0.237      0.000
  -1   89     -1.087      0.274      0.000
  73   -2     -1.074      0.332      0.000
  88   -2     -1.073     -0.842      0.000
  78   -2     -1.064      0.408      0.000
  83   91     -1.051      0.991      0.000
  82   93     -1.050     -0.062      0.000
  84   95     -1.042      0.035      0.000
  85   94     -1.040      0.731      0.000
  86   99     -1.023     -1.165      0.000
  87  100     -1.020     -0.479      0.000
  89  101     -1.016      0.141      0.000
  90  102     -1.002     -0.976      0.000
  91  103     -1.000      1.104      0.000
  92   -2     -0.991     -0.520      0.000
  93  104     -0.985     -0.150      0.000
  94  105     -0.980      0.755      0.000
  -1  106     -0.976      0.941      0.000
  97  107     -0.967     -0.658      0.000
 100  108     -0.964      1.122      0.000
  99  109     -0.963     -0.100      0.000
  98  110     -0.957      0.068      0.000
  96  111     -0.951     -0.976      0.000
  -1  112     -0.949     -1.111      0.000
 102  114     -0.942     -0.457      0.000
 106   -2     -0.932     -1.172      0.000
 103  116     -0.928     -0.738      0.000
 104  117     -0.923     -0.795      0.000
 105  118     -0.920      0.822      0.000
 111   -2     -0.919     -1.100      0.000
  -1  122     -0.907     -1.069      0.000
 107  120     -0.906     -1.028      0.000
 108  121     -0.900      1.127      0.000
 112  123     -0.877      0.882      0.000
 113  124     -0.864     -0.287      0.000
 114  125     -0.861      0.049      0.000
 109  129     -0.852     -1.170      0.000
 116  127     -0.847     -0.773      0.000
  -1  131     -0.846      0.374      0.000
 117  128     -0.845      1.054      0.000
  -1  132     -0.842      0.693      0.000
 119  130     -0.842      0.988      0.000
 118  133     -0.841     -0.543      0.000
 123  134     -0.837      0.833      0.000
 120  135     -0.837     -0.253      0.000
 121   -2     -0.833      0.320      0.000
 122  136     -0.822      1.095      0.000
  -1   -2     -0.816      1.001      0.000
 115  142     -0.802      0.840      0.000
 124  140     -0.801     -0.400      0.000
 125  141     -0.798     -0.627      0.000
 126   -2     -0.791      0.950      0.000
  -1  143     -0.790     -0.672      0.000
 128  144     -0.782     -0.203      0.000
 134   -2     -0.782      0.431      0.000
 130  145     -0.775     -0.507      0.000
 131  147     -0.774      0.079      0.000
 132  148     -0.770     -0.470      0.000
 133  149     -0.767      0.173      0.000
  -1  150     -0.765      0.486      0.000
 127  152     -0.752     -1.159      0.000
 137  151     -0.743     -0.954      0.000
 136  153     -0.740     -0.029      0.000
 139  157     -0.720      0.816      0.000
 142  156     -0.719      1.009      0.000
 140  158     -0.719     -0.455      0.000
 141  159     -0.718      0.598      0.000
 143  161     -0.712     -0.098      0.000
 144  160     -0.708      1.062      0.000
 145  163     -0.707     -0.724      0.000
 146  162     -0.706     -1.014      0.000
 147  164     -0.694      0.003      0.000
 150  166     -0.675     -0.230      0.000
 152  167     -0.668     -0.716      0.000
 151  168     -0.666      0.379      0.000
 153  169     -0.646      1.066      0.000
 155  170     -0.645      1.174      0.000
 154  171     -0.642      0.275      0.000
 157  174     -0.624     -0.138      0.000
 158  173     -0.616     -0.953      0.000
 159  176     -0.612      0.426      0.000
 160  177     -0.609      0.948      0.000
 161  178     -0.605     -1.033      0.000
 163   -2     -0.604      1.158      0.000
 156   -2     -0.601     -1.082      0.000
 162  180     -0.600     -0.585      0.000
 166  182     -0.581     -0.188      0.000
 167  183     -0.575     -0.908      0.000
 168  184     -0.574      0.841      0.000
 169  185     -0.572     -0.419      0.000
 170   -2     -0.566     -0.744      0.000
 171  186     -0.564      0.622      0.000
 172  187     -0.556      0.420      0.000
  -1   -2     -0.550      1.103      0.000
  -1  188     -0.544      0.765      0.000
 173   -2     -0.540     -0.491      0.000
  -1  189     -0.536      1.051      0.000
 176  179     -0.535     -1.088      0.000
 174  190     -0.534      0.594      0.000
 177  192     -0.516      0.245      0.000
 178  193     -0.504     -0.539      0.000
  -1  194     -0.502     -0.710      0.000
 180   -2     -0.494     -1.172      0.000
 181  197     -0.477     -0.818      0.000
 182  199     -0.475     -0.124      0.000
 184  200     -0.466     -0.440      0.000
 185  201     -0.462      0.703      0.000
 186  202     -0.454      0.889      0.000
 187  203     -0.450      0.323      0.000
 188  211     -0.445     -1.052      0.000
 189  204     -0.438      0.804      0.000
  -1  213     -0.436     -0.913      0.000
 190  206     -0.431      0.108      0.000
 191  207     -0.430      0.626      0.000
 192  205     -0.428      1.038      0.000
 193  208     -0.426      0.870      0.000
 194  209     -0.418     -0.800      0.000
 195  212     -0.415     -0.282      0.000
  -1   -2     -0.412      0.058      0.000
 201  195     -0.410     -1.154      0.000
  -1   -2     -0.398     -0.983      0.000
 197  198     -0.391     -0.580      0.000
 198  214     -0.381      0.602      0.000
 200  218     -0.357     -0.740      0.000
 199  219     -0.355     -0.502      0.000
 202  221     -0.347      0.073      0.000
 203  223     -0.340      1.034      0.000
 204  224     -0.335      0.532      0.000
 205  225     -0.327     -0.783      0.000
 206  228     -0.292      0.756      0.000
  -1  229     -0.290     -0.106      0.000
  -1   -2     -0.284     -1.015      0.000
 209  231     -0.278     -0.853      0.000
 210  233     -0.268      0.282      0.000
 208  235     -0.268     -1.171      0.000
 211  234     -0.260      0.354      0.000
 212  237     -0.256     -0.035      0.000
  -1  238     -0.248     -0.965      0.000
 214  239     -0.244     -0.454      0.000
  -1  240     -0.241      1.119      0.000
 216  243     -0.236     -0.552      0.000
 213  241     -0.235      0.245      0.000
 217  244     -0.227      0.448      0.000
  -1  242     -0.225     -1.094      0.000
  -1  245     -0.217     -0.212      0.000
 219  246     -0.213      0.176      0.000
  -1  249     -0.209     -1.044      0.000
 220  247     -0.207     -0.086      0.000
 215  259     -0.207     -1.152      0.000
 222   -2     -0.204     -1.069      0.000
  -1  248     -0.202     -0.469      0.000
  -1  250     -0.196      0.972      0.000
 224   -2     -0.182      0.995      0.000
 225  252     -0.178     -0.940      0.000
  -1   -2     -0.178     -0.442      0.000
 228  253     -0.176     -0.198      0.000
 227  254     -0.176      0.256      0.000
  -1   -2     -0.164     -0.583      0.000
 229  256     -0.159     -0.757      0.000
 226  257     -0.156     -0.417      0.000
 240   -2     -0.152      0.019      0.000
  -1   -2     -0.147      0.903      0.000
 232  260     -0.145      0.418      0.000
 221  270     -0.144     -1.122      0.000
 235  264     -0.124      0.991      0.000
 236  265     -0.123     -0.259      0.000
 239  266     -0.103      0.838      0.000
  -1  267     -0.094     -0.808      0.000
  -1  263     -0.093     -1.035      0.000
 241  268     -0.091     -0.307      0.000
 242  269     -0.082      0.230      0.000
 243   -2     -0.078     -1.069      0.000
 244  272     -0.074      0.939      0.000
 245   -2     -0.069      0.398      0.000
  -1  271     -0.067     -1.171      0.000
  -1  273     -0.063      0.055      0.000
  -1  274     -0.056     -0.210      0.000
  -1   -2     -0.054      0.841      0.000
 247  276     -0.047     -0.243      0.000
 248  278     -0.045      0.885      0.000
 250   -2     -0.023      0.887      0.000
 251  279     -0.021      0.401      0.000
 252  280     -0.021      0.242      0.000
  -1   -2     -0.017      0.602      0.000
 254  283     -0.012      0.691      0.000
 253  290      0.022      0.047      0.000
 256  286      0.027      0.450      0.000
 259  293      0.028     -1.117      0.000
 258  289      0.044      0.627      0.000
 261  294      0.051     -0.630      0.000
 246   -2      0.052      0.108      0.000
 274   -2      0.053     -1.068      0.000
 263  291      0.053     -0.773      0.000
  -1  292      0.055     -0.958      0.000
  -1  296      0.061     -0.008      0.000
  -1  309      0.062     -0.463      0.000
 266  297      0.073     -1.122      0.000
 265   -2      0.073      0.316      0.000
 267   -2      0.087     -0.647      0.000
 268  298      0.093      0.818      0.000
  -1  299      0.097     -1.169      0.000
 269  300      0.098     -0.162      0.000
 270  301      0.103     -1.001      0.000
  -1  302      0.109      0.054      0.000
 272  304      0.122     -0.292      0.000
 273  305      0.128      1.085      0.000
  -1  306      0.133     -1.080      0.000
 276  308      0.136      0.672      0.000
 277  310      0.140      0.586      0.000
 275  312      0.144     -0.934      0.000
 278  311      0.148      0.468      0.000
 279  315      0.173      0.736      0.000
 280  314      0.173      0.258      0.000
 281  316      0.178     -0.450      0.000
  -1  317      0.185     -0.893      0.000
 282  318      0.193     -0.278      0.000
  -1  320      0.201     -1.104      0.000
 283  319      0.201     -1.174      0.000
 285  321      0.212     -0.718      0.000
 287  323      0.221      0.926      0.000
 286   -2      0.222     -1.001      0.000
  -1  326      0.223     -0.358      0.000
 288  325      0.224      0.042      0.000
 298   -2      0.229     -1.129      0.000
 289  327      0.229     -0.603      0.000
  -1  331      0.233      0.762      0.000
 291  329      0.236      0.674      0.000
 292  330      0.239      0.387      0.000
 293  332      0.253     -0.075      0.000
 295  333      0.263     -0.627      0.000
 296  335      0.271     -1.083      0.000
 297  336      0.279     -0.224      0.000
 284   -2      0.283     -1.163      0.000
  -1  338      0.294     -0.583      0.000
 299  339      0.298      0.681      0.000
  -1   -2      0.304      1.004      0.000
  -1   -2      0.306     -0.737      0.000
 300  340      0.306      0.866      0.000
  -1  341      0.309     -1.123      0.000
 301  342      0.318      0.800      0.000
 302  343      0.322      0.181      0.000
 303  345      0.329      0.500      0.000
  -1  346      0.339     -1.166      0.000
 304  347      0.344     -1.065      0.000
 305  348      0.347      1.172      0.000
 306  350      0.358     -0.919      0.000
  -1  349      0.359     -0.202      0.000
 308   -2      0.361     -0.240      0.000
 309   -2      0.362      0.323      0.000
  -1  351      0.365      0.407      0.000
  -1  352      0.370     -0.597      0.000
 312  353      0.375     -0.984      0.000
 313  354      0.381      0.052      0.000
  -1  344      0.385      0.638      0.000
 315  357      0.387      0.730      0.000
 316  355      0.403     -0.581      0.000
 314  356      0.405      0.245      0.000
  -1   -2      0.412      0.772      0.000
 318  359      0.414     -0.265      0.000
 319  360      0.420     -0.875      0.000
 320   -2      0.435     -1.135      0.000
 321  361      0.436      0.827      0.000
 322   -2      0.446     -0.960      0.000
 323  362      0.448     -0.667      0.000
 324  363      0.458     -0.276      0.000
 311   -2      0.463     -0.317      0.000
 329  365      0.476     -0.485      0.000
  -1   -2      0.484      0.673      0.000
 331  367      0.485      0.927      0.000
 333  368      0.488      0.212      0.000
 330  370      0.489     -0.896      0.000
 344  372      0.490     -0.076      0.000
  -1  379      0.500      0.753      0.000
 335  371      0.502      0.124      0.000
 325  373      0.504     -1.166      0.000
 337  374      0.509     -0.434      0.000
 338  375      0.517      0.821      0.000
 339  377      0.519      1.167      0.000
  -1   -2      0.533     -1.085      0.000
 340  378      0.536     -0.614      0.000
 341  380      0.542      0.006      0.000
 342  381      0.544     -0.307      0.000
  -1  382      0.553      1.028      0.000
  -1   -2      0.559      0.363      0.000
 346  383      0.566     -0.475      0.000
 347  384      0.569     -0.738      0.000
 358   -2      0.584     -0.788      0.000
 362  386      0.586      0.533      0.000
 348  387      0.587      1.163      0.000
 349  388      0.591      0.441      0.000
 350  389      0.596      0.397      0.000
 351  390      0.598      0.227      0.000
 352  391      0.600     -0.260      0.000
 345   -2      0.607      1.130      0.000
 355  394      0.614     -0.019      0.000
 357  395      0.618     -0.992      0.000
 361   -2      0.628     -0.450      0.000
 360  398      0.632      1.089      0.000
 371  396      0.636     -1.167      0.000
 363  399      0.636      1.033      0.000
  -1   -2      0.642      0.224      0.000
 364  400      0.646     -0.582      0.000
  -1   -2      0.656     -0.746      0.000
 359   -2      0.658      0.494      0.000
 366   -2      0.662     -0.617      0.000
 367  401      0.670      0.792      0.000
 368  402      0.674     -0.712      0.000
  -1  403      0.679      0.624      0.000
 369  404      0.685     -0.919      0.000
 370  405      0.689      0.680      0.000
 372  397      0.697     -0.528      0.000
  -1  408      0.703     -1.040      0.000
 374  406      0.710      0.939      0.000
  -1  407      0.721     -0.036      0.000
 376  409      0.726     -0.991      0.000
 377  411      0.741     -0.769      0.000
 378  412      0.744      0.610      0.000
 381  413      0.754      0.367      0.000
 373  432      0.755     -1.038      0.000
 382  415      0.757      0.397      0.000
 384   -2      0.767     -0.413      0.000
 385  419      0.770      0.726      0.000
  -1   -2      0.775      0.057      0.000
 392  418      0.782      0.955      0.000
 386  420      0.786     -0.622      0.000
 388  422      0.790     -0.969      0.000
  -1  421      0.792      0.534      0.000
 387  423      0.795      0.656      0.000
  -1   -2      0.797     -0.722      0.000
 389  424      0.797     -0.141      0.000
  -1   -2      0.805     -0.442      0.000
  -1  426      0.806     -0.231      0.000
 391   -2      0.806      0.239      0.000
 390  427      0.806      0.873      0.000
  -1  417      0.821     -0.397      0.000
 393  430      0.823     -1.093      0.000
 394  431      0.826      0.362      0.000
 396   -2      0.836     -1.038      0.000
 397  433      0.839     -0.591      0.000
 398  435      0.847     -0.338      0.000
 399  436      0.857     -0.845      0.000
  -1  434      0.859      0.672      0.000
 400  439      0.871     -1.154      0.000
 402  438      0.874     -0.024      0.000
 403  440      0.884      1.055      0.000
 404  441      0.888     -0.776      0.000
 405  442      0.908      1.157      0.000
 408  446      0.933      0.197      0.000
 407  447      0.936      0.679      0.000
 410   -2      0.940     -0.610      0.000
 409  448      0.941      0.755      0.000
 412  450      0.954     -0.818      0.000
 413  451      0.959      1.036      0.000
 406  467      0.965     -0.894      0.000
 414  453      0.966      0.923      0.000
  -1  455      0.967     -0.044      0.000
 415  458      0.971      0.970      0.000
 417  456      0.973      0.512      0.000
 418  457      0.974      0.754      0.000
 419  460      0.987      0.300      0.000
 420  461      0.989      0.258      0.000
 422  463      1.010     -0.475      0.000
 439  449      1.014     -0.569      0.000
 424  465      1.021     -0.072      0.000
 425   -2      1.032     -0.885      0.000
 426  466      1.033     -0.289      0.000
  -1   -2      1.046      0.924      0.000
 427  468      1.054      0.044      0.000
 429  471      1.068      0.656      0.000
 430  476      1.083     -1.175      0.000
 431  472      1.083      0.607      0.000
 432  474      1.090     -0.662      0.000
 433  473      1.091      0.558      0.000
 434  477      1.095      0.107      0.000
 435  478      1.100     -1.076      0.000
  -1  479      1.112      0.435      0.000
 436  480      1.116     -0.307      0.000
 438  481      1.120      0.353      0.000
 437  482      1.123      0.237      0.000
  -1   -2      1.130     -0.031      0.000
  -1  484      1.141     -0.210      0.000
 440  485      1.147     -0.751      0.000
 442  486      1.158      0.176      0.000
 441  487      1.159     -0.989      0.000
 444  489      1.165     -0.408      0.000
 443  491      1.170     -0.903      0.000
 445  490      1.170      0.925      0.000
 447  492      1.182      0.468      0.000
  -1   -2      1.185      0.710      0.000
 448  495      1.194      1.006      0.000
 450  496      1.202      0.404      0.000
 449  497      1.203     -0.097      0.000
 451  498      1.211      0.801      0.000
 452  499      1.221     -0.680      0.000
  -1  500      1.223      0.632      0.000
 453  505      1.226     -1.070      0.000
 454  502      1.241      0.691      0.000
 455   -2      1.248     -0.073      0.000
 460  504      1.260     -1.172      0.000
  -1   -2      1.269     -0.670      0.000
 457  506      1.278      0.978      0.000
 458   -2      1.283     -0.954      0.000
  -1  503      1.287     -0.056      0.000
 459  507      1.291     -0.649      0.000
 461  509      1.296     -0.731      0.000
 463  508      1.297      0.041      0.000
  -1   -2      1.299     -1.085      0.000
 468  511      1.303      0.221      0.000
  -1  512      1.304     -1.154      0.000
 465  514      1.312     -0.511      0.000
  -1  524      1.316     -0.310      0.000
 466  516      1.319      1.040      0.000
 467  518      1.334     -0.677      0.000
  -1   -2      1.336     -0.049      0.000
 469  519      1.364     -0.663      0.000
 470  521      1.366     -0.756      0.000
  -1  520      1.366     -0.163      0.000
 471  522      1.369     -1.138      0.000
 483  513      1.401      1.175      0.000
 474   -2      1.406     -0.649      0.000
 475  526      1.406     -1.166      0.000
 476  527      1.418      0.275      0.000
  -1  528      1.434      0.617      0.000
  -1   -2      1.455      0.488      0.000
 477  530      1.460      0.432      0.000
 479  531      1.463     -0.673      0.000
 480  532      1.470     -0.530      0.000
 481  533      1.472     -0.603      0.000
  -1  534      1.483     -0.411      0.000
  -1  536      1.494     -0.382      0.000
 485  538      1.496     -1.154      0.000
 484  539      1.498     -0.993      0.000
 486  537      1.499      0.486      0.000
 482   -2      1.504     -0.326      0.000
  -1   -2      1.505     -0.951      0.000
 487  542      1.521      0.152      0.000
  -1  544      1.530     -0.995      0.000
 488  543      1.531     -0.337      0.000
 490  546      1.555     -1.170      0.000
 491  547      1.558      0.246      0.000
 492  548      1.566     -0.867      0.000
 494  549      1.571      0.629      0.000
 495  550      1.571     -0.370      0.000
  -1  551      1.576      0.984      0.000
  -1  545      1.576     -1.071      0.000
