538
  -1    5     -1.575      0.940      0.000
  -1   -2     -1.571     -0.491      0.000
  -1    1     -1.569     -0.035      0.000
   2    3     -1.557      0.241      0.000
  -1    4     -1.552      0.360      0.000
   3   -2     -1.551      0.888      0.000
  -1    6     -1.544      1.028      0.000
   4    7     -1.542      0.308      0.000
  -1   13     -1.538     -1.166      0.000
   5    8     -1.534      0.584      0.000
   1   -2     -1.533     -0.244      0.000
   6    9     -1.532      0.457      0.000
   7   10     -1.520      0.725      0.000
   8   11     -1.519     -0.334      0.000
   9   12     -1.513      0.168      0.000
  -1   -2     -1.507     -1.130      0.000
  10   14     -1.502     -0.439      0.000
  12   15     -1.497      0.937      0.000
  13   17     -1.486      0.539      0.000
  14   18     -1.482      0.376      0.000
  15   16     -1.474     -1.135      0.000
  -1   -2     -1.467      0.145      0.000
  16   19     -1.464      1.085      0.000
  17   20     -1.462     -0.391      0.000
  -1   -2     -1.460      0.231      0.000
  18   22     -1.456     -0.668      0.000
  19   23     -1.450      0.312      0.000
  20   24     -1.448      0.773      0.000
  21   25     -1.437      0.067      0.000
  22   27     -1.427      0.821      0.000
  24   28     -1.427     -0.430      0.000
  11   42     -1.427     -1.090      0.000
  26   -2     -1.421      0.696      0.000
   0   -2     -1.421     -0.774      0.000
  28   31     -1.408      0.660      0.000
  29   32     -1.390     -0.581      0.000
  27   33     -1.389     -0.012      0.000
  -1   34     -1.388     -1.166      0.000
  32   35     -1.378      0.180      0.000
  33   36     -1.373     -0.916      0.000
  -1   30     -1.362      0.749      0.000
  -1   -2     -1.359     -0.758      0.000
  34   37     -1.348      1.173      0.000
  35   38     -1.344     -0.955      0.000
  36   40     -1.340      0.595      0.000
  37   39     -1.338     -0.369      0.000
  39   41     -1.333      0.983      0.000
  -1   -2     -1.328      0.707      0.000
  38   -2     -1.328      0.423      0.000
  -1   -2     -1.325     -0.026      0.000
  -1   -2     -1.317     -1.098      0.000
  -1   45     -1.299     -0.870      0.000
  -1   44     -1.298     -1.054      0.000
  43   -2     -1.298      0.544      0.000
  47   46     -1.279     -0.671      0.000
  55   -2     -1.279     -0.899      0.000
  44   61     -1.278     -1.172      0.000
  49   48     -1.276     -0.566      0.000
  48   -2     -1.275      0.433      0.000
  51   49     -1.270     -0.137      0.000
  -1   50     -1.256     -1.067      0.000
  53   52     -1.247     -1.036      0.000
  -1   53     -1.244      1.045      0.000
  54   54     -1.231      0.872      0.000
  -1   55     -1.228     -0.883      0.000
  56   56     -1.215     -0.683      0.000
  57   57     -1.214      0.762      0.000
  41   -2     -1.202     -1.162      0.000
  59   60     -1.202      0.423      0.000
  61   62     -1.191     -0.375      0.000
  69   -2     -1.190     -0.984      0.000
  79   -2     -1.183      0.454      0.000
  -1   -2     -1.167     -1.174      0.000
  65   64     -1.166     -0.114      0.000
  68   63     -1.164      1.071      0.000
  -1   65     -1.161     -0.875      0.000
  70   66     -1.160     -0.911      0.000
  67   68     -1.160      0.679      0.000
  64   -2     -1.157     -0.518      0.000
  71   67     -1.157      1.036      0.000
  72   69     -1.148     -1.135      0.000
  73   70     -1.140     -0.394      0.000
  74   71     -1.138      0.414      0.000
  75   72     -1.129     -0.299      0.000
  80   74     -1.115      1.075      0.000
  76   76     -1.104     -1.162      0.000
  82   79     -1.095      0.197      0.000
  84   78     -1.092      0.829      0.000
  83   80     -1.091      0.401      0.000
  81   77     -1.085     -0.176      0.000
  -1   73     -1.085     -0.975      0.000
  78   93     -1.079     -1.061      0.000
  86   83     -1.077      0.597      0.000
  88   -2     -1.077     -1.101      0.000
  89   84     -1.068     -0.227      0.000
  90   86     -1.056      0.349      0.000
  91   85     -1.052     -0.757      0.000
  92   88     -1.044      0.444      0.000
  93   87     -1.040     -0.448      0.000
  95   90     -1.015     -0.892      0.000
  94   91     -1.015      0.931      0.000
 105   81     -1.004     -1.094      0.000
  97   92     -1.004     -1.168      0.000
  98   95     -1.001      0.793      0.000
 100   94     -1.001      1.048      0.000
  -1   96     -0.995     -0.594      0.000
 101   97     -0.994      0.313      0.000
 102   98     -0.977     -0.090      0.000
 103   99     -0.976      0.580      0.000
 111   -2     -0.971     -1.027      0.000
  -1  110     -0.943     -1.135      0.000
 130  100     -0.935     -0.967      0.000
 108  104     -0.922     -0.135      0.000
  -1   -2     -0.920      0.910      0.000
  -1  103     -0.920      0.697      0.000
 114  106     -0.908      1.097      0.000
 112  109     -0.908     -0.214      0.000
 115  111     -0.896     -0.016      0.000
 117  112     -0.888     -0.618      0.000
 119  113     -0.884     -0.753      0.000
 120  115     -0.881      0.260      0.000
 118  116     -0.881      0.323      0.000
 121   -2     -0.875     -1.168      0.000
 122  117     -0.872     -0.700      0.000
  -1  118     -0.868      0.739      0.000
 116  135     -0.864     -0.491      0.000
 126  120     -0.839     -0.056      0.000
  -1  122     -0.829      0.813      0.000
 128  121     -0.828      1.047      0.000
 129  125     -0.824      0.038      0.000
 131  124     -0.822      1.094      0.000
  -1  126     -0.818     -0.384      0.000
 132  128     -0.805     -0.441      0.000
 127  142     -0.803      0.881      0.000
 136  130     -0.800      0.991      0.000
 137  131     -0.798     -0.755      0.000
 135  133     -0.797      0.140      0.000
 138  136     -0.787     -0.144      0.000
 140  132     -0.780     -1.108      0.000
  -1  137     -0.779     -0.343      0.000
 142  134     -0.770      0.511      0.000
 134  147     -0.770     -0.969      0.000
 141  140     -0.757     -0.098      0.000
  -1  141     -0.750     -0.925      0.000
 143  144     -0.739      0.774      0.000
 146  143     -0.738      0.064      0.000
 153   -2     -0.734      0.722      0.000
 149  145     -0.733     -0.963      0.000
 150  148     -0.727     -0.545      0.000
 151   -2     -0.723     -1.010      0.000
 145  146     -0.720     -1.169      0.000
 152  149     -0.719      0.863      0.000
  -1  152     -0.711     -0.677      0.000
 154  153     -0.704     -0.628      0.000
 144  154     -0.695      0.991      0.000
 156  155     -0.689      1.046      0.000
 155  156     -0.687     -0.294      0.000
 158  157     -0.683      0.916      0.000
 159  158     -0.679     -1.125      0.000
 157  161     -0.671      1.173      0.000
 160  159     -0.656     -0.266      0.000
  -1   -2     -0.653     -0.217      0.000
 169   -2     -0.652     -0.891      0.000
  -1  160     -0.652     -0.413      0.000
  -1   -2     -0.652     -0.526      0.000
 161  163     -0.645      0.048      0.000
 162  162     -0.642     -0.748      0.000
 164  164     -0.637     -1.108      0.000
 163  165     -0.636     -0.492      0.000
 165  166     -0.632      0.877      0.000
 166  168     -0.629      0.840      0.000
  -1  169     -0.627      0.336      0.000
 167  167     -0.626     -1.063      0.000
  -1   -2     -0.621     -0.989      0.000
 170  171     -0.607      0.260      0.000
 172  172     -0.600     -0.751      0.000
 171  173     -0.599     -0.221      0.000
 173  174     -0.598      0.462      0.000
 174  176     -0.585     -0.489      0.000
  -1  170     -0.582     -0.974      0.000
 175  177     -0.572      0.646      0.000
 177  178     -0.564      1.022      0.000
 179  181     -0.561     -0.952      0.000
 176  180     -0.561      0.082      0.000
 178  182     -0.555      0.183      0.000
  -1   -2     -0.539     -1.090      0.000
 180  183     -0.536     -0.039      0.000
 181  184     -0.529      1.147      0.000
 182  185     -0.516     -0.115      0.000
 186  186     -0.502      0.933      0.000
 185  188     -0.501     -0.646      0.000
 183  187     -0.499     -1.168      0.000
 187  190     -0.498     -0.264      0.000
 184  189     -0.497      0.128      0.000
 188  192     -0.485      0.430      0.000
 191  193     -0.465     -0.731      0.000
 192  194     -0.450      0.306      0.000
  -1  196     -0.443      0.485      0.000
 194  195     -0.442     -0.909      0.000
 195   -2     -0.439     -0.479      0.000
 197  199     -0.439     -0.163      0.000
 196  197     -0.439      0.709      0.000
 198  198     -0.437     -0.798      0.000
 200  202     -0.426     -0.564      0.000
 202  200     -0.424      1.167      0.000
 201  203     -0.420     -0.263      0.000
  -1   -2     -0.413     -1.124      0.000
 203  204     -0.410     -0.230      0.000
 204  205     -0.406      0.685      0.000
 206  207     -0.402     -0.624      0.000
  -1  209     -0.385     -0.696      0.000
 208  210     -0.381     -0.911      0.000
 207  211     -0.377      1.007      0.000
 209   -2     -0.374      0.859      0.000
  -1  212     -0.370     -0.619      0.000
 210  213     -0.367      0.934      0.000
 211  214     -0.366      0.823      0.000
 205  227     -0.358     -1.126      0.000
 215  218     -0.347     -0.530      0.000
 214  219     -0.346      0.290      0.000
 216   -2     -0.344      0.184      0.000
 218  221     -0.326      0.746      0.000
 217   -2     -0.314      0.461      0.000
 222  216     -0.313     -1.167      0.000
 221  223     -0.310     -0.873      0.000
 220  224     -0.308     -0.437      0.000
 223  225     -0.298      0.387      0.000
 224  226     -0.292     -0.924      0.000
 234  215     -0.289     -1.097      0.000
 226  228     -0.279     -0.361      0.000
  -1  220     -0.273      0.119      0.000
 228  230     -0.267      0.694      0.000
 229  231     -0.262     -0.621      0.000
 230  232     -0.260     -1.008      0.000
 232  233     -0.254     -1.121      0.000
  -1   -2     -0.250     -0.509      0.000
  -1   -2     -0.247     -0.805      0.000
  -1  234     -0.232     -1.087      0.000
 233  235     -0.231      0.015      0.000
 235  236     -0.228      0.656      0.000
  -1  238     -0.226      0.353      0.000
 219  258     -0.221     -0.198      0.000
 237   -2     -0.219      0.046      0.000
 239  239     -0.203      0.074      0.000
  -1  242     -0.202     -0.481      0.000
  -1  241     -0.202     -0.733      0.000
 243  243     -0.189     -1.067      0.000
 242  244     -0.188     -0.232      0.000
 246  245     -0.182     -1.124      0.000
  -1  249     -0.164     -0.706      0.000
  -1  250     -0.161     -0.159      0.000
 248  252     -0.153     -0.594      0.000
  -1  251     -0.149      0.443      0.000
  -1  253     -0.148      0.354      0.000
 251  255     -0.136     -0.068      0.000
 252  257     -0.132      0.567      0.000
 253  256     -0.131     -0.944      0.000
 245   -2     -0.126      1.128      0.000
  -1   -2     -0.125     -0.284      0.000
 255  259     -0.122      0.303      0.000
 256  270     -0.112     -1.169      0.000
 257  262     -0.104      0.210      0.000
 258  263     -0.099     -0.136      0.000
 259  254     -0.093     -1.122      0.000
 260   -2     -0.088      1.110      0.000
 261  265     -0.082      1.055      0.000
  -1   -2     -0.081     -0.167      0.000
 262  266     -0.081     -0.283      0.000
 263  268     -0.078      0.321      0.000
 265  267     -0.075     -1.007      0.000
 266  269     -0.071      1.167      0.000
 267  271     -0.064      0.536      0.000
 268  272     -0.056      0.001      0.000
 269  274     -0.038     -0.369      0.000
 270  273     -0.038      1.116      0.000
  -1  276     -0.021     -0.417      0.000
 264  299     -0.019     -0.630      0.000
 271  286     -0.014     -1.164      0.000
 272  277     -0.012     -0.112      0.000
 273  279     -0.010      0.286      0.000
 274  278     -0.009      0.514      0.000
 275  280      0.002      0.115      0.000
 277  282      0.011      0.338      0.000
 278  281      0.012      0.891      0.000
 279  283      0.012      0.045      0.000
 280  284      0.015      0.782      0.000
 281   -2      0.028     -1.120      0.000
 282  287      0.028      0.520      0.000
  -1   -2      0.031      0.585      0.000
 284  288      0.037      0.305      0.000
  -1   -2      0.045     -0.067      0.000
 285  289      0.046     -0.040      0.000
 287  290      0.060      0.590      0.000
 288  291      0.061      0.819      0.000
 289  292      0.065     -0.988      0.000
  -1  296      0.072     -0.929      0.000
 290  295      0.073      0.535      0.000
 291  294      0.074     -0.831      0.000
 301   -2      0.084     -0.881      0.000
 292  297      0.087      0.141      0.000
 293  302      0.088     -1.169      0.000
 286   -2      0.089     -0.635      0.000
 296  300      0.097      1.111      0.000
 297  301      0.099      0.102      0.000
 298  303      0.102     -0.040      0.000
 299  304      0.103      0.407      0.000
 300  305      0.116      0.366      0.000
  -1  306      0.139     -0.952      0.000
 303  307      0.140      0.769      0.000
 302  308      0.141     -0.520      0.000
  -1  310      0.145     -0.419      0.000
 305  311      0.150      0.605      0.000
 306  309      0.154     -1.144      0.000
  -1  312      0.156     -0.597      0.000
 307  313      0.161      0.952      0.000
 308  314      0.174      0.330      0.000
 309  315      0.186     -0.616      0.000
 310  316      0.193     -1.108      0.000
  -1  319      0.199     -1.172      0.000
 304   -2      0.199     -0.398      0.000
 311  318      0.203      1.166      0.000
 312  320      0.211      0.982      0.000
  -1  321      0.214      0.877      0.000
 313  322      0.214     -0.924      0.000
 314  323      0.218      0.030      0.000
 315   -2      0.222      0.502      0.000
 316  325      0.225     -0.498      0.000
 317  326      0.229     -0.796      0.000
  -1   -2      0.230     -1.138      0.000
 318  328      0.243     -0.127      0.000
  -1   -2      0.263     -0.815      0.000
 320  330      0.264      0.879      0.000
 321  331      0.268     -0.321      0.000
 322  333      0.278      1.094      0.000
 324  334      0.285      1.019      0.000
 326  335      0.287      0.223      0.000
 328  336      0.302     -1.172      0.000
  -1  324      0.315      0.528      0.000
 329  337      0.326     -0.286      0.000
 330  338      0.331     -0.170      0.000
 323  339      0.332      0.641      0.000
 332  340      0.333      0.055      0.000
 333  342      0.341      0.932      0.000
 334   -2      0.347      0.315      0.000
 336  343      0.365     -1.106      0.000
 337  344      0.371     -0.360      0.000
 339  347      0.379     -1.163      0.000
  -1   -2      0.380     -0.307      0.000
 338  345      0.382     -0.738      0.000
 342  348      0.394      0.053      0.000
 343  349      0.407     -0.366      0.000
  -1  350      0.410      0.268      0.000
 345  351      0.414     -0.414      0.000
 340  369      0.419     -0.956      0.000
 346  353      0.420     -1.044      0.000
  -1  352      0.422      0.155      0.000
 348  354      0.425     -0.818      0.000
  -1  355      0.434      0.810      0.000
 352  356      0.437     -0.608      0.000
 349  358      0.448      1.138      0.000
 351  360      0.457      0.003      0.000
  -1  361      0.461     -0.551      0.000
 353  362      0.468      0.464      0.000
 355  363      0.478     -0.389      0.000
  -1  365      0.480     -0.613      0.000
  -1  368      0.484     -1.149      0.000
 358  367      0.488      0.672      0.000
 357  366      0.490      0.565      0.000
 361   -2      0.495     -0.894      0.000
 359  370      0.501     -0.737      0.000
 360  371      0.504      0.289      0.000
  -1  372      0.507      0.057      0.000
 362  373      0.514     -0.024      0.000
  -1  374      0.517      0.619      0.000
 363  375      0.518     -0.578      0.000
 364  376      0.521      0.829      0.000
 366  377      0.535      0.698      0.000
 365  378      0.537     -0.842      0.000
 368  380      0.552     -0.872      0.000
  -1  379      0.554      0.621      0.000
 369  381      0.565     -0.905      0.000
 370  382      0.567     -0.531      0.000
  -1   -2      0.580      0.778      0.000
 371  384      0.594      0.838      0.000
 372  385      0.596      0.965      0.000
 373  386      0.602     -0.036      0.000
 374  387      0.608     -0.948      0.000
 375  388      0.616     -0.700      0.000
 377  389      0.621      0.460      0.000
 378  390      0.625      0.497      0.000
  -1  397      0.626     -1.170      0.000
 381  392      0.632     -0.607      0.000
  -1  391      0.633      0.749      0.000
 382  393      0.633     -1.094      0.000
 380  395      0.639     -0.797      0.000
 384  398      0.662      1.109      0.000
  -1  399      0.669      0.515      0.000
 390  400      0.674      0.875      0.000
  -1  402      0.674     -0.414      0.000
 386  401      0.678      0.450      0.000
 389  403      0.683      0.793      0.000
 388   -2      0.683     -0.452      0.000
 392  408      0.710     -0.829      0.000
  -1  407      0.714     -1.102      0.000
 394   -2      0.715      1.120      0.000
 398  405      0.723     -0.474      0.000
 405  394      0.731     -0.005      0.000
 395  409      0.732     -0.670      0.000
 387  418      0.733     -1.051      0.000
  -1  414      0.739      1.018      0.000
 401  410      0.740      1.106      0.000
 399  415      0.745     -0.356      0.000
 379   -2      0.766     -1.091      0.000
 404  421      0.779     -0.620      0.000
 403   -2      0.780     -1.003      0.000
 393   -2      0.789     -1.046      0.000
 416   -2      0.800     -0.799      0.000
  -1  422      0.802     -0.980      0.000
 402   -2      0.805      0.270      0.000
  -1  425      0.811     -0.136      0.000
  -1  430      0.813      0.919      0.000
 411  428      0.815      0.790      0.000
 409   -2      0.818      0.362      0.000
 410  427      0.818      0.315      0.000
 408  426      0.818      0.598      0.000
  -1   -2      0.823     -0.077      0.000
  -1  437      0.831     -0.455      0.000
 414  432      0.835     -0.862      0.000
  -1   -2      0.838     -1.119      0.000
 400  443      0.848     -1.057      0.000
  -1  435      0.854      1.032      0.000
 420  438      0.866      0.853      0.000
 419  433      0.867     -1.078      0.000
 421  439      0.871     -0.046      0.000
 418  441      0.887     -1.132      0.000
  -1  442      0.892     -0.202      0.000
  -1   -2      0.901     -1.005      0.000
  -1  444      0.902      1.024      0.000
  -1   -2      0.903     -1.168      0.000
  -1  451      0.910     -0.874      0.000
 426  445      0.912     -0.262      0.000
  -1  446      0.919     -0.156      0.000
 424  449      0.921      1.058      0.000
 428  448      0.922     -0.454      0.000
 423   -2      0.924      0.029      0.000
 429  447      0.925      0.151      0.000
 431   -2      0.926     -0.802      0.000
 430  450      0.926      1.135      0.000
 433  452      0.932      0.729      0.000
  -1   -2      0.933      0.219      0.000
 434  454      0.934      0.673      0.000
 435  453      0.934      0.621      0.000
 432  455      0.935     -1.078      0.000
 436  457      0.943     -0.544      0.000
 437  456      0.943      0.400      0.000
 422   -2      0.960     -0.706      0.000
 439  459      0.971      0.772      0.000
 438  461      0.971     -1.127      0.000
  -1  471      0.974      0.006      0.000
  -1  464      0.979     -0.616      0.000
 441  463      0.981      0.216      0.000
 427   -2      0.986     -0.066      0.000
 443  462      0.993     -0.258      0.000
 444  465      1.000     -0.168      0.000
 445  466      1.008      0.505      0.000
 446  467      1.016     -0.838      0.000
 447  468      1.025      0.436      0.000
 448  469      1.034     -0.606      0.000
 449  470      1.041     -0.255      0.000
 451  472      1.051      0.741      0.000
 450   -2      1.051     -0.049      0.000
 452   -2      1.053     -0.464      0.000
 455   -2      1.057     -0.749      0.000
 453  474      1.059     -0.346      0.000
 456  475      1.073      0.644      0.000
  -1   -2      1.082     -0.110      0.000
 458  478      1.093      0.954      0.000
 459  477      1.094     -0.021      0.000
  -1  479      1.096      0.820      0.000
 462  481      1.099      0.703      0.000
 457   -2      1.102      1.025      0.000
 463  483      1.105     -0.672      0.000
 465  484      1.113     -0.999      0.000
 467  485      1.131      0.247      0.000
  -1   -2      1.134     -0.004      0.000
 468  487      1.138      0.085      0.000
 469  489      1.141      1.023      0.000
  -1  488      1.144     -1.170      0.000
 470  490      1.152     -0.807      0.000
 471  492      1.156     -1.111      0.000
  -1  493      1.157     -0.893      0.000
 472  494      1.171     -0.577      0.000
 476  498      1.235     -0.529      0.000
 473   -2      1.236     -0.396      0.000
  -1   -2      1.254     -0.602      0.000
 478  501      1.263      1.004      0.000
  -1   -2      1.281     -1.169      0.000
  -1  504      1.285     -0.542      0.000
  -1  505      1.289     -0.172      0.000
 480  506      1.302      0.391      0.000
 482  507      1.309      0.449      0.000
 481  509      1.310     -1.008      0.000
 484  510      1.315     -0.518      0.000
  -1  503      1.318      0.615      0.000
 485  511      1.330     -0.603      0.000
 483  512      1.342     -1.118      0.000
 486  513      1.355      0.439      0.000
 488   -2      1.366      0.754      0.000
 489   -2      1.372     -0.979      0.000
 490  516      1.388     -1.037      0.000
 491  517      1.395      1.120      0.000
 494   -2      1.402      0.169      0.000
 495  515      1.412     -0.988      0.000
 497  520      1.414     -0.375      0.000
 496  521      1.416     -0.263      0.000
 499  522      1.422     -0.504      0.000
 500  523      1.427     -0.437      0.000
 502  524      1.445      0.237      0.000
 503  525      1.448      0.540      0.000
 504  527      1.451     -1.100      0.000
 506   -2      1.465     -0.205      0.000
 507  531      1.469     -1.166      0.000
 508  529      1.481      0.611      0.000
  -1  528      1.482      1.089      0.000
 509  530      1.485     -0.798      0.000
  -1  536      1.485     -0.493      0.000
 511  532      1.499      0.858      0.000
 512  533      1.503      0.278      0.000
 514  534      1.517     -0.229      0.000
 513  535      1.518     -0.070      0.000
 515  540      1.542      0.062      0.000
 516  541      1.546      0.449      0.000
 519  542      1.551     -0.665      0.000
 517  543      1.553      1.128      0.000
 518  544      1.554     -1.088      0.000
 520  545      1.554     -0.972      0.000
 521  546      1.569     -0.871      0.000
  -1  547      1.574      0.746      0.000
