516
  -1    0     -1.575      0.386      0.000
   0    1     -1.569      0.328      0.000
   1    2     -1.566     -0.885      0.000
   2    3     -1.558      0.488      0.000
   3   -2     -1.558      0.941      0.000
   4    8     -1.558      0.625      0.000
  -1   -2     -1.556     -0.273      0.000
   6   11     -1.543      1.079      0.000
   5    4     -1.543      0.175      0.000
   8    5     -1.538     -0.372      0.000
   7    6     -1.538      0.772      0.000
  -1    9     -1.510     -0.702      0.000
  10   10     -1.509      0.399      0.000
  12   16     -1.491     -1.170      0.000
  13   12     -1.487      0.332      0.000
  14   13     -1.484     -0.429      0.000
  -1   15     -1.472     -1.006      0.000
  17   17     -1.469      0.064      0.000
  18   18     -1.466      0.817      0.000
  19   19     -1.462     -0.715      0.000
  20   20     -1.459      1.133      0.000
  -1   -2     -1.452      0.021      0.000
  22   23     -1.446      0.737      0.000
  21   21     -1.446     -0.467      0.000
  23   22     -1.444      0.868      0.000
  -1   -2     -1.432      0.700      0.000
  24   24     -1.426     -0.021      0.000
  26   -2     -1.423     -0.825      0.000
  25   25     -1.417      0.188      0.000
  27   26     -1.413     -1.090      0.000
  29   -2     -1.404     -1.165      0.000
  28   27     -1.396     -0.622      0.000
  -1   29     -1.372      0.629      0.000
  -1   -2     -1.367     -0.037      0.000
  31   30     -1.365     -0.399      0.000
  32   32     -1.360     -0.766      0.000
  33   31     -1.358     -0.963      0.000
  35   34     -1.334      1.023      0.000
  36   35     -1.330     -0.997      0.000
  38   36     -1.314     -0.153      0.000
  39   40     -1.291     -0.600      0.000
  43   45     -1.288     -1.156      0.000
  42   41     -1.285     -0.708      0.000
  44   39     -1.282     -0.926      0.000
  -1   42     -1.277     -1.098      0.000
  45   46     -1.265     -0.651      0.000
  46   47     -1.249      0.442      0.000
  48   49     -1.244      0.906      0.000
  49   48     -1.243      1.079      0.000
  47   50     -1.242      0.692      0.000
  50   51     -1.238      0.791      0.000
  53   53     -1.230     -1.080      0.000
  34   -2     -1.227      0.473      0.000
  54   54     -1.224     -0.713      0.000
  55   56     -1.221     -0.393      0.000
  56   55     -1.221     -0.918      0.000
  57   57     -1.215     -0.123      0.000
  58   -2     -1.212     -0.852      0.000
  51   -2     -1.202     -0.067      0.000
  61   59     -1.190      0.703      0.000
  62   60     -1.187      0.431      0.000
  -1   -2     -1.185     -0.994      0.000
  63   63     -1.175     -0.412      0.000
  -1   -2     -1.174      0.602      0.000
  65   -2     -1.172     -1.172      0.000
  64   64     -1.168     -0.313      0.000
  -1   65     -1.160      1.068      0.000
  66   68     -1.158      0.511      0.000
  68   66     -1.157      1.108      0.000
  69   67     -1.156     -0.905      0.000
  71   69     -1.152     -0.944      0.000
  -1   72     -1.150     -0.522      0.000
  -1   71     -1.150      0.203      0.000
  70   70     -1.148     -0.177      0.000
  72   73     -1.143      0.416      0.000
  74   74     -1.116      0.613      0.000
  -1   -2     -1.116     -0.195      0.000
  75   75     -1.116     -0.239      0.000
  77   -2     -1.111      0.851      0.000
  76   78     -1.111      0.359      0.000
  -1   76     -1.111      1.103      0.000
  83   79     -1.103     -1.080      0.000
  80   81     -1.076     -0.461      0.000
  -1   -2     -1.072     -1.006      0.000
  81   83     -1.063     -1.148      0.000
  82   85     -1.059     -0.778      0.000
  84   87     -1.051      0.320      0.000
  86   88     -1.034     -0.093      0.000
  -1   89     -1.033     -0.225      0.000
  -1   90     -1.026      0.948      0.000
  97   77     -1.022      0.802      0.000
  87   92     -1.022      0.589      0.000
  89   93     -1.013     -0.915      0.000
  90   94     -1.001      1.064      0.000
  91   95     -0.984     -1.117      0.000
  92   96     -0.976     -0.137      0.000
  -1   -2     -0.963      0.339      0.000
  93  101     -0.963     -0.011      0.000
  94   98     -0.961     -0.050      0.000
  95   -2     -0.958      0.391      0.000
  96   99     -0.958     -0.217      0.000
 101  103     -0.933     -0.981      0.000
  -1  122     -0.929     -0.452      0.000
  -1  104     -0.926      0.320      0.000
  -1   -2     -0.926     -0.025      0.000
 104  108     -0.922      0.396      0.000
 105  110     -0.912     -0.626      0.000
 102  124     -0.906      1.106      0.000
 109  115     -0.897     -0.054      0.000
 118   -2     -0.896     -1.165      0.000
 110  114     -0.894     -0.761      0.000
 112  116     -0.887     -0.708      0.000
 111  117     -0.886      0.039      0.000
  -1  118     -0.883      0.380      0.000
 113  119     -0.858      0.140      0.000
 114  120     -0.854      0.812      0.000
  -1  131     -0.846     -0.098      0.000
 115   -2     -0.843     -0.442      0.000
 116  123     -0.842     -0.142      0.000
  -1   -2     -0.832      1.048      0.000
 120  127     -0.823      0.880      0.000
 121  128     -0.822      1.094      0.000
 124  129     -0.814      0.987      0.000
 125  130     -0.813     -0.755      0.000
 122   -2     -0.811     -0.095      0.000
  -1   -2     -0.786      0.213      0.000
 128   -2     -0.774      0.780      0.000
 129  135     -0.768     -0.043      0.000
 117   -2     -0.758      0.960      0.000
 130  137     -0.757     -0.540      0.000
 135  138     -0.750     -0.926      0.000
  -1  134     -0.748      0.703      0.000
 134  139     -0.735     -0.288      0.000
  -1  140     -0.731     -0.964      0.000
 136  141     -0.729     -0.676      0.000
  -1   -2     -0.720     -0.580      0.000
 137  142     -0.720     -0.546      0.000
 138  143     -0.715     -1.011      0.000
 141  144     -0.707      0.981      0.000
 140  146     -0.705     -0.258      0.000
 139  147     -0.704      0.050      0.000
 142  145     -0.703     -1.170      0.000
  -1  148     -0.699      1.093      0.000
 143  150     -0.695      1.035      0.000
  -1  151     -0.693     -0.405      0.000
 145  152     -0.683     -1.139      0.000
 146  154     -0.672     -0.481      0.000
 147  155     -0.656     -0.739      0.000
 148  157     -0.655      0.847      0.000
 150  158     -0.648     -0.212      0.000
 144  170     -0.645      0.451      0.000
  -1  161     -0.640      1.107      0.000
 153   -2     -0.638      1.069      0.000
  -1  159     -0.635      0.508      0.000
 154  163     -0.632      1.032      0.000
 155  165     -0.620     -0.475      0.000
 158  164     -0.618     -1.054      0.000
 149   -2     -0.618     -0.979      0.000
 156  168     -0.617      0.082      0.000
  -1  166     -0.617     -0.738      0.000
 159  169     -0.614      0.179      0.000
 161   -2     -0.609      0.637      0.000
  -1  171     -0.594     -1.091      0.000
 163  172     -0.590     -0.037      0.000
 164  173     -0.573      0.998      0.000
 165  174     -0.567     -0.108      0.000
 166  167     -0.557     -0.939      0.000
  -1   -2     -0.553      0.128      0.000
 168  176     -0.545     -0.251      0.000
 171  177     -0.531      0.407      0.000
 172  179     -0.527     -0.623      0.000
 173  178     -0.526      1.120      0.000
 167  182     -0.521     -1.163      0.000
 174  180     -0.518      0.903      0.000
 175  181     -0.501      0.296      0.000
 176  183     -0.490     -0.157      0.000
 177  184     -0.485      0.466      0.000
 180  187     -0.470      0.681      0.000
 170  209     -0.461     -1.110      0.000
 182  189     -0.460     -0.249      0.000
 183  191     -0.456     -0.214      0.000
 185  190     -0.454     -0.541      0.000
 186  192     -0.452     -0.771      0.000
 187  193     -0.447     -0.880      0.000
 179   -2     -0.437     -1.142      0.000
 188  195     -0.437      0.656      0.000
 189  197     -0.427     -0.595      0.000
 191  198     -0.421      1.127      0.000
  -1  199     -0.415     -1.123      0.000
 181   -2     -0.413      0.979      0.000
 192   -2     -0.406     -0.664      0.000
 193  200     -0.397     -1.168      0.000
 195  202     -0.388      0.784      0.000
 198  206     -0.387      0.277      0.000
 196  203     -0.387     -0.877      0.000
 197  204     -0.386      0.967      0.000
 199   -2     -0.381      0.894      0.000
 201  208     -0.377     -0.500      0.000
  -1   -2     -0.356     -1.131      0.000
 204  211     -0.349      0.707      0.000
 213   -2     -0.347     -1.169      0.000
 205  214     -0.335      0.366      0.000
 206  215     -0.333      1.152      0.000
  -1  201     -0.330     -0.658      0.000
 207  220     -0.324     -0.747      0.000
 208  216     -0.318     -0.833      0.000
 209  217     -0.312     -0.334      0.000
 210  219     -0.303      0.688      0.000
 211  221     -0.297     -0.880      0.000
 220  205     -0.292      0.862      0.000
 212  222     -0.291      0.657      0.000
  -1  223     -0.289     -1.119      0.000
 214  224     -0.283     -0.583      0.000
  -1  225     -0.274      0.022      0.000
 218  227     -0.260     -0.760      0.000
 217  226     -0.260     -0.962      0.000
 219  229     -0.254      0.617      0.000
 221  230     -0.244     -1.082      0.000
 222   -2     -0.240     -0.093      0.000
 223  231     -0.239      0.039      0.000
 225  233     -0.218     -0.209      0.000
  -1   -2     -0.218     -0.480      0.000
 228   -2     -0.193     -0.143      0.000
  -1   -2     -0.182      1.106      0.000
 232  235     -0.180     -1.071      0.000
 231  232     -0.179     -0.656      0.000
 229  237     -0.178      0.327      0.000
 234  236     -0.176      1.144      0.000
 233  238     -0.175      0.415      0.000
 241  239     -0.169     -0.551      0.000
 235  240     -0.165     -0.057      0.000
  -1  253     -0.153     -0.989      0.000
 236  241     -0.152      0.531      0.000
 238  243     -0.148     -0.265      0.000
 242  244     -0.135     -0.888      0.000
 243  245     -0.129      0.201      0.000
 237  254     -0.127     -1.128      0.000
 244  247     -0.124     -0.119      0.000
 245  248     -0.120      1.153      0.000
 246  250     -0.110     -0.225      0.000
 258  234     -0.104     -0.258      0.000
 248  251     -0.102      0.301      0.000
 249  252     -0.098     -0.516      0.000
 251   -2     -0.092     -1.001      0.000
 253  255     -0.083      0.991      0.000
 254  266     -0.080      0.007      0.000
 256  258     -0.077     -0.951      0.000
 257  259     -0.067      1.103      0.000
  -1  257     -0.062     -1.167      0.000
  -1  270     -0.048      0.810      0.000
 274   -2     -0.039     -1.127      0.000
 261   -2     -0.035      1.050      0.000
 262  262     -0.024      0.269      0.000
 263  264     -0.020      0.479      0.000
 266   -2     -0.006      0.050      0.000
 270  271      0.009      0.725      0.000
 265   -2      0.010      0.831      0.000
 271  272      0.018      0.484      0.000
 272  273      0.024      0.286      0.000
  -1  274      0.029     -0.039      0.000
 275   -2      0.029     -0.995      0.000
 268  276      0.037     -1.060      0.000
 276  277      0.053      0.546      0.000
 277  278      0.060      0.761      0.000
 279  280      0.065     -0.926      0.000
 278  285      0.066      0.047      0.000
 264   -2      0.067      0.664      0.000
 280  281      0.071     -0.770      0.000
 282  282      0.077      0.136      0.000
  -1  283      0.083      0.787      0.000
 283   -2      0.091      0.101      0.000
  -1  286      0.091     -0.026      0.000
 285  289      0.104      1.043      0.000
 287  290      0.137      0.815      0.000
  -1  291      0.138     -0.952      0.000
 289  292      0.142      0.711      0.000
 288   -2      0.143     -1.041      0.000
 290  293      0.143     -0.379      0.000
 291   -2      0.153      0.568      0.000
 292  295      0.155     -1.082      0.000
 293  297      0.165      0.888      0.000
 294  299      0.180      0.309      0.000
 295  300      0.187     -0.567      0.000
 296  301      0.192     -1.047      0.000
 298  302      0.200     -0.360      0.000
  -1  294      0.207      0.611      0.000
 299  303      0.209     -1.157      0.000
 302  306      0.211     -1.082      0.000
 300  305      0.215     -0.864      0.000
 301  304      0.216      1.094      0.000
 303  313      0.218      0.817      0.000
 305  308      0.220     -1.003      0.000
 304  307      0.221      0.037      0.000
 306  309      0.229     -0.739      0.000
 307  310      0.229      0.468      0.000
 308  311      0.246     -0.109      0.000
 309   -2      0.250     -1.036      0.000
 310   -2      0.262     -0.763      0.000
 311  312      0.271     -0.293      0.000
 313   -2      0.277      0.817      0.000
 314  314      0.287      1.028      0.000
 315  315      0.294      0.955      0.000
 316  316      0.298      0.211      0.000
  -1  317      0.299      0.610      0.000
  -1  318      0.303     -1.173      0.000
 342   -2      0.332      0.491      0.000
 320  322      0.333     -0.258      0.000
 321  323      0.340     -0.295      0.000
  -1  324      0.342     -0.151      0.000
 322  325      0.347      0.056      0.000
 324  326      0.353      0.872      0.000
 325  336      0.355      1.162      0.000
 326  327      0.361     -1.053      0.000
 329  328      0.367     -1.132      0.000
  -1   -2      0.377      0.919      0.000
 328  329      0.382     -0.330      0.000
 318  341      0.383     -1.171      0.000
  -1   -2      0.388     -1.106      0.000
 332  333      0.390     -0.688      0.000
  -1  334      0.402      0.977      0.000
  -1  332      0.403     -1.139      0.000
 333   -2      0.414      0.054      0.000
 334  335      0.418     -0.997      0.000
 335  337      0.422     -0.335      0.000
  -1   -2      0.424      1.156      0.000
  -1  338      0.429     -0.382      0.000
 330  351      0.431     -1.152      0.000
  -1  340      0.431     -0.773      0.000
  -1  353      0.432     -0.097      0.000
 339  339      0.433      0.252      0.000
 340  342      0.445      0.146      0.000
 341  343      0.449     -0.569      0.000
 343  345      0.457      1.078      0.000
 336   -2      0.468     -0.690      0.000
 323   -2      0.473     -0.509      0.000
  -1   -2      0.482      0.598      0.000
 346  348      0.482      0.007      0.000
 344   -2      0.490     -1.150      0.000
 348  352      0.496     -0.362      0.000
 350   -2      0.509      0.579      0.000
 351  354      0.510     -0.699      0.000
  -1  355      0.518      0.527      0.000
 352  356      0.519      0.628      0.000
 353  367      0.521      0.475      0.000
 354   -2      0.524      0.184      0.000
 356  359      0.530     -0.542      0.000
 355  360      0.533      1.171      0.000
 357  357      0.535      0.270      0.000
 358  361      0.541     -0.021      0.000
 360  362      0.544      0.780      0.000
 359  363      0.544     -0.808      0.000
  -1   -2      0.554      0.362      0.000
 365  364      0.560      0.592      0.000
 349   -2      0.561     -0.837      0.000
 363  365      0.562      0.659      0.000
 364  366      0.569     -0.872      0.000
 366  368      0.586     -0.505      0.000
  -1   -2      0.593     -1.141      0.000
 367   -2      0.594     -0.306      0.000
  -1  369      0.599     -1.170      0.000
 369  372      0.609     -0.912      0.000
 370  373      0.615      0.915      0.000
 371  374      0.616      1.164      0.000
 372  375      0.619      0.791      0.000
  -1  377      0.627     -1.067      0.000
  -1   -2      0.628     -0.602      0.000
 374  376      0.629     -0.676      0.000
 383   -2      0.634     -0.034      0.000
 375  379      0.649     -0.769      0.000
 376   -2      0.651     -0.573      0.000
  -1  381      0.652     -0.226      0.000
 378  380      0.656      0.434      0.000
 379  383      0.658     -0.620      0.000
 380  382      0.660      0.466      0.000
 381  384      0.663      0.708      0.000
 384  385      0.683     -0.973      0.000
 385  389      0.690     -0.369      0.000
  -1   -2      0.702     -0.411      0.000
 394   -2      0.705     -1.170      0.000
 388  396      0.706     -1.046      0.000
 389   -2      0.707     -0.449      0.000
  -1  393      0.710     -0.144      0.000
 386  387      0.710      0.830      0.000
 390  390      0.711      0.751      0.000
 391  392      0.719     -0.810      0.000
 392  391      0.720      0.422      0.000
  -1   -2      0.722     -0.941      0.000
 382  395      0.726      1.074      0.000
 377   -2      0.726     -0.238      0.000
 395   -2      0.731     -1.034      0.000
  -1   -2      0.734     -0.171      0.000
 396  398      0.746     -0.653      0.000
 397  399      0.748     -0.845      0.000
 399  400      0.756      0.976      0.000
 400  401      0.760     -1.079      0.000
 401  402      0.774     -0.348      0.000
 403   -2      0.780      1.074      0.000
  -1  404      0.781     -0.989      0.000
 405  403      0.785     -1.037      0.000
 407  405      0.791      0.921      0.000
 408  406      0.797     -0.610      0.000
 409   -2      0.803      0.607      0.000
 406   -2      0.803     -0.993      0.000
 410  407      0.808     -0.789      0.000
 411  408      0.811      0.221      0.000
 412  409      0.823      0.257      0.000
  -1   -2      0.825      0.967      0.000
 413  411      0.835     -1.114      0.000
 414  413      0.845     -1.054      0.000
  -1   -2      0.856      0.833      0.000
 416  414      0.861      0.570      0.000
 420  416      0.864      0.343      0.000
 417  418      0.866      1.143      0.000
 421  417      0.867      0.298      0.000
 419  419      0.867     -0.780      0.000
  -1  422      0.889     -1.158      0.000
 422  423      0.895      0.822      0.000
 423   -2      0.899     -1.006      0.000
 424  425      0.911     -0.049      0.000
  -1  426      0.914     -0.655      0.000
 425  427      0.922      1.005      0.000
 427  429      0.934      1.107      0.000
 429  428      0.934      0.074      0.000
 428  431      0.934     -0.806      0.000
 431  432      0.946     -0.268      0.000
 432  433      0.950     -0.458      0.000
 433  434      0.961     -0.161      0.000
 434  435      0.963     -0.548      0.000
 435  437      0.966     -1.134      0.000
 436  436      0.969      0.702      0.000
 437  440      0.972      0.140      0.000
 438  438      0.975      0.649      0.000
 439  439      0.978      0.601      0.000
 440  441      0.992      0.268      0.000
 441  442      0.993      0.385      0.000
 444  445      1.018     -0.238      0.000
 445   -2      1.031     -0.268      0.000
 446  447      1.031      0.205      0.000
 448  450      1.053     -0.618      0.000
 449  451      1.054     -0.997      0.000
  -1   -2      1.058      0.175      0.000
 450  453      1.059      0.490      0.000
 452  456      1.077      0.424      0.000
 453  448      1.077     -0.265      0.000
 456  459      1.093     -0.358      0.000
 457  460      1.095     -0.059      0.000
 458  462      1.112     -1.023      0.000
 459  463      1.115      1.017      0.000
 460  464      1.117      0.943      0.000
 462  465      1.118      0.640      0.000
 461  466      1.120     -0.692      0.000
  -1   -2      1.126     -0.129      0.000
 463  467      1.130      0.811      0.000
 466  468      1.141     -0.031      0.000
 477   -2      1.144     -1.138      0.000
 467  472      1.155      1.017      0.000
 468  473      1.158     -0.919      0.000
 469  474      1.159     -0.833      0.000
 472  477      1.181      0.239      0.000
 474  479      1.188     -0.604      0.000
 479  478      1.188      0.071      0.000
  -1   -2      1.191      0.175      0.000
 475   -2      1.193      1.070      0.000
  -1   -2      1.197     -0.745      0.000
 476   -2      1.198     -0.847      0.000
 464   -2      1.219     -1.057      0.000
 478  480      1.225      0.963      0.000
  -1  481      1.237     -0.990      0.000
 480  482      1.254     -0.559      0.000
  -1  483      1.261     -0.424      0.000
 484  486      1.281      1.013      0.000
 485  469      1.291      0.666      0.000
  -1  487      1.303     -0.578      0.000
 490  489      1.308     -1.047      0.000
 487   -2      1.309     -1.165      0.000
 489  488      1.315      0.273      0.000
 488  510      1.330      0.577      0.000
  -1  492      1.332     -0.557      0.000
 493  493      1.343     -0.644      0.000
 495  494      1.346      0.401      0.000
 494  499      1.352     -0.069      0.000
 491   -2      1.369     -0.535      0.000
 497  496      1.386     -1.083      0.000
  -1  495      1.387     -1.029      0.000
 498  498      1.392     -1.171      0.000
  -1  512      1.395      0.779      0.000
 500  500      1.401      0.449      0.000
 501  501      1.405      1.141      0.000
 507   -2      1.434     -0.415      0.000
 503  504      1.436     -0.309      0.000
 504  505      1.437     -0.549      0.000
 505  506      1.437      0.162      0.000
 509  509      1.444     -0.282      0.000
  -1  511      1.449     -1.175      0.000
 510   -2      1.456     -1.150      0.000
  -1   -2      1.476      0.666      0.000
 512  513      1.481      0.238      0.000
 514  514      1.486      0.558      0.000
 515  515      1.490     -0.852      0.000
 516   -2      1.502     -0.821      0.000
 517   -2      1.516      0.639      0.000
  -1  517      1.520      1.090      0.000
 518  518      1.526      0.891      0.000
 519   -2      1.529      0.029      0.000
  -1   -2      1.533     -0.955      0.000
 520  520      1.535     -0.334      0.000
 522  519      1.536      0.284      0.000
 526  522      1.536     -0.266      0.000
 523  523      1.540     -0.092      0.000
  -1  521      1.546     -1.156      0.000
 525  526      1.559     -1.029      0.000
 527  524      1.559     -0.720      0.000
 528  527      1.565      1.165      0.000
 529  528      1.569      0.051      0.000
 531  529      1.574      0.470      0.000
 530  530      1.574     -0.929      0.000
