517
   0    1     -1.572      0.393      0.000
   1    2     -1.560      0.827      0.000
   2    3     -1.554     -0.017      0.000
   3    5     -1.545      0.252      0.000
  -1   -2     -1.545     -0.409      0.000
   5   -2     -1.544     -1.033      0.000
  -1    6     -1.536      0.915      0.000
   6   15     -1.525     -1.012      0.000
  -1    4     -1.514     -0.113      0.000
   8   10     -1.494      0.214      0.000
  -1   11     -1.488      0.312      0.000
   9   12     -1.477      0.505      0.000
  10   -2     -1.476      0.269      0.000
  11   13     -1.474      0.632      0.000
  -1   14     -1.472     -0.271      0.000
  14   18     -1.465      0.393      0.000
  15   17     -1.464      0.982      0.000
  16   16     -1.464     -0.947      0.000
  12   25     -1.462     -1.166      0.000
   7   -2     -1.461     -1.134      0.000
  18   19     -1.444      0.152      0.000
  20   20     -1.442     -0.580      0.000
  -1   -2     -1.425     -0.683      0.000
  -1   -2     -1.420      0.470      0.000
  29   24     -1.419     -0.283      0.000
  13   -2     -1.415     -0.324      0.000
  22   27     -1.404      0.327      0.000
  -1   23     -1.391      0.475      0.000
  23   28     -1.389      0.734      0.000
  24   31     -1.376     -0.364      0.000
  25   33     -1.371      0.277      0.000
  -1   32     -1.369     -1.133      0.000
  26   34     -1.369      1.087      0.000
  -1   36     -1.362      0.617      0.000
  27   35     -1.362     -0.866      0.000
  31   21     -1.357     -0.704      0.000
  32   37     -1.357     -1.012      0.000
  30   38     -1.355      0.067      0.000
  44   22     -1.354     -0.200      0.000
  28   -2     -1.343      0.587      0.000
  35   40     -1.333     -1.111      0.000
  36   -2     -1.331      1.003      0.000
  -1   43     -1.325      1.055      0.000
  39   44     -1.322      0.900      0.000
  47   39     -1.310      0.671      0.000
  41   47     -1.303     -0.792      0.000
  40   48     -1.302     -0.002      0.000
  42   49     -1.288     -0.820      0.000
  43   51     -1.283      0.166      0.000
  45   52     -1.278     -0.962      0.000
  46   53     -1.273     -0.320      0.000
  49   -2     -1.263      0.535      0.000
  -1   -2     -1.262     -1.105      0.000
  48   56     -1.254     -1.175      0.000
  51   57     -1.253     -0.605      0.000
  -1   58     -1.250     -0.413      0.000
  52   59     -1.240      0.972      0.000
  -1   63     -1.235      0.378      0.000
  54   60     -1.234     -0.810      0.000
  53   61     -1.233     -0.509      0.000
  56   62     -1.214     -1.102      0.000
  57   64     -1.196     -1.066      0.000
  58   65     -1.192      0.809      0.000
  59   66     -1.190     -0.624      0.000
  -1   67     -1.183     -1.169      0.000
  61   68     -1.174     -0.118      0.000
  62   69     -1.168     -0.848      0.000
  63   70     -1.165     -0.812      0.000
  66   71     -1.160      1.012      0.000
  65   73     -1.157      0.707      0.000
  67   72     -1.153     -0.989      0.000
  60   -2     -1.136      0.617      0.000
  71   75     -1.115     -1.032      0.000
  70   77     -1.114      1.022      0.000
  72   78     -1.112     -0.339      0.000
  74   79     -1.095      0.392      0.000
  75   80     -1.085      0.639      0.000
  77   -2     -1.071      0.060      0.000
  78   81     -1.063     -0.366      0.000
  -1   -2     -1.061     -1.137      0.000
  79   82     -1.057     -0.103      0.000
  80   83     -1.046     -1.173      0.000
  81   85     -1.042      0.791      0.000
  83   84     -1.039     -1.046      0.000
  82   86     -1.039     -0.278      0.000
  84   88     -1.032     -0.718      0.000
  85   89     -1.027      0.392      0.000
  86   90     -1.018     -0.849      0.000
  87   91     -1.010      0.470      0.000
  88   -2     -1.001     -0.773      0.000
  90   92     -0.993      1.016      0.000
  89   94     -0.991     -0.158      0.000
  -1   93     -0.986     -1.093      0.000
  -1   -2     -0.984     -1.150      0.000
  92   96     -0.984      0.902      0.000
  -1   -2     -0.979     -0.025      0.000
  94   97     -0.977      0.384      0.000
  -1   98     -0.970      1.056      0.000
  95  100     -0.969      0.186      0.000
  96   99     -0.968     -0.428      0.000
  97  101     -0.966     -0.217      0.000
  98  103     -0.959     -0.177      0.000
  93  104     -0.957     -0.991      0.000
 102   -2     -0.944     -0.929      0.000
 100  105     -0.941      0.616      0.000
 103  107     -0.937      0.334      0.000
 105   -2     -0.910      1.080      0.000
 113   -2     -0.910      0.434      0.000
 104  109     -0.910     -0.764      0.000
 106  110     -0.891     -1.083      0.000
 108  111     -0.884      0.898      0.000
 107  112     -0.883      0.567      0.000
 110  114     -0.870      0.304      0.000
  -1  102     -0.859     -0.991      0.000
 111  115     -0.857     -0.091      0.000
 112  116     -0.854     -0.740      0.000
 114  117     -0.843      0.692      0.000
 115  118     -0.840     -0.611      0.000
 116   -2     -0.839     -0.936      0.000
 117  119     -0.836     -0.690      0.000
 125  123     -0.823     -1.163      0.000
 118  120     -0.822      1.089      0.000
 120  121     -0.819      1.044      0.000
 121  124     -0.818     -1.092      0.000
 119  122     -0.816     -0.444      0.000
 122  125     -0.805     -0.138      0.000
 123  127     -0.798     -0.216      0.000
 124  128     -0.794     -0.492      0.000
 127  129     -0.783      0.994      0.000
 128  131     -0.779     -0.799      0.000
 126  130     -0.777     -0.047      0.000
 131  132     -0.775      1.171      0.000
 129   -2     -0.774      0.815      0.000
 130  134     -0.770     -0.014      0.000
 133  133     -0.769     -0.754      0.000
 137   -2     -0.764      0.324      0.000
 135   -2     -0.762      0.888      0.000
 132  138     -0.758      0.254      0.000
  -1  139     -0.756      0.407      0.000
 139   -2     -0.756     -0.931      0.000
  -1   -2     -0.754     -0.234      0.000
 141  140     -0.740     -1.010      0.000
 140  141     -0.740     -0.964      0.000
 143  142     -0.727     -0.451      0.000
 144  144     -0.719     -0.060      0.000
 145  143     -0.718      0.986      0.000
  -1  137     -0.715     -0.930      0.000
 148  146     -0.704      1.117      0.000
 147  147     -0.702      0.033      0.000
 158  135     -0.688      0.801      0.000
  -1  148     -0.685     -0.358      0.000
 149  149     -0.679      1.069      0.000
  -1  150     -0.674     -1.122      0.000
 153  152     -0.673      1.013      0.000
 150  153     -0.672     -0.155      0.000
 151  154     -0.670      0.138      0.000
  -1  151     -0.669     -1.171      0.000
 155  155     -0.666     -0.694      0.000
 156  157     -0.664     -0.564      0.000
 154  163     -0.652     -1.081      0.000
 164   -2     -0.644      1.156      0.000
  -1  160     -0.642     -0.110      0.000
 161  161     -0.635     -1.119      0.000
  -1  162     -0.630     -0.577      0.000
 162   -2     -0.629     -1.009      0.000
 152   -2     -0.593      0.914      0.000
 167  166     -0.592     -0.317      0.000
  -1   -2     -0.591     -0.555      0.000
  -1  165     -0.584      0.878      0.000
 169  169     -0.570     -0.444      0.000
 171  168     -0.569     -0.942      0.000
 172  170     -0.568     -0.525      0.000
 173  172     -0.559     -0.289      0.000
 174   -2     -0.552      1.073      0.000
 175  173     -0.551     -0.991      0.000
 176  174     -0.539     -1.086      0.000
 177  175     -0.530      0.041      0.000
  -1  184     -0.526     -1.158      0.000
 185   -2     -0.520     -1.175      0.000
 179  176     -0.516     -0.529      0.000
 182  180     -0.499      0.691      0.000
 181  182     -0.499     -0.247      0.000
 183  181     -0.497      0.491      0.000
  -1  186     -0.483     -0.674      0.000
 186  185     -0.474      0.993      0.000
 187   -2     -0.458     -0.700      0.000
 188  187     -0.451      0.076      0.000
 189  188     -0.447      0.189      0.000
  -1   -2     -0.444     -1.161      0.000
 190  189     -0.438     -0.971      0.000
 191  190     -0.436     -1.076      0.000
 192  191     -0.431     -0.057      0.000
 193  193     -0.417     -0.138      0.000
 194  192     -0.416     -0.864      0.000
 196  194     -0.411     -0.303      0.000
 215   -2     -0.402     -1.166      0.000
  -1   -2     -0.395      1.099      0.000
 197  195     -0.394      0.460      0.000
 199  196     -0.382      0.776      0.000
 201  197     -0.377     -0.987      0.000
 200  199     -0.377     -0.539      0.000
 202  200     -0.374     -0.627      0.000
 203  201     -0.367      1.094      0.000
 204  202     -0.365      0.533      0.000
 206  198     -0.362     -1.130      0.000
 207  203     -0.359     -0.695      0.000
 208   -2     -0.356     -1.073      0.000
 212  206     -0.355     -0.201      0.000
 209  204     -0.355      0.331      0.000
 213  207     -0.349      1.023      0.000
 211  205     -0.349      0.755      0.000
 216  208     -0.339     -0.309      0.000
 218  209     -0.330      0.904      0.000
  -1   -2     -0.329     -0.698      0.000
 217  210     -0.329     -0.273      0.000
  -1  211     -0.301     -0.964      0.000
 223  212     -0.297     -0.604      0.000
 224  213     -0.291     -1.017      0.000
  -1  214     -0.284     -0.784      0.000
 225  215     -0.282      0.830      0.000
 227  218     -0.281     -1.172      0.000
 226  216     -0.275      0.558      0.000
 229  217     -0.269     -1.104      0.000
 228  219     -0.266      0.318      0.000
 235   -2     -0.261      1.010      0.000
 230  220     -0.248      0.291      0.000
  -1  222     -0.240      0.813      0.000
 231   -2     -0.239     -0.211      0.000
  -1  223     -0.234     -0.906      0.000
 221  231     -0.228      0.433      0.000
 233  225     -0.227     -0.713      0.000
  -1  224     -0.223     -1.092      0.000
 234  227     -0.219     -0.429      0.000
 236  228     -0.186      0.743      0.000
  -1  221     -0.185      0.564      0.000
  -1  229     -0.181     -1.066      0.000
 238  246     -0.165      0.000      0.000
  -1  233     -0.144     -0.816      0.000
 240   -2     -0.143     -1.117      0.000
  -1  234     -0.142     -0.144      0.000
  -1   -2     -0.139      0.065      0.000
 245  235     -0.132     -1.063      0.000
 241   -2     -0.129     -0.693      0.000
 248  238     -0.106     -0.208      0.000
 249  239     -0.103      0.507      0.000
 247   -2     -0.101     -1.173      0.000
  -1   -2     -0.098     -0.721      0.000
 250  242     -0.093      0.651      0.000
 252  244     -0.084     -0.100      0.000
 253  240     -0.083     -1.133      0.000
 254  245     -0.076      0.340      0.000
 257  248     -0.056     -0.670      0.000
 267   -2     -0.056      0.230      0.000
 258   -2     -0.052     -0.181      0.000
  -1  241     -0.048     -0.745      0.000
  -1  251     -0.045     -0.322      0.000
 261   -2     -0.040     -0.359      0.000
 262  252     -0.039      0.363      0.000
 263  253     -0.037      0.617      0.000
 266  257     -0.012     -0.022      0.000
  -1   -2      0.004     -0.512      0.000
 264   -2      0.008      0.775      0.000
 268  259      0.011      1.021      0.000
 265  261      0.018      0.896      0.000
  -1  262      0.020      0.321      0.000
  -1  250      0.020     -0.154      0.000
  -1  263      0.025     -1.092      0.000
 271  264      0.035      0.384      0.000
 274  260      0.040      0.601      0.000
 272  265      0.041      0.032      0.000
 273  271      0.049     -0.952      0.000
 276  266      0.053     -1.148      0.000
 275  268      0.058      0.346      0.000
 277  269      0.060      0.944      0.000
  -1   -2      0.063     -1.065      0.000
 279  270      0.068      0.684      0.000
 281  272      0.080     -0.224      0.000
 280   -2      0.080     -0.964      0.000
  -1   -2      0.098     -0.756      0.000
 291   -2      0.098     -1.046      0.000
  -1  273      0.102      0.147      0.000
 284  275      0.109      0.467      0.000
 283  276      0.113      0.100      0.000
  -1   -2      0.133      0.912      0.000
 286  277      0.134      0.880      0.000
 288  279      0.144     -0.628      0.000
  -1  280      0.146      0.201      0.000
 289  281      0.148      1.089      0.000
  -1   -2      0.150      0.027      0.000
  -1  283      0.150     -1.170      0.000
 290  282      0.153     -0.516      0.000
 294  285      0.174      0.376      0.000
 295  286      0.187     -0.733      0.000
  -1   -2      0.197     -1.172      0.000
 296  288      0.198      1.007      0.000
 297  289      0.200     -0.492      0.000
  -1   -2      0.204     -1.153      0.000
 298  290      0.207      0.581      0.000
  -1  292      0.212      0.017      0.000
 301  293      0.215     -1.053      0.000
 293  295      0.219     -1.001      0.000
 302  294      0.222     -0.330      0.000
 305  297      0.227     -0.923      0.000
 306  298      0.235     -0.172      0.000
 307  300      0.246      1.006      0.000
 308  299      0.249      0.128      0.000
 309  301      0.257     -0.401      0.000
 312   -2      0.261      0.760      0.000
 311  303      0.264     -0.367      0.000
 313  304      0.267      0.248      0.000
 314  305      0.268      1.154      0.000
 315   -2      0.277      0.163      0.000
  -1   -2      0.283     -0.169      0.000
 316  313      0.289      0.610      0.000
 317  311      0.302     -1.174      0.000
 299   -2      0.307      0.045      0.000
  -1  309      0.312     -0.219      0.000
 320   -2      0.312     -0.411      0.000
 321  310      0.318      1.060      0.000
 323   -2      0.344      1.108      0.000
 324  314      0.348     -0.434      0.000
 325  315      0.364      0.242      0.000
 326  316      0.368      0.302      0.000
 327   -2      0.372      1.164      0.000
 328  317      0.372     -0.842      0.000
 329  318      0.381      0.168      0.000
 330  319      0.382     -0.437      0.000
  -1   -2      0.388      0.566      0.000
  -1  321      0.392     -0.488      0.000
  -1  338      0.400      0.921      0.000
 333  323      0.414     -0.009      0.000
  -1  320      0.417      0.530      0.000
 335  325      0.418     -0.697      0.000
 346  324      0.418      0.730      0.000
 334  326      0.419     -0.918      0.000
 337  327      0.425     -1.148      0.000
 338  328      0.438     -0.633      0.000
 339  330      0.441      0.581      0.000
 341  331      0.444      0.215      0.000
 344  333      0.448     -0.455      0.000
 343  334      0.448      0.770      0.000
 342  335      0.448      0.327      0.000
 345  336      0.464     -0.040      0.000
 347   -2      0.480      0.935      0.000
 350  340      0.485     -1.138      0.000
 349  339      0.485     -0.822      0.000
 336  355      0.486      0.794      0.000
  -1  341      0.490     -0.650      0.000
 353  342      0.503     -0.980      0.000
  -1  343      0.520      1.020      0.000
 355   -2      0.531      0.875      0.000
 352  365      0.536     -0.594      0.000
 358  346      0.540     -0.047      0.000
 357  345      0.541     -0.944      0.000
 359  347      0.550      0.525      0.000
  -1  348      0.551     -0.457      0.000
 360  350      0.552      0.939      0.000
 361  351      0.556      0.566      0.000
 364  353      0.566      1.071      0.000
  -1   -2      0.579      0.843      0.000
 366  354      0.583      0.342      0.000
 368  356      0.593     -0.763      0.000
 369  357      0.601      0.508      0.000
 381   -2      0.610     -1.018      0.000
  -1  363      0.615     -0.421      0.000
 371   -2      0.618     -0.699      0.000
 373  361      0.624     -0.855      0.000
 374  362      0.630      0.883      0.000
 375  364      0.631      0.968      0.000
 377   -2      0.637     -0.491      0.000
 376  366      0.650     -1.159      0.000
 378  367      0.680      0.264      0.000
  -1  371      0.684     -0.458      0.000
 379  368      0.684     -1.045      0.000
 380  369      0.691     -0.385      0.000
 387   -2      0.699     -0.873      0.000
 383  372      0.711      1.106      0.000
 385  374      0.725      0.403      0.000
 386  373      0.725      0.351      0.000
 384   -2      0.728      1.043      0.000
 389  375      0.739      0.661      0.000
  -1  376      0.743     -0.076      0.000
 390  377      0.745     -0.650      0.000
  -1  381      0.745     -0.210      0.000
  -1   -2      0.771      1.057      0.000
 391  378      0.775      0.940      0.000
  -1   -2      0.778     -0.474      0.000
 393  379      0.783     -0.039      0.000
 392  380      0.785     -1.031      0.000
 394   -2      0.790      0.098      0.000
  -1   -2      0.791     -0.236      0.000
 396  383      0.810      0.918      0.000
 397   -2      0.812     -0.549      0.000
 388  405      0.819     -1.133      0.000
 398  395      0.823     -0.881      0.000
 399  385      0.825      0.172      0.000
  -1  387      0.835      1.104      0.000
 400  389      0.837     -0.798      0.000
 401  388      0.838     -0.154      0.000
  -1  386      0.838     -0.265      0.000
 404  390      0.841      0.437      0.000
 405  391      0.846      0.668      0.000
 406  393      0.852     -1.070      0.000
 408  392      0.853      0.724      0.000
  -1  394      0.856      0.782      0.000
 410   -2      0.861      0.295      0.000
 411  396      0.866     -0.285      0.000
 412  397      0.869     -0.455      0.000
 413  398      0.874      1.086      0.000
 414  399      0.877      0.243      0.000
 416   -2      0.886      0.393      0.000
  -1   -2      0.890      1.139      0.000
 418  401      0.898     -0.544      0.000
  -1  402      0.898      1.115      0.000
 417  403      0.899     -0.874      0.000
 421  404      0.901     -1.006      0.000
  -1   -2      0.905     -0.941      0.000
 422  406      0.907     -0.800      0.000
 423  407      0.911      0.537      0.000
  -1  408      0.918     -0.151      0.000
 424  409      0.919     -0.251      0.000
 426  410      0.922      0.465      0.000
 427  411      0.924      0.030      0.000
 428  412      0.931     -1.000      0.000
 429  413      0.936     -0.864      0.000
  -1  414      0.936     -1.078      0.000
 430  415      0.937     -0.700      0.000
  -1   -2      0.949     -0.534      0.000
  -1   -2      0.952      0.478      0.000
 419  422      0.956     -0.031      0.000
 432  418      0.966     -0.236      0.000
  -1   -2      0.975      0.772      0.000
 438  419      0.981      0.685      0.000
 433  420      0.983     -1.116      0.000
 435  423      0.997     -0.587      0.000
 436   -2      0.999      0.001      0.000
 437  424      1.018      0.725      0.000
 445   -2      1.027      0.266      0.000
 439  427      1.029      0.842      0.000
 441   -2      1.035      0.105      0.000
 442  429      1.044     -0.687      0.000
 443  430      1.050      0.976      0.000
  -1  428      1.062      0.083      0.000
 448  433      1.076     -0.635      0.000
 446  432      1.079     -1.167      0.000
 450  435      1.104      1.033      0.000
 451  436      1.109     -0.957      0.000
 444   -2      1.124     -0.999      0.000
  -1  425      1.126      0.271      0.000
 453  437      1.129     -0.531      0.000
  -1  438      1.135     -1.173      0.000
 454  439      1.136     -0.757      0.000
 455  441      1.147     -0.842      0.000
 458  443      1.160     -1.058      0.000
 460  442      1.162      1.027      0.000
 459  444      1.163      0.548      0.000
  -1   -2      1.164      0.285      0.000
  -1   -2      1.169      1.105      0.000
 461  445      1.176     -0.348      0.000
 462  449      1.193     -1.148      0.000
 463  448      1.193     -0.472      0.000
 464  450      1.201      0.391      0.000
  -1  453      1.220     -0.540      0.000
 466  454      1.222      0.988      0.000
 467  447      1.224     -0.288      0.000
 469  456      1.247     -0.477      0.000
 472   -2      1.267      0.814      0.000
 471  459      1.273     -0.448      0.000
  -1  461      1.291     -1.170      0.000
 473  462      1.297     -0.527      0.000
  -1  463      1.303     -0.926      0.000
 474  465      1.316      0.174      0.000
 477  466      1.342     -1.031      0.000
  -1  467      1.359     -0.203      0.000
 465  501      1.359      0.014      0.000
 481  468      1.361      0.501      0.000
 480  470      1.362      1.073      0.000
 483  469      1.362      0.237      0.000
 482  472      1.365     -0.887      0.000
 484  471      1.366     -0.303      0.000
 485  473      1.383     -0.943      0.000
 486  475      1.385     -0.419      0.000
  -1  479      1.394     -1.168      0.000
 490  474      1.394     -0.348      0.000
 488  476      1.400      0.566      0.000
 489  480      1.408     -0.889      0.000
 491  481      1.428      0.267      0.000
 492  482      1.434      0.790      0.000
  -1   -2      1.440      0.068      0.000
 478  503      1.448     -1.174      0.000
 493  484      1.451     -1.001      0.000
 496  485      1.461      0.982      0.000
 495  486      1.461     -1.118      0.000
 497  487      1.466     -0.033      0.000
 498  489      1.470     -0.690      0.000
 500  488      1.470      0.411      0.000
  -1  490      1.471     -0.652      0.000
 499  491      1.472     -0.166      0.000
 503  492      1.478     -0.216      0.000
 502   -2      1.486      0.085      0.000
 512   -2      1.491     -0.004      0.000
 505  494      1.505     -0.687      0.000
 506  496      1.507      0.672      0.000
 504  495      1.508     -1.013      0.000
 507  497      1.509      0.554      0.000
 508   -2      1.515      1.168      0.000
 509  499      1.519      1.049      0.000
 510  500      1.525      0.363      0.000
 511   -2      1.533     -1.153      0.000
  -1  493      1.534      0.108      0.000
  -1  504      1.537     -0.554      0.000
 513  502      1.538      0.752      0.000
 514  506      1.545     -0.857      0.000
 515  505      1.545     -0.974      0.000
 517  507      1.554      1.090      0.000
 516  508      1.555     -0.751      0.000
 518  509      1.561      0.433      0.000
