530
   1    1     -1.573     -1.148      0.000
   2    3     -1.562      0.839      0.000
   3    5     -1.557     -0.018      0.000
   5   10     -1.553      0.798      0.000
   4    6     -1.553      0.255      0.000
   6    9     -1.540     -1.044      0.000
  -1   11     -1.538      0.929      0.000
  -1   12     -1.524      1.049      0.000
  -1   13     -1.524     -1.018      0.000
  -1   14     -1.517     -1.145      0.000
   8   15     -1.501      0.216      0.000
   9   16     -1.494      0.315      0.000
  -1   17     -1.484      0.514      0.000
  10   18     -1.484      0.272      0.000
  28   -2     -1.481      0.844      0.000
  13   19     -1.480      0.640      0.000
  12   20     -1.479     -0.279      0.000
  14   21     -1.474      0.400      0.000
  16   23     -1.465      0.992      0.000
  18   24     -1.462     -0.958      0.000
  -1   22     -1.458     -1.169      0.000
  17   25     -1.453      0.154      0.000
  19   26     -1.443     -0.589      0.000
  22   -2     -1.427      0.473      0.000
  23   -2     -1.426     -0.285      0.000
  25   28     -1.422     -0.332      0.000
  27   29     -1.409      0.332      0.000
  26   30     -1.409      0.693      0.000
  -1   -2     -1.398      0.134      0.000
  -1   46     -1.394      0.518      0.000
  -1   33     -1.386     -0.838      0.000
  29   34     -1.383     -0.370      0.000
  30   35     -1.379      0.279      0.000
  32   36     -1.371      0.625      0.000
  36   -2     -1.371      1.093      0.000
  35   38     -1.364      0.067      0.000
  41   41     -1.360     -0.512      0.000
  37   39     -1.360     -0.877      0.000
  40   40     -1.357     -0.706      0.000
  39   42     -1.353     -1.021      0.000
  -1   44     -1.349      0.031      0.000
  42   45     -1.332      1.006      0.000
  44   55     -1.329     -0.981      0.000
  43   47     -1.328     -1.120      0.000
  -1   37     -1.324      1.065      0.000
  45   49     -1.320      0.909      0.000
  -1   50     -1.314      0.680      0.000
  46   51     -1.312     -0.003      0.000
  49   52     -1.296     -0.813      0.000
  48   53     -1.294      0.167      0.000
  -1   48     -1.294     -1.167      0.000
  50   57     -1.282     -0.327      0.000
  -1   -2     -1.281     -0.119      0.000
  51   -2     -1.279     -0.969      0.000
  53   58     -1.272      0.541      0.000
  52   59     -1.270      0.646      0.000
  -1   61     -1.270     -1.150      0.000
  54   60     -1.256     -0.611      0.000
  -1   -2     -1.255     -1.119      0.000
  55   62     -1.246      0.386      0.000
  57   64     -1.239     -0.513      0.000
  58   65     -1.234     -0.818      0.000
  60   66     -1.211     -1.111      0.000
  61   67     -1.197      0.817      0.000
  -1   68     -1.192     -0.631      0.000
  -1   56     -1.186     -0.118      0.000
  -1   69     -1.176     -1.173      0.000
  65   70     -1.168     -0.855      0.000
  67   -2     -1.165     -0.818      0.000
  66   73     -1.163      0.714      0.000
  68   72     -1.160      1.025      0.000
  69   75     -1.154      0.988      0.000
  71   76     -1.147     -0.990      0.000
  64   78     -1.146      0.618      0.000
  73   79     -1.119     -0.341      0.000
  74   80     -1.115      1.029      0.000
  76   81     -1.112     -1.047      0.000
  75   83     -1.110      0.396      0.000
  90   -2     -1.110     -1.010      0.000
  81   85     -1.072     -0.368      0.000
  82   86     -1.070     -0.104      0.000
  -1   -2     -1.069     -0.135      0.000
  84   87     -1.066     -0.681      0.000
  83   -2     -1.065     -0.472      0.000
  89   96     -1.049     -1.174      0.000
  85   90     -1.048     -0.280      0.000
  87   89     -1.048      0.795      0.000
  88   92     -1.040      0.393      0.000
  -1   91     -1.037     -1.047      0.000
  91   95     -1.022      0.473      0.000
  92   94     -1.018     -0.854      0.000
  93   98     -1.003     -0.159      0.000
  95   97     -1.003     -0.776      0.000
  94   -2     -0.997      0.572      0.000
  97   99     -0.994      1.019      0.000
  96  100     -0.991      0.387      0.000
  99  101     -0.986      0.905      0.000
  98  103     -0.985      0.189      0.000
 101  104     -0.977     -0.430      0.000
 100  105     -0.976     -0.217      0.000
 102  107     -0.971     -0.179      0.000
 103  106     -0.969      1.058      0.000
 104  109     -0.950      0.335      0.000
 106  110     -0.946      0.774      0.000
  -1  112     -0.944      1.117      0.000
  -1   -2     -0.942      0.439      0.000
 107  111     -0.942     -0.933      0.000
 108  113     -0.912     -0.764      0.000
 109  114     -0.910      1.081      0.000
 110  116     -0.893      0.568      0.000
  -1  115     -0.889     -1.090      0.000
 112  117     -0.887      0.899      0.000
 111  118     -0.884      0.304      0.000
 113  119     -0.872     -0.089      0.000
 114  120     -0.858     -0.740      0.000
  -1  108     -0.857     -0.994      0.000
  -1  122     -0.853     -1.090      0.000
 115  121     -0.853      0.690      0.000
 116  123     -0.845     -0.611      0.000
 117  124     -0.840     -0.691      0.000
  -1  145     -0.837     -0.939      0.000
  -1  127     -0.825     -0.443      0.000
  -1  126     -0.822      1.089      0.000
 121  128     -0.820      1.045      0.000
 119  130     -0.817     -0.137      0.000
 122  125     -0.816     -1.164      0.000
 123  132     -0.810     -0.215      0.000
 124  133     -0.807      0.737      0.000
  -1   -2     -0.802     -0.488      0.000
  -1  134     -0.796      0.330      0.000
 118  135     -0.793     -0.050      0.000
 125  139     -0.785     -0.013      0.000
 127  136     -0.785      0.993      0.000
 126   -2     -0.779      0.420      0.000
 133  141     -0.773     -0.753      0.000
 132  143     -0.767      0.258      0.000
 134  142     -0.766      0.887      0.000
 135  144     -0.760      0.396      0.000
 131  146     -0.757      0.317      0.000
 136   -2     -0.749     -0.925      0.000
 137  148     -0.739     -0.963      0.000
 139  149     -0.738     -1.010      0.000
 138  150     -0.735     -0.450      0.000
 140  151     -0.731     -0.059      0.000
 142  152     -0.722      0.984      0.000
 143  154     -0.716      0.034      0.000
  -1   -2     -0.695     -0.356      0.000
 144   -2     -0.690      0.800      0.000
 120  168     -0.685      1.132      0.000
 146  157     -0.685     -0.155      0.000
 145  156     -0.685      0.139      0.000
 150  163     -0.682     -1.125      0.000
  -1  158     -0.680      1.066      0.000
  -1  159     -0.680      0.882      0.000
 147  160     -0.675      1.013      0.000
 149  164     -0.670     -0.560      0.000
 151  161     -0.668     -1.173      0.000
 154  166     -0.650      0.733      0.000
 153  167     -0.649     -0.108      0.000
 155  165     -0.649     -1.079      0.000
 158   -2     -0.644      1.150      0.000
 156  169     -0.641      0.159      0.000
 152   -2     -0.635     -0.573      0.000
 160  170     -0.631     -1.118      0.000
 159  172     -0.629      0.065      0.000
 161  171     -0.628     -1.008      0.000
 163  173     -0.615      1.077      0.000
 164  174     -0.613     -0.773      0.000
 165  175     -0.602     -0.314      0.000
 166  177     -0.594      0.897      0.000
 168   -2     -0.580     -0.440      0.000
 169  178     -0.575     -0.521      0.000
 170  179     -0.573     -0.784      0.000
 171  181     -0.568     -0.286      0.000
 173  183     -0.554      1.066      0.000
 174  186     -0.543      0.042      0.000
 177  187     -0.523     -0.523      0.000
 180  182     -0.515      0.313      0.000
 179  188     -0.511     -0.244      0.000
 182  189     -0.509      0.550      0.000
 181  190     -0.507      0.486      0.000
 183  191     -0.506      0.687      0.000
  -1   -2     -0.504      0.725      0.000
 175  192     -0.488     -1.165      0.000
 184  193     -0.476      0.986      0.000
 186  194     -0.465     -0.690      0.000
 185  195     -0.463      0.077      0.000
 187  196     -0.460      0.188      0.000
 189  198     -0.442     -0.055      0.000
 190  197     -0.438     -0.964      0.000
 209  185     -0.434     -1.068      0.000
 193  199     -0.428     -0.135      0.000
  -1   -2     -0.421      1.036      0.000
 194  201     -0.421     -0.299      0.000
 195  200     -0.418     -0.855      0.000
  -1   -2     -0.417     -0.555      0.000
 197  202     -0.404      0.455      0.000
 198   -2     -0.395      1.088      0.000
 199  203     -0.389      0.768      0.000
  -1  204     -0.382     -0.532      0.000
  -1  206     -0.378     -0.621      0.000
 201  205     -0.377     -0.978      0.000
  -1  207     -0.371      0.650      0.000
 202  209     -0.369      0.527      0.000
 204  208     -0.367      1.085      0.000
 203  210     -0.366      0.329      0.000
 222   -2     -0.360     -1.170      0.000
  -1  211     -0.358     -0.195      0.000
 200  214     -0.356     -0.688      0.000
 208  213     -0.355      0.746      0.000
 211  216     -0.348      1.012      0.000
 210  217     -0.346     -0.304      0.000
 213   -2     -0.337      0.692      0.000
 214  218     -0.336     -0.266      0.000
 215  219     -0.334      0.895      0.000
 216  222     -0.302     -0.595      0.000
 217  221     -0.301     -0.953      0.000
 218  224     -0.291     -1.007      0.000
 219  225     -0.287      0.820      0.000
 220  226     -0.279      0.553      0.000
  -1  223     -0.275     -1.171      0.000
 221  227     -0.275      0.313      0.000
  -1   -2     -0.271     -0.331      0.000
  -1  228     -0.266     -1.094      0.000
  -1  220     -0.261     -0.491      0.000
  -1   -2     -0.254      0.285      0.000
 225  230     -0.248     -0.202      0.000
 226  232     -0.234      0.426      0.000
 229  233     -0.230     -0.703      0.000
  -1   -2     -0.229      0.779      0.000
 230  234     -0.226     -0.420      0.000
  -1  236     -0.211      1.093      0.000
  -1  244     -0.197     -1.164      0.000
 231  239     -0.191      0.733      0.000
  -1  235     -0.164     -0.601      0.000
  -1  242     -0.162      0.393      0.000
 236  245     -0.146      0.068      0.000
 233   -2     -0.143      0.015      0.000
 224  269     -0.143     -1.113      0.000
 237  246     -0.138     -0.279      0.000
 239  248     -0.131     -1.050      0.000
 238  249     -0.127     -0.683      0.000
  -1  251     -0.113     -0.201      0.000
 241  252     -0.109      0.497      0.000
 242   -2     -0.104      0.392      0.000
 243   -2     -0.100      1.123      0.000
 244  253     -0.099      0.640      0.000
 246  255     -0.088     -0.097      0.000
 247  254     -0.087      1.170      0.000
  -1   -2     -0.083     -0.022      0.000
 248  256     -0.082     -1.121      0.000
  -1  257     -0.081      0.335      0.000
 250  250     -0.076     -1.169      0.000
 251  258     -0.061      0.227      0.000
 252  259     -0.060     -0.658      0.000
 253  260     -0.059     -0.177      0.000
 240  271     -0.048     -0.314      0.000
 254  263     -0.044     -0.350      0.000
 255  264     -0.043      0.358      0.000
 256  265     -0.039      0.607      0.000
  -1  266     -0.028      0.772      0.000
 258  268     -0.018     -0.018      0.000
  -1   -2     -0.016      0.127      0.000
 259   -2     -0.015     -0.446      0.000
 267  261     -0.005     -1.143      0.000
 260  270      0.003      0.115      0.000
  -1  273      0.011      0.583      0.000
 262  272      0.012      1.007      0.000
  -1   -2      0.017     -0.150      0.000
  -1   -2      0.018      0.886      0.000
 263  274      0.018      0.319      0.000
  -1   -2      0.024     -1.125      0.000
 264  275      0.033      0.377      0.000
 265   -2      0.037      0.033      0.000
 266   -2      0.042      0.592      0.000
  -1   -2      0.045     -1.133      0.000
  -1   -2      0.052     -0.946      0.000
 268  279      0.055      0.342      0.000
  -1   -2      0.060     -0.053      0.000
 269  280      0.061      0.930      0.000
 271  281      0.066     -1.108      0.000
 270  282      0.067      0.673      0.000
 272   -2      0.079     -0.949      0.000
  -1  283      0.083     -0.916      0.000
 275  287      0.100      0.146      0.000
  -1  285      0.107     -0.984      0.000
 276  289      0.108      0.462      0.000
 277  288      0.109     -1.170      0.000
 278  290      0.112      0.101      0.000
 287  277      0.115     -0.068      0.000
  -1  291      0.124      0.410      0.000
 280  293      0.134      0.876      0.000
 281  294      0.137     -0.954      0.000
 274  312      0.144     -0.617      0.000
  -1  297      0.149      1.073      0.000
 284  299      0.151     -0.505      0.000
 285  300      0.159     -0.701      0.000
  -1  301      0.161     -1.137      0.000
 288  303      0.174      0.370      0.000
 289  304      0.188     -0.719      0.000
 290  307      0.199      0.992      0.000
  -1  305      0.200     -1.172      0.000
 292  308      0.209      0.572      0.000
 293  309      0.212      0.019      0.000
 294  310      0.215     -1.038      0.000
  -1   -2      0.221     -1.000      0.000
 296   -2      0.225     -0.590      0.000
 297  313      0.227     -0.907      0.000
 298  314      0.236     -0.168      0.000
 299  315      0.246      0.993      0.000
 309  320      0.254      0.126      0.000
 301  316      0.257     -0.677      0.000
 302  317      0.258     -0.392      0.000
 308   -2      0.259     -0.924      0.000
 305  318      0.269      0.245      0.000
 307  319      0.269      1.140      0.000
 310   -2      0.293      0.599      0.000
  -1   -2      0.301      1.162      0.000
  -1  322      0.309      0.046      0.000
 312   -2      0.309     -0.345      0.000
 315  325      0.313     -1.172      0.000
 314  327      0.313     -0.214      0.000
 303   -2      0.316     -0.412      0.000
 316  328      0.319      1.045      0.000
  -1  329      0.329     -0.618      0.000
 304   -2      0.337      0.739      0.000
  -1  330      0.348      1.091      0.000
 318  331      0.351     -0.425      0.000
 319  324      0.352     -0.309      0.000
  -1  321      0.355     -1.052      0.000
 320  332      0.358      0.678      0.000
 311  333      0.364      0.049      0.000
 322  334      0.365      0.239      0.000
 323  335      0.372     -0.829      0.000
 324  337      0.374      1.149      0.000
 340   -2      0.374      0.297      0.000
 326  339      0.384     -0.429      0.000
 327  338      0.385      0.166      0.000
 328  340      0.389     -0.997      0.000
  -1   -2      0.392     -1.086      0.000
 313   -2      0.403      0.909      0.000
 330  341      0.416     -0.007      0.000
 331  342      0.419     -0.907      0.000
 332  343      0.419     -0.688      0.000
 333  345      0.424     -1.142      0.000
 334  346      0.439     -0.623      0.000
  -1   -2      0.444      0.636      0.000
  -1  347      0.445      0.577      0.000
 339  350      0.450     -0.448      0.000
 337  351      0.451      0.757      0.000
  -1  352      0.455      0.323      0.000
 342  354      0.465     -0.682      0.000
 343  355      0.468     -0.037      0.000
 344  359      0.483     -1.127      0.000
 347  358      0.484     -0.370      0.000
 348   -2      0.484     -1.149      0.000
  -1   -2      0.484      0.444      0.000
 345  357      0.485      0.923      0.000
 346  360      0.486     -0.812      0.000
 352  363      0.488     -0.646      0.000
 351  349      0.492      0.114      0.000
 350  362      0.493      0.783      0.000
 338  367      0.502     -0.974      0.000
  -1   -2      0.509      0.331      0.000
  -1  356      0.513      0.732      0.000
 354   -2      0.513      1.070      0.000
 349   -2      0.537     -0.926      0.000
  -1  366      0.538      0.864      0.000
 356  368      0.538     -0.587      0.000
 357  369      0.545     -0.046      0.000
 359  370      0.555      0.928      0.000
 361  372      0.557     -0.971      0.000
 360  371      0.558      0.517      0.000
 362  373      0.563      0.557      0.000
 363  374      0.568      1.058      0.000
 366  375      0.584      0.831      0.000
 365  376      0.586      0.332      0.000
  -1  377      0.595     -0.908      0.000
 367  378      0.595     -0.757      0.000
 370  380      0.609     -1.015      0.000
 371  382      0.610      0.501      0.000
 369  381      0.611     -0.646      0.000
 372   -2      0.613      1.064      0.000
 374   -2      0.619     -0.691      0.000
 379  383      0.621     -1.161      0.000
 375  384      0.625     -0.849      0.000
 377  385      0.635      0.874      0.000
 376  386      0.635      0.958      0.000
 378  387      0.642     -0.485      0.000
 380  405      0.661     -0.006      0.000
 381  389      0.684     -1.039      0.000
 383  390      0.690      0.264      0.000
 384  392      0.697     -0.381      0.000
 385  393      0.699     -0.869      0.000
 386  394      0.707     -0.705      0.000
 387  396      0.713      1.097      0.000
  -1  397      0.716     -1.110      0.000
  -1  398      0.718     -1.001      0.000
 388   -2      0.733     -0.891      0.000
 389  399      0.736      0.347      0.000
 390  400      0.737      0.399      0.000
 392  403      0.746      0.654      0.000
 391  404      0.748     -0.647      0.000
  -1  388      0.750     -0.471      0.000
  -1   -2      0.751     -0.075      0.000
 393  406      0.779      1.075      0.000
  -1  407      0.780      0.930      0.000
  -1  408      0.782     -0.820      0.000
 394  410      0.792     -0.040      0.000
 396  412      0.803      0.096      0.000
 395  409      0.804     -0.985      0.000
  -1  414      0.805      0.617      0.000
 398  413      0.809     -1.132      0.000
 397  415      0.816      0.912      0.000
  -1  416      0.819     -0.546      0.000
 399  418      0.834      0.169      0.000
 400  419      0.839     -0.796      0.000
  -1  420      0.845     -0.264      0.000
  -1  421      0.845     -0.153      0.000
  -1   -2      0.849      0.921      0.000
 405  423      0.849      0.527      0.000
 413  422      0.851     -1.068      0.000
 403  424      0.852      0.432      0.000
 404  425      0.853      0.306      0.000
 406  426      0.855      0.666      0.000
 407  427      0.862      0.716      0.000
 408  428      0.865      0.776      0.000
 409  430      0.869     -0.284      0.000
 410  432      0.875      1.080      0.000
 411  431      0.876     -0.455      0.000
 414  433      0.888      0.239      0.000
  -1   -2      0.891      1.133      0.000
  -1  436      0.899     -1.134      0.000
 416  435      0.900     -0.875      0.000
  -1  437      0.900      1.109      0.000
 412  439      0.901     -1.006      0.000
  -1  438      0.903     -0.543      0.000
 421  441      0.909     -0.801      0.000
 423  442      0.920      0.534      0.000
 425   -2      0.926     -0.152      0.000
 426  443      0.927     -0.251      0.000
 424   -2      0.927      0.028      0.000
 429  445      0.933      0.459      0.000
 437   -2      0.936     -1.078      0.000
 430  447      0.939     -0.865      0.000
 431  448      0.940     -0.700      0.000
 432  450      0.965     -0.735      0.000
 433  449      0.966     -0.034      0.000
 434   -2      0.974     -0.237      0.000
  -1   -2      0.975      0.295      0.000
 435  452      0.982     -1.117      0.000
 436  455      1.001     -0.587      0.000
 439  451      1.002     -0.327      0.000
 440  456      1.010     -0.002      0.000
 451  453      1.028      0.723      0.000
 441  460      1.031      0.260      0.000
 443  459      1.035      0.840      0.000
 444  461      1.046      0.103      0.000
  -1   -2      1.051      0.175      0.000
 446  462      1.054      0.975      0.000
 447  464      1.070     -1.167      0.000
 449   -2      1.077     -0.324      0.000
 448  465      1.078     -0.638      0.000
 450  466      1.108      1.032      0.000
 452  467      1.111     -0.962      0.000
 453  469      1.136     -0.537      0.000
 454  470      1.138     -0.762      0.000
  -1   -2      1.138     -1.109      0.000
 456  472      1.153      0.877      0.000
 457   -2      1.157      1.028      0.000
 458  474      1.158     -1.063      0.000
 459   -2      1.163     -0.060      0.000
  -1  473      1.171      1.105      0.000
 462  468      1.176      0.285      0.000
 455  485      1.193     -1.155      0.000
 464  479      1.197     -0.478      0.000
  -1   -2      1.206      0.021      0.000
 466  480      1.212      0.391      0.000
 467  481      1.223     -0.543      0.000
 468  482      1.225      0.991      0.000
  -1   -2      1.230      1.031      0.000
 469  484      1.249     -0.484      0.000
 470  486      1.252      0.923      0.000
  -1   -2      1.253     -1.135      0.000
  -1  493      1.254     -0.250      0.000
 471  487      1.278     -0.457      0.000
 472  488      1.287     -1.171      0.000
 473  490      1.302     -0.535      0.000
  -1   -2      1.304     -0.934      0.000
 475   -2      1.327      0.172      0.000
 476  492      1.342     -1.041      0.000
 477  494      1.364      1.076      0.000
 479   -2      1.365     -0.210      0.000
 478  495      1.366     -0.897      0.000
 481  496      1.371      0.505      0.000
 480  498      1.371     -0.309      0.000
 482  497      1.372      0.237      0.000
 483  499      1.383     -0.954      0.000
 485  501      1.390     -0.366      0.000
 484  500      1.392     -0.425      0.000
 486  503      1.397     -1.165      0.000
 487  504      1.408     -0.901      0.000
 488  502      1.410      0.569      0.000
 489  505      1.417     -0.340      0.000
 490  506      1.437      0.268      0.000
 491  507      1.441      0.797      0.000
 492  509      1.448     -1.007      0.000
 494   -2      1.450     -1.174      0.000
  -1  508      1.451      1.031      0.000
  -1  510      1.462     -1.127      0.000
 497  513      1.471     -0.701      0.000
 501  512      1.472     -0.035      0.000
 498  514      1.478     -0.172      0.000
 499  516      1.479      0.415      0.000
 502  517      1.492      0.080      0.000
  -1  519      1.517      0.680      0.000
 505  521      1.518      1.175      0.000
 506  520      1.519      0.559      0.000
 507  522      1.525      1.059      0.000
 508  524      1.532     -1.160      0.000
 509  523      1.532      0.367      0.000
  -1   -2      1.538      0.105      0.000
 511  525      1.541      0.758      0.000
 513  528      1.545     -0.870      0.000
 512  527      1.545     -0.986      0.000
 514   -2      1.551     -0.168      0.000
  -1  515      1.556     -0.300      0.000
 515  530      1.556     -0.764      0.000
 516  531      1.558      1.100      0.000
 517  532      1.567      0.437      0.000
