530
   1    -1.569    -0.160     0.000  267   -1   -1   -1
   2    -1.567     0.858     0.000   69   -1   -1   -1
   3    -1.566    -0.050     0.000  254   -1   -1   -1
   4    -1.562     0.261     0.000  203   -1   -1   -1
   5    -1.549    -0.231     0.000  285   -1   -1   -1
   6    -1.539     0.808     0.000   76   -1   -1   -1
   7    -1.513     0.221     0.000  211   -1   -1   -1
   8    -1.506     0.324     0.000  186   -1   -1   -1
   9    -1.496     0.278     0.000  199   -1   -1   -1
  10    -1.494     0.524     0.000  137   -1   -1   -1
  11    -1.488     0.654     0.000  112   -1   -1   -1
  12    -1.486    -0.731     0.000  392   -1   -1   -1
  13    -1.486    -0.288     0.000  298   -1   -1   -1
  14    -1.485    -1.168     0.000  518   -1   -1   -1
  15    -1.485     0.408     0.000  160   -1   -1   -1
  16    -1.477    -0.974     0.000  447   -1   -1   -1
  17    -1.466     1.008     0.000   38   -1   -1   -1
  18    -1.464     0.157     0.000  220   -1   -1   -1
  19    -1.452    -0.969     0.000  446   -1   -1   -1
  20    -1.447    -0.602     0.000  365   -1   -1   -1
  21    -1.439     0.483     0.000  145   -1   -1   -1
  22    -1.432    -0.293     0.000  300   -1   -1   -1
  23    -1.430    -0.341     0.000  309   -1   -1   -1
  24    -1.428     0.340     0.000  178   -1   -1   -1
  25    -1.426    -1.128     0.000  503   -1   -1   -1
  26    -1.408     0.136     0.000  223   -1   -1   -1
  27    -1.403     0.755     0.000   90   -1   -1   -1
  28    -1.392    -0.379     0.000  318   -1   -1   -1
  29    -1.391     0.284     0.000  196   -1   -1   -1
  30    -1.380     0.637     0.000  116   -1   -1   -1
  31    -1.380    -0.851     0.000  414   -1   -1   -1
  32    -1.378     0.066     0.000  232   -1   -1   -1
  33    -1.373    -0.210     0.000  280   -1   -1   -1
  34    -1.364     1.110     0.000   11   -1   -1   -1
  35    -1.361     0.604     0.000  120   -1   -1   -1
  36    -1.359    -0.890     0.000  423   -1   -1   -1
  37    -1.349    -1.032     0.000  472   -1   -1   -1
  38    -1.333     1.025     0.000   35   -1   -1   -1
  39    -1.325     0.690     0.000  105   -1   -1   -1
  40    -1.324    -1.064     0.000  479   -1   -1   -1
  41    -1.324    -0.005     0.000  242   -1   -1   -1
  42    -1.323     0.921     0.000   53   -1   -1   -1
  43    -1.322    -1.131     0.000  504   -1   -1   -1
  44    -1.310     0.168     0.000  216   -1   -1   -1
  45    -1.305    -0.969     0.000  445   -1   -1   -1
  46    -1.297    -0.825     0.000  409   -1   -1   -1
  47    -1.291    -1.170     0.000  519   -1   -1   -1
  48    -1.291    -0.331     0.000  306   -1   -1   -1
  49    -1.287     0.756     0.000   89   -1   -1   -1
  50    -1.285     0.550     0.000  131   -1   -1   -1
  51    -1.273    -0.983     0.000  451   -1   -1   -1
  52    -1.269    -0.430     0.000  324   -1   -1   -1
  53    -1.261    -0.624     0.000  371   -1   -1   -1
  54    -1.260     0.388     0.000  168   -1   -1   -1
  55    -1.247    -0.522     0.000  350   -1   -1   -1
  56    -1.242     0.991     0.000   42   -1   -1   -1
  57    -1.236     0.506     0.000  142   -1   -1   -1
  58    -1.234    -0.829     0.000  411   -1   -1   -1
  59    -1.203     0.825     0.000   72   -1   -1   -1
  60    -1.202    -1.121     0.000  499   -1   -1   -1
  61    -1.200    -0.122     0.000  261   -1   -1   -1
  62    -1.198    -0.639     0.000  374   -1   -1   -1
  63    -1.185    -1.082     0.000  489   -1   -1   -1
  64    -1.176    -1.174     0.000  527   -1   -1   -1
  65    -1.173     0.721     0.000   99   -1   -1   -1
  66    -1.168    -0.864     0.000  417   -1   -1   -1
  67    -1.165    -0.828     0.000  410   -1   -1   -1
  68    -1.163     1.033     0.000   31   -1   -1   -1
  69    -1.155     0.630     0.000  117   -1   -1   -1
  70    -1.150    -0.557     0.000  356   -1   -1   -1
  71    -1.143    -0.998     0.000  457   -1   -1   -1
  72    -1.142    -1.103     0.000  494   -1   -1   -1
  73    -1.131    -0.347     0.000  310   -1   -1   -1
  74    -1.124     0.399     0.000  162   -1   -1   -1
  75    -1.116     1.037     0.000   30   -1   -1   -1
  76    -1.107    -1.057     0.000  477   -1   -1   -1
  77    -1.107    -1.019     0.000  466   -1   -1   -1
  78    -1.104     0.648     0.000  113   -1   -1   -1
  79    -1.087    -0.104     0.000  259   -1   -1   -1
  80    -1.085    -0.370     0.000  314   -1   -1   -1
  81    -1.063    -0.282     0.000  295   -1   -1   -1
  82    -1.057     0.395     0.000  164   -1   -1   -1
  83    -1.056     0.800     0.000   80   -1   -1   -1
  84    -1.048    -1.171     0.000  521   -1   -1   -1
  85    -1.037     0.476     0.000  148   -1   -1   -1
  86    -1.033    -1.055     0.000  476   -1   -1   -1
  87    -1.029     1.097     0.000   14   -1   -1   -1
  88    -1.021    -0.160     0.000  268   -1   -1   -1
  89    -1.018    -0.859     0.000  415   -1   -1   -1
  90    -1.013     0.577     0.000  123   -1   -1   -1
  91    -1.008     0.388     0.000  167   -1   -1   -1
  92    -1.006     0.192     0.000  213   -1   -1   -1
  93    -1.003    -0.774     0.000  399   -1   -1   -1
  94    -0.995     1.024     0.000   36   -1   -1   -1
  95    -0.994    -0.220     0.000  283   -1   -1   -1
  96    -0.992     0.909     0.000   58   -1   -1   -1
  97    -0.991    -0.431     0.000  326   -1   -1   -1
  98    -0.988    -0.180     0.000  271   -1   -1   -1
  99    -0.984    -0.937     0.000  435   -1   -1   -1
 100    -0.974    -1.111     0.000  495   -1   -1   -1
 101    -0.970     1.055     0.000   27   -1   -1   -1
 102    -0.968     0.337     0.000  180   -1   -1   -1
 103    -0.963     0.621     0.000  119   -1   -1   -1
 104    -0.960     0.437     0.000  155   -1   -1   -1
 105    -0.955    -1.009     0.000  462   -1   -1   -1
 106    -0.952     0.777     0.000   82   -1   -1   -1
 107    -0.941    -0.936     0.000  434   -1   -1   -1
 108    -0.910    -0.766     0.000  396   -1   -1   -1
 109    -0.910     1.083     0.000   16   -1   -1   -1
 110    -0.908     0.570     0.000  126   -1   -1   -1
 111    -0.902     0.306     0.000  193   -1   -1   -1
 112    -0.866     0.690     0.000  104   -1   -1   -1
 113    -0.862    -0.741     0.000  393   -1   -1   -1
 114    -0.854    -0.998     0.000  456   -1   -1   -1
 115    -0.854    -0.613     0.000  369   -1   -1   -1
 116    -0.845    -0.693     0.000  387   -1   -1   -1
 117    -0.837    -0.442     0.000  332   -1   -1   -1
 118    -0.836    -0.136     0.000  263   -1   -1   -1
 119    -0.827    -0.214     0.000  281   -1   -1   -1
 120    -0.822     1.089     0.000   15   -1   -1   -1
 121    -0.817     0.330     0.000  182   -1   -1   -1
 122    -0.816     0.735     0.000   94   -1   -1   -1
 123    -0.816    -1.165     0.000  512   -1   -1   -1
 124    -0.811    -0.049     0.000  253   -1   -1   -1
 125    -0.808    -0.011     0.000  245   -1   -1   -1
 126    -0.800     0.445     0.000  152   -1   -1   -1
 127    -0.789     0.814     0.000   75   -1   -1   -1
 128    -0.787     0.992     0.000   41   -1   -1   -1
 129    -0.786     0.257     0.000  205   -1   -1   -1
 130    -0.785    -1.027     0.000  468   -1   -1   -1
 131    -0.784    -0.799     0.000  405   -1   -1   -1
 132    -0.778    -0.753     0.000  395   -1   -1   -1
 133    -0.778     0.396     0.000  163   -1   -1   -1
 134    -0.776     0.313     0.000  191   -1   -1   -1
 135    -0.775    -0.031     0.000  247   -1   -1   -1
 136    -0.773     0.887     0.000   62   -1   -1   -1
 137    -0.770    -1.073     0.000  484   -1   -1   -1
 138    -0.750    -0.925     0.000  432   -1   -1   -1
 139    -0.749    -0.058     0.000  256   -1   -1   -1
 140    -0.747    -0.448     0.000  334   -1   -1   -1
 141    -0.746     0.383     0.000  171   -1   -1   -1
 142    -0.739    -0.964     0.000  440   -1   -1   -1
 143    -0.736    -1.010     0.000  463   -1   -1   -1
 144    -0.735     0.035     0.000  237   -1   -1   -1
 145    -0.725     0.981     0.000   44   -1   -1   -1
 146    -0.704     1.111     0.000    9   -1   -1   -1
 147    -0.704     0.139     0.000  222   -1   -1   -1
 148    -0.702    -0.153     0.000  264   -1   -1   -1
 149    -0.695    -0.995     0.000  455   -1   -1   -1
 150    -0.685     0.876     0.000   66   -1   -1   -1
 151    -0.683     1.064     0.000   25   -1   -1   -1
 152    -0.679    -0.557     0.000  357   -1   -1   -1
 153    -0.678     1.008     0.000   37   -1   -1   -1
 154    -0.678    -0.689     0.000  385   -1   -1   -1
 155    -0.672     0.733     0.000   96   -1   -1   -1
 156    -0.670    -0.105     0.000  260   -1   -1   -1
 157    -0.664    -1.162     0.000  509   -1   -1   -1
 158    -0.662    -0.658     0.000  377   -1   -1   -1
 159    -0.654    -0.223     0.000  284   -1   -1   -1
 160    -0.646    -1.076     0.000  486   -1   -1   -1
 161    -0.644     1.147     0.000    4   -1   -1   -1
 162    -0.643    -0.569     0.000  359   -1   -1   -1
 163    -0.628    -1.005     0.000  461   -1   -1   -1
 164    -0.627    -1.117     0.000  496   -1   -1   -1
 165    -0.617    -0.768     0.000  397   -1   -1   -1
 166    -0.617     1.073     0.000   20   -1   -1   -1
 167    -0.616    -0.310     0.000  302   -1   -1   -1
 168    -0.600     0.892     0.000   61   -1   -1   -1
 169    -0.593    -0.433     0.000  327   -1   -1   -1
 170    -0.586    -0.514     0.000  346   -1   -1   -1
 171    -0.582    -0.283     0.000  296   -1   -1   -1
 172    -0.578    -0.776     0.000  400   -1   -1   -1
 173    -0.568     0.410     0.000  159   -1   -1   -1
 174    -0.564    -1.099     0.000  492   -1   -1   -1
 175    -0.561     0.042     0.000  235   -1   -1   -1
 176    -0.557    -0.981     0.000  449   -1   -1   -1
 177    -0.554     1.056     0.000   26   -1   -1   -1
 178    -0.547     0.349     0.000  176   -1   -1   -1
 179    -0.541     1.149     0.000    3   -1   -1   -1
 180    -0.539    -1.174     0.000  525   -1   -1   -1
 181    -0.533    -0.518     0.000  347   -1   -1   -1
 182    -0.525     0.268     0.000  201   -1   -1   -1
 183    -0.524    -0.239     0.000  288   -1   -1   -1
 184    -0.522     0.546     0.000  133   -1   -1   -1
 185    -0.518     0.483     0.000  146   -1   -1   -1
 186    -0.517     0.679     0.000  108   -1   -1   -1
 187    -0.492    -1.171     0.000  522   -1   -1   -1
 188    -0.480     0.978     0.000   45   -1   -1   -1
 189    -0.479     0.078     0.000  230   -1   -1   -1
 190    -0.476     0.187     0.000  214   -1   -1   -1
 191    -0.470    -0.683     0.000  384   -1   -1   -1
 192    -0.458    -0.051     0.000  255   -1   -1   -1
 193    -0.441    -1.139     0.000  506   -1   -1   -1
 194    -0.440    -0.133     0.000  262   -1   -1   -1
 195    -0.438    -0.955     0.000  439   -1   -1   -1
 196    -0.434    -0.292     0.000  299   -1   -1   -1
 197    -0.434    -1.059     0.000  478   -1   -1   -1
 198    -0.433    -1.175     0.000  529   -1   -1   -1
 199    -0.421    -0.845     0.000  413   -1   -1   -1
 200    -0.417     0.450     0.000  151   -1   -1   -1
 201    -0.397     0.757     0.000   88   -1   -1   -1
 202    -0.395    -0.204     0.000  279   -1   -1   -1
 203    -0.391    -0.520     0.000  348   -1   -1   -1
 204    -0.389     0.639     0.000  115   -1   -1   -1
 205    -0.386    -0.613     0.000  368   -1   -1   -1
 206    -0.383     0.520     0.000  138   -1   -1   -1
 207    -0.379     0.324     0.000  185   -1   -1   -1
 208    -0.377    -0.967     0.000  443   -1   -1   -1
 209    -0.371    -0.188     0.000  274   -1   -1   -1
 210    -0.370    -0.675     0.000  380   -1   -1   -1
 211    -0.367     1.071     0.000   22   -1   -1   -1
 212    -0.363     0.735     0.000   95   -1   -1   -1
 213    -0.358    -0.296     0.000  301   -1   -1   -1
 214    -0.351     0.918     0.000   55   -1   -1   -1
 215    -0.351     0.997     0.000   39   -1   -1   -1
 216    -0.349    -0.259     0.000  291   -1   -1   -1
 217    -0.338     0.883     0.000   63   -1   -1   -1
 218    -0.337    -0.678     0.000  381   -1   -1   -1
 219    -0.308    -0.584     0.000  363   -1   -1   -1
 220    -0.302    -0.939     0.000  436   -1   -1   -1
 221    -0.292     0.806     0.000   79   -1   -1   -1
 222    -0.290    -0.992     0.000  453   -1   -1   -1
 223    -0.285     0.310     0.000  192   -1   -1   -1
 224    -0.269    -0.480     0.000  341   -1   -1   -1
 225    -0.268     0.283     0.000  197   -1   -1   -1
 226    -0.267    -1.166     0.000  516   -1   -1   -1
 227    -0.266    -1.080     0.000  487   -1   -1   -1
 228    -0.247     0.795     0.000   81   -1   -1   -1
 229    -0.244     0.419     0.000  158   -1   -1   -1
 230    -0.235    -0.689     0.000  386   -1   -1   -1
 231    -0.235    -0.409     0.000  321   -1   -1   -1
 232    -0.234     0.762     0.000   86   -1   -1   -1
 233    -0.226    -1.093     0.000  491   -1   -1   -1
 234    -0.215     0.123     0.000  224   -1   -1   -1
 235    -0.214    -1.003     0.000  459   -1   -1   -1
 236    -0.205     0.338     0.000  179   -1   -1   -1
 237    -0.197     0.718     0.000  100   -1   -1   -1
 238    -0.192    -0.818     0.000  407   -1   -1   -1
 239    -0.189    -1.069     0.000  481   -1   -1   -1
 240    -0.183     1.102     0.000   12   -1   -1   -1
 241    -0.180    -0.235     0.000  286   -1   -1   -1
 242    -0.178     0.386     0.000  169   -1   -1   -1
 243    -0.152    -0.784     0.000  402   -1   -1   -1
 244    -0.147    -0.270     0.000  294   -1   -1   -1
 245    -0.145    -0.613     0.000  370   -1   -1   -1
 246    -0.144    -1.123     0.000  502   -1   -1   -1
 247    -0.137    -0.663     0.000  378   -1   -1   -1
 248    -0.131    -1.033     0.000  473   -1   -1   -1
 249    -0.120    -0.195     0.000  275   -1   -1   -1
 250    -0.115     0.488     0.000  144   -1   -1   -1
 251    -0.112     0.384     0.000  170   -1   -1   -1
 252    -0.103     0.628     0.000  118   -1   -1   -1
 253    -0.096    -0.088     0.000  258   -1   -1   -1
 254    -0.095     1.110     0.000   10   -1   -1   -1
 255    -0.088     0.330     0.000  183   -1   -1   -1
 256    -0.086     1.152     0.000    2   -1   -1   -1
 257    -0.080    -1.101     0.000  493   -1   -1   -1
 258    -0.072    -1.164     0.000  511   -1   -1   -1
 259    -0.068     0.702     0.000  103   -1   -1   -1
 260    -0.066     0.226     0.000  210   -1   -1   -1
 261    -0.065    -0.175     0.000  270   -1   -1   -1
 262    -0.064    -0.639     0.000  373   -1   -1   -1
 263    -0.058    -0.521     0.000  349   -1   -1   -1
 264    -0.050    -0.339     0.000  308   -1   -1   -1
 265    -0.049     0.351     0.000  175   -1   -1   -1
 266    -0.045     0.593     0.000  121   -1   -1   -1
 267    -0.027    -0.013     0.000  246   -1   -1   -1
 268    -0.015    -0.431     0.000  325   -1   -1   -1
 269     0.008     0.572     0.000  125   -1   -1   -1
 270     0.012     0.987     0.000   43   -1   -1   -1
 271     0.013     0.313     0.000  190   -1   -1   -1
 272     0.019     0.867     0.000   67   -1   -1   -1
 273     0.028     0.370     0.000  172   -1   -1   -1
 274     0.030    -1.121     0.000  500   -1   -1   -1
 275     0.031     0.041     0.000  236   -1   -1   -1
 276     0.040     0.580     0.000  122   -1   -1   -1
 277     0.046    -0.919     0.000  431   -1   -1   -1
 278     0.052     0.334     0.000  181   -1   -1   -1
 279     0.061     0.911     0.000   57   -1   -1   -1
 280     0.065    -1.089     0.000  490   -1   -1   -1
 281     0.066     0.659     0.000  110   -1   -1   -1
 282     0.077    -0.978     0.000  448   -1   -1   -1
 283     0.078    -0.930     0.000  433   -1   -1   -1
 284     0.097     0.146     0.000  221   -1   -1   -1
 285     0.106     0.454     0.000  150   -1   -1   -1
 286     0.107    -1.165     0.000  513   -1   -1   -1
 287     0.109     0.101     0.000  227   -1   -1   -1
 288     0.122     0.403     0.000  161   -1   -1   -1
 289     0.125     0.974     0.000   46   -1   -1   -1
 290     0.132     0.760     0.000   87   -1   -1   -1
 291     0.133     0.881     0.000   64   -1   -1   -1
 292     0.136     0.846     0.000   70   -1   -1   -1
 293     0.137    -0.950     0.000  438   -1   -1   -1
 294     0.148    -0.490     0.000  343   -1   -1   -1
 295     0.149     0.026     0.000  239   -1   -1   -1
 296     0.150     1.052     0.000   28   -1   -1   -1
 297     0.152    -0.606     0.000  366   -1   -1   -1
 298     0.158    -0.681     0.000  382   -1   -1   -1
 299     0.166    -0.268     0.000  293   -1   -1   -1
 300     0.175     0.364     0.000  174   -1   -1   -1
 301     0.188    -0.704     0.000  390   -1   -1   -1
 302     0.193     0.738     0.000   93   -1   -1   -1
 303     0.199    -0.465     0.000  338   -1   -1   -1
 304     0.200     1.080     0.000   19   -1   -1   -1
 305     0.202     0.972     0.000   48   -1   -1   -1
 306     0.205    -1.171     0.000  523   -1   -1   -1
 307     0.210     0.561     0.000  129   -1   -1   -1
 308     0.210    -1.015     0.000  464   -1   -1   -1
 309     0.213     0.021     0.000  240   -1   -1   -1
 310     0.225    -0.574     0.000  360   -1   -1   -1
 311     0.226    -0.890     0.000  424   -1   -1   -1
 312     0.236    -0.160     0.000  266   -1   -1   -1
 313     0.248     0.972     0.000   47   -1   -1   -1
 314     0.251    -1.018     0.000  465   -1   -1   -1
 315     0.258    -0.380     0.000  319   -1   -1   -1
 316     0.258    -0.906     0.000  426   -1   -1   -1
 317     0.268     0.727     0.000   98   -1   -1   -1
 318     0.270     1.119     0.000    7   -1   -1   -1
 319     0.271     0.241     0.000  207   -1   -1   -1
 320     0.274    -0.238     0.000  287   -1   -1   -1
 321     0.283     0.161     0.000  219   -1   -1   -1
 322     0.300     1.143     0.000    5   -1   -1   -1
 323     0.302    -1.019     0.000  467   -1   -1   -1
 324     0.309    -0.336     0.000  307   -1   -1   -1
 325     0.313     0.048     0.000  234   -1   -1   -1
 326     0.314    -0.378     0.000  317   -1   -1   -1
 327     0.315    -0.204     0.000  278   -1   -1   -1
 328     0.318    -0.405     0.000  320   -1   -1   -1
 329     0.321    -1.170     0.000  520   -1   -1   -1
 330     0.322     1.026     0.000   34   -1   -1   -1
 331     0.350     1.072     0.000   21   -1   -1   -1
 332     0.353    -0.414     0.000  322   -1   -1   -1
 333     0.368     0.050     0.000  233   -1   -1   -1
 334     0.373    -0.815     0.000  406   -1   -1   -1
 335     0.374     1.131     0.000    6   -1   -1   -1
 336     0.378     0.292     0.000  195   -1   -1   -1
 337     0.387    -0.981     0.000  450   -1   -1   -1
 338     0.387    -0.416     0.000  323   -1   -1   -1
 339     0.390     0.164     0.000  218   -1   -1   -1
 340     0.395    -0.469     0.000  340   -1   -1   -1
 341     0.396     0.545     0.000  135   -1   -1   -1
 342     0.419    -0.894     0.000  425   -1   -1   -1
 343     0.421    -0.006     0.000  244   -1   -1   -1
 344     0.422    -1.123     0.000  501   -1   -1   -1
 345     0.423    -0.675     0.000  379   -1   -1   -1
 346     0.426    -1.030     0.000  470   -1   -1   -1
 347     0.442    -0.611     0.000  367   -1   -1   -1
 348     0.450     0.318     0.000  189   -1   -1   -1
 349     0.455    -0.437     0.000  328   -1   -1   -1
 350     0.456     0.748     0.000   91   -1   -1   -1
 351     0.459    -1.174     0.000  526   -1   -1   -1
 352     0.473     0.686     0.000  107   -1   -1   -1
 353     0.475    -0.034     0.000  248   -1   -1   -1
 354     0.482    -1.117     0.000  497   -1   -1   -1
 355     0.485     0.319     0.000  188   -1   -1   -1
 356     0.488    -0.799     0.000  404   -1   -1   -1
 357     0.490     0.908     0.000   59   -1   -1   -1
 358     0.492    -0.908     0.000  427   -1   -1   -1
 359     0.495    -0.363     0.000  313   -1   -1   -1
 360     0.496     0.441     0.000  154   -1   -1   -1
 361     0.497    -0.630     0.000  372   -1   -1   -1
 362     0.497     0.769     0.000   83   -1   -1   -1
 363     0.504    -0.965     0.000  441   -1   -1   -1
 364     0.509    -1.168     0.000  517   -1   -1   -1
 365     0.516     0.327     0.000  184   -1   -1   -1
 366     0.525     0.822     0.000   73   -1   -1   -1
 367     0.538    -0.915     0.000  429   -1   -1   -1
 368     0.541    -0.579     0.000  361   -1   -1   -1
 369     0.554    -0.046     0.000  252   -1   -1   -1
 370     0.559    -0.438     0.000  329   -1   -1   -1
 371     0.562     0.912     0.000   56   -1   -1   -1
 372     0.567     0.507     0.000  141   -1   -1   -1
 373     0.572     0.546     0.000  134   -1   -1   -1
 374     0.572     1.042     0.000   29   -1   -1   -1
 375     0.578     0.320     0.000  187   -1   -1   -1
 376     0.591     0.818     0.000   74   -1   -1   -1
 377     0.598    -0.747     0.000  394   -1   -1   -1
 378     0.603    -0.994     0.000  454   -1   -1   -1
 379     0.618     0.557     0.000  130   -1   -1   -1
 380     0.622     0.492     0.000  143   -1   -1   -1
 381     0.622    -0.682     0.000  383   -1   -1   -1
 382     0.622    -0.160     0.000  269   -1   -1   -1
 383     0.626    -0.841     0.000  412   -1   -1   -1
 384     0.637    -1.155     0.000  508   -1   -1   -1
 385     0.641     0.942     0.000   51   -1   -1   -1
 386     0.643     0.858     0.000   68   -1   -1   -1
 387     0.645    -0.458     0.000  336   -1   -1   -1
 388     0.650    -0.187     0.000  273   -1   -1   -1
 389     0.651    -0.495     0.000  345   -1   -1   -1
 390     0.682    -1.032     0.000  471   -1   -1   -1
 391     0.697    -0.448     0.000  333   -1   -1   -1
 392     0.701     0.255     0.000  206   -1   -1   -1
 393     0.701    -0.861     0.000  416   -1   -1   -1
 394     0.704    -0.377     0.000  315   -1   -1   -1
 395     0.710    -0.699     0.000  388   -1   -1   -1
 396     0.718     1.083     0.000   17   -1   -1   -1
 397     0.723     1.172     0.000    1   -1   -1   -1
 398     0.735    -0.887     0.000  421   -1   -1   -1
 399     0.738    -1.076     0.000  485   -1   -1   -1
 400     0.747     0.393     0.000  165   -1   -1   -1
 401     0.748     0.341     0.000  177   -1   -1   -1
 402     0.751    -0.463     0.000  337   -1   -1   -1
 403     0.752    -0.642     0.000  375   -1   -1   -1
 404     0.758     0.644     0.000  114   -1   -1   -1
 405     0.761    -0.075     0.000  257   -1   -1   -1
 406     0.766    -0.202     0.000  276   -1   -1   -1
 407     0.781    -1.028     0.000  469   -1   -1   -1
 408     0.788     0.919     0.000   54   -1   -1   -1
 409     0.797    -0.984     0.000  452   -1   -1   -1
 410     0.804    -0.037     0.000  250   -1   -1   -1
 411     0.817     0.095     0.000  228   -1   -1   -1
 412     0.823     0.901     0.000   60   -1   -1   -1
 413     0.824    -0.544     0.000  353   -1   -1   -1
 414     0.825    -1.136     0.000  505   -1   -1   -1
 415     0.825    -0.875     0.000  420   -1   -1   -1
 416     0.842    -0.795     0.000  403   -1   -1   -1
 417     0.847    -0.204     0.000  277   -1   -1   -1
 418     0.848     0.165     0.000  217   -1   -1   -1
 419     0.850    -1.067     0.000  480   -1   -1   -1
 420     0.856    -0.264     0.000  292   -1   -1   -1
 421     0.864     0.519     0.000  139   -1   -1   -1
 422     0.866     0.427     0.000  156   -1   -1   -1
 423     0.868     0.657     0.000  111   -1   -1   -1
 424     0.873     0.707     0.000  102   -1   -1   -1
 425     0.874     0.768     0.000   84   -1   -1   -1
 426     0.876     0.481     0.000  147   -1   -1   -1
 427     0.878     1.070     0.000   23   -1   -1   -1
 428     0.882    -0.455     0.000  335   -1   -1   -1
 429     0.899    -0.874     0.000  419   -1   -1   -1
 430     0.901     0.235     0.000  209   -1   -1   -1
 431     0.902     1.102     0.000   13   -1   -1   -1
 432     0.908    -0.543     0.000  351   -1   -1   -1
 433     0.916     0.807     0.000   77   -1   -1   -1
 434     0.916     1.175     0.000    0   -1   -1   -1
 435     0.917    -0.324     0.000  304   -1   -1   -1
 436     0.930    -1.002     0.000  458   -1   -1   -1
 437     0.933     0.027     0.000  238   -1   -1   -1
 438     0.934    -1.081     0.000  488   -1   -1   -1
 439     0.935     0.528     0.000  136   -1   -1   -1
 440     0.937    -0.251     0.000  290   -1   -1   -1
 441     0.937    -0.153     0.000  265   -1   -1   -1
 442     0.940     0.743     0.000   92   -1   -1   -1
 443     0.942    -0.867     0.000  418   -1   -1   -1
 444     0.942    -0.699     0.000  389   -1   -1   -1
 445     0.948     0.455     0.000  149   -1   -1   -1
 446     0.978    -0.287     0.000  297   -1   -1   -1
 447     0.979    -1.118     0.000  498   -1   -1   -1
 448     0.980    -0.035     0.000  249   -1   -1   -1
 449     0.985    -0.240     0.000  289   -1   -1   -1
 450     0.993     0.763     0.000   85   -1   -1   -1
 451     0.997     0.709     0.000  101   -1   -1   -1
 452     1.003    -0.822     0.000  408   -1   -1   -1
 453     1.003     0.669     0.000  109   -1   -1   -1
 454     1.006    -0.590     0.000  364   -1   -1   -1
 455     1.014    -0.329     0.000  305   -1   -1   -1
 456     1.020     0.294     0.000  194   -1   -1   -1
 457     1.024    -0.006     0.000  243   -1   -1   -1
 458     1.037     0.258     0.000  204   -1   -1   -1
 459     1.045     0.837     0.000   71   -1   -1   -1
 460     1.059     0.199     0.000  212   -1   -1   -1
 461     1.060     0.970     0.000   49   -1   -1   -1
 462     1.062     0.102     0.000  226   -1   -1   -1
 463     1.066    -1.172     0.000  524   -1   -1   -1
 464     1.084    -0.644     0.000  376   -1   -1   -1
 465     1.087     0.081     0.000  229   -1   -1   -1
 466     1.101    -0.561     0.000  358   -1   -1   -1
 467     1.110     1.029     0.000   32   -1   -1   -1
 468     1.112    -0.967     0.000  442   -1   -1   -1
 469     1.136    -1.175     0.000  528   -1   -1   -1
 470     1.137    -0.770     0.000  398   -1   -1   -1
 471     1.140    -0.543     0.000  352   -1   -1   -1
 472     1.149     0.265     0.000  202   -1   -1   -1
 473     1.156    -1.071     0.000  482   -1   -1   -1
 474     1.157     1.026     0.000   33   -1   -1   -1
 475     1.160     0.878     0.000   65   -1   -1   -1
 476     1.169     0.960     0.000   50   -1   -1   -1
 477     1.183     0.549     0.000  132   -1   -1   -1
 478     1.190     0.282     0.000  198   -1   -1   -1
 479     1.191    -1.166     0.000  515   -1   -1   -1
 480     1.193    -0.361     0.000  312   -1   -1   -1
 481     1.204    -0.486     0.000  342   -1   -1   -1
 482     1.214     0.561     0.000  128   -1   -1   -1
 483     1.229     0.392     0.000  166   -1   -1   -1
 484     1.229    -0.553     0.000  355   -1   -1   -1
 485     1.231     0.992     0.000   40   -1   -1   -1
 486     1.253    -1.148     0.000  507   -1   -1   -1
 487     1.255    -0.492     0.000  344   -1   -1   -1
 488     1.262     0.922     0.000   52   -1   -1   -1
 489     1.285    -0.467     0.000  339   -1   -1   -1
 490     1.304    -0.947     0.000  437   -1   -1   -1
 491     1.306    -0.547     0.000  354   -1   -1   -1
 492     1.306     0.729     0.000   97   -1   -1   -1
 493     1.323    -0.439     0.000  330   -1   -1   -1
 494     1.338     0.176     0.000  215   -1   -1   -1
 495     1.344    -1.054     0.000  475   -1   -1   -1
 496     1.367    -0.910     0.000  428   -1   -1   -1
 497     1.370     1.081     0.000   18   -1   -1   -1
 498     1.373    -0.219     0.000  282   -1   -1   -1
 499     1.376     0.008     0.000  241   -1   -1   -1
 500     1.378    -0.321     0.000  303   -1   -1   -1
 501     1.378    -1.165     0.000  514   -1   -1   -1
 502     1.383     0.238     0.000  208   -1   -1   -1
 503     1.383     0.510     0.000  140   -1   -1   -1
 504     1.384    -0.968     0.000  444   -1   -1   -1
 505     1.394    -0.440     0.000  331   -1   -1   -1
 506     1.397    -0.377     0.000  316   -1   -1   -1
 507     1.410    -0.918     0.000  430   -1   -1   -1
 508     1.420     0.576     0.000  124   -1   -1   -1
 509     1.425    -0.347     0.000  311   -1   -1   -1
 510     1.447     0.268     0.000  200   -1   -1   -1
 511     1.449    -1.071     0.000  483   -1   -1   -1
 512     1.451     0.806     0.000   78   -1   -1   -1
 513     1.473    -0.717     0.000  391   -1   -1   -1
 514     1.477    -0.038     0.000  251   -1   -1   -1
 515     1.483    -0.183     0.000  272   -1   -1   -1
 516     1.490     0.419     0.000  157   -1   -1   -1
 517     1.501     0.076     0.000  231   -1   -1   -1
 518     1.504    -1.041     0.000  474   -1   -1   -1
 519     1.526     0.688     0.000  106   -1   -1   -1
 520     1.527     1.067     0.000   24   -1   -1   -1
 521     1.529     0.567     0.000  127   -1   -1   -1
 522     1.534    -1.164     0.000  510   -1   -1   -1
 523     1.539    -0.583     0.000  362   -1   -1   -1
 524     1.542     0.370     0.000  173   -1   -1   -1
 525     1.545     0.105     0.000  225   -1   -1   -1
 526     1.545    -0.888     0.000  422   -1   -1   -1
 527     1.547    -1.003     0.000  460   -1   -1   -1
 528     1.558    -0.782     0.000  401   -1   -1   -1
 529     1.563     1.113     0.000    8   -1   -1   -1
 530     1.568     0.441     0.000  153   -1   -1   -1
